episode_reward_max,episode_reward_min,episode_reward_mean,episode_len_mean,episodes_this_iter,timesteps_this_iter,done,timesteps_total,episodes_total,training_iteration,experiment_id,date,timestamp,time_this_iter_s,time_total_s,pid,hostname,node_ip,time_since_restore,timesteps_since_restore,iterations_since_restore,num_healthy_workers,trial_id,custom_metrics/success_rate_mean,custom_metrics/success_rate_min,custom_metrics/success_rate_max,sampler_perf/mean_env_wait_ms,sampler_perf/mean_processing_ms,sampler_perf/mean_inference_ms,info/num_steps_trained,info/num_steps_sampled,info/sample_time_ms,info/load_time_ms,info/grad_time_ms,info/update_time_ms,info/learner/default_policy/cur_kl_coeff,info/learner/default_policy/cur_lr,info/learner/default_policy/total_loss,info/learner/default_policy/policy_loss,info/learner/default_policy/vf_loss,info/learner/default_policy/vf_explained_var,info/learner/default_policy/kl,info/learner/default_policy/entropy,info/learner/default_policy/entropy_coeff
-24.658150131058033,-61.67673972898617,-48.37309938553936,100.0,56,5600,False,5600,56,1,ae3b9b3532214bc3bad13e7ea9518ddf,2020-03-20_21-17-50,1584739070,19.415191888809204,19.415191888809204,23993,eclipse,137.195.211.213,19.415191888809204,5600,1,28,2ed37c9e,0.0,0.0,0.0,8.846606823596534,0.8192545738979359,1.3754799506642248,5504,5600,10577.746,86.115,7849.263,707.415,0.20000000298023224,4.999999873689376e-05,150.5603790283203,-0.021093782037496567,150.57882690429688,0.01230651419609785,0.013207674026489258,5.671963691711426,0.0
-24.658150131058033,-254.64223284466732,-50.35349955591941,100.0,56,5600,False,11200,112,2,ae3b9b3532214bc3bad13e7ea9518ddf,2020-03-20_21-18-00,1584739080,10.153093338012695,29.5682852268219,23993,eclipse,137.195.211.213,29.5682852268219,11200,2,28,2ed37c9e,0.0,0.0,0.0,9.198130312821517,0.8591045587125339,1.3996184208104951,11008,11200,6613.481,45.6,7623.682,363.354,0.20000000298023224,4.999999873689376e-05,371.5732116699219,-0.023005744442343712,371.5925598144531,0.06176923215389252,0.01797930710017681,5.6506242752075195,0.0
-34.9491636882523,-64.94021761105608,-48.683411610883276,100.0,56,5600,False,16800,168,3,ae3b9b3532214bc3bad13e7ea9518ddf,2020-03-20_21-18-10,1584739090,9.847397804260254,39.41568303108215,23993,eclipse,137.195.211.213,39.41568303108215,16800,3,28,2ed37c9e,0.0,0.0,0.0,9.639005915969172,0.9198305686489345,1.438173117859966,16512,16800,5299.662,33.042,7444.34,246.885,0.20000000298023224,4.999999873689376e-05,45.84698486328125,-0.019864043220877647,45.86435317993164,0.45355451107025146,0.012480353005230427,5.657475471496582,0.0
-34.9491636882523,-69.64423289822265,-48.61104019748618,100.0,56,5600,False,22400,224,4,ae3b9b3532214bc3bad13e7ea9518ddf,2020-03-20_21-18-20,1584739100,9.860548496246338,49.27623152732849,23993,eclipse,137.195.211.213,49.27623152732849,22400,4,28,2ed37c9e,0.0,0.0,0.0,9.834613546039966,0.9460512211244427,1.4613359727910433,22016,22400,4660.036,26.609,7333.083,190.669,0.20000000298023224,4.999999873689376e-05,37.822425842285156,-0.02665090002119541,37.846168518066406,0.5559408068656921,0.014560523442924023,5.620255470275879,0.0
-34.85467894925803,-69.64423289822265,-48.816619884958925,100.0,56,5600,False,28000,280,5,ae3b9b3532214bc3bad13e7ea9518ddf,2020-03-20_21-18-30,1584739110,10.333268404006958,59.60949993133545,23993,eclipse,137.195.211.213,59.60949993133545,28000,5,28,2ed37c9e,0.0,0.0,0.0,10.074581610030101,0.9670013917958997,1.5041086981233118,27520,28000,4375.929,23.232,7259.92,156.45,0.20000000298023224,4.999999873689376e-05,35.430118560791016,-0.02170386351644993,35.449466705322266,0.5669358968734741,0.011758383363485336,5.603487968444824,0.0
-34.85467894925803,-63.7799710360555,-47.52528290233948,100.0,56,5600,False,33600,336,6,ae3b9b3532214bc3bad13e7ea9518ddf,2020-03-20_21-18-41,1584739121,10.39836311340332,70.00786304473877,23993,eclipse,137.195.211.213,70.00786304473877,33600,6,28,2ed37c9e,0.0,0.0,0.0,10.280364816980248,0.9841242627092592,1.548547778453206,33024,33600,4148.72,20.439,7266.256,134.393,0.20000000298023224,4.999999873689376e-05,28.530359268188477,-0.022916465997695923,28.550500869750977,0.6338476538658142,0.013888095505535603,5.580209255218506,0.0
-37.271776060563525,-63.7799710360555,-46.49613597959883,100.0,56,5600,False,39200,392,7,ae3b9b3532214bc3bad13e7ea9518ddf,2020-03-20_21-18-51,1584739131,9.98984980583191,79.99771285057068,23993,eclipse,137.195.211.213,79.99771285057068,39200,7,28,2ed37c9e,0.0,0.0,0.0,10.322622196612345,0.9901824965842557,1.556382752756775,38528,39200,3928.866,18.321,7268.039,118.253,0.20000000298023224,4.999999873689376e-05,28.25523567199707,-0.026423931121826172,28.27851104736328,0.6255214810371399,0.01574503444135189,5.5358686447143555,0.0
-35.582562104820155,-736.8504121788484,-51.87383382070503,100.0,56,5600,False,44800,448,8,ae3b9b3532214bc3bad13e7ea9518ddf,2020-03-20_21-19-01,1584739141,9.9487886428833,89.94650149345398,23993,eclipse,137.195.211.213,89.94650149345398,44800,8,28,2ed37c9e,0.0,0.0,0.0,10.290731466100713,0.9914112127651008,1.5452191693370445,44032,44800,3766.543,16.857,7260.548,105.952,0.20000000298023224,4.999999873689376e-05,2652.176513671875,-0.03231976181268692,2652.206298828125,0.11774798482656479,0.013567476533353329,5.5020670890808105,0.0
-35.582562104820155,-736.8504121788484,-50.385820743628436,100.0,56,5600,False,50400,504,9,ae3b9b3532214bc3bad13e7ea9518ddf,2020-03-20_21-19-11,1584739151,10.03485918045044,99.98136067390442,23993,eclipse,137.195.211.213,99.98136067390442,50400,9,28,2ed37c9e,0.0,0.0,0.0,10.267383967961928,0.9926734660567372,1.5371690682075643,49536,50400,3645.002,15.761,7260.076,95.888,0.20000000298023224,4.999999873689376e-05,24.147663116455078,-0.022913683205842972,24.167619705200195,0.6296377182006836,0.014795592054724693,5.489129066467285,0.0
-36.45864640813254,-63.758289934512284,-42.36175902549986,100.0,56,5600,False,56000,560,10,ae3b9b3532214bc3bad13e7ea9518ddf,2020-03-20_21-19-21,1584739161,10.04149317741394,110.02285385131836,23993,eclipse,137.195.211.213,110.02285385131836,56000,10,28,2ed37c9e,0.0,0.0,0.0,10.25106600471014,0.9942716704404073,1.5320891276887578,55040,56000,3546.884,14.913,7261.132,88.286,0.20000000298023224,4.999999873689376e-05,19.545021057128906,-0.030581548810005188,19.572134017944336,0.6968568563461304,0.01734854094684124,5.443028450012207,0.0
-34.440550807102994,-57.08161567545987,-40.65669554828742,100.0,56,5600,False,61600,616,11,ae3b9b3532214bc3bad13e7ea9518ddf,2020-03-20_21-19-31,1584739171,9.758047580718994,119.78090143203735,23993,eclipse,137.195.211.213,119.78090143203735,61600,11,28,2ed37c9e,0.0,0.0,0.0,10.238084214880695,0.9961473171490056,1.5271943264473304,60544,61600,2751.509,7.188,7179.155,20.161,0.20000000298023224,4.999999873689376e-05,12.717037200927734,-0.025092527270317078,12.739361763000488,0.775850236415863,0.013835307210683823,5.415008544921875,0.0
-33.508325763199586,-50.97607039767179,-39.899108817067116,100.0,56,5600,False,67200,672,12,ae3b9b3532214bc3bad13e7ea9518ddf,2020-03-20_21-19-41,1584739181,9.913297176361084,129.69419860839844,23993,eclipse,137.195.211.213,129.69419860839844,67200,12,28,2ed37c9e,0.0,0.0,0.0,10.227057243181799,0.9968445791640187,1.5225587530972076,66048,67200,2745.225,7.073,7161.468,20.652,0.20000000298023224,4.999999873689376e-05,10.193246841430664,-0.02171139419078827,10.211581230163574,0.8186717629432678,0.016885975375771523,5.369292736053467,0.0
-33.38119300403793,-46.055450335719115,-38.66228917058602,100.0,56,5600,False,72800,728,13,ae3b9b3532214bc3bad13e7ea9518ddf,2020-03-20_21-19-51,1584739191,9.960221529006958,139.6544201374054,23993,eclipse,137.195.211.213,139.6544201374054,72800,13,28,2ed37c9e,0.0,0.0,0.0,10.215788954865962,0.9969709223609382,1.5178930447792656,71552,72800,2738.951,6.863,7176.868,21.208,0.20000000298023224,4.999999873689376e-05,9.146197319030762,-0.017463987693190575,9.161014556884766,0.8217357993125916,0.01323284488171339,5.34328031539917,0.0
-33.38119300403793,-46.74425273942517,-38.03195868035883,100.0,56,5600,False,78400,784,14,ae3b9b3532214bc3bad13e7ea9518ddf,2020-03-20_21-20-01,1584739201,10.039766788482666,149.69418692588806,23993,eclipse,137.195.211.213,149.69418692588806,78400,14,28,2ed37c9e,0.0,0.0,0.0,10.208014351073556,0.9968586163026368,1.5142393586774738,77056,78400,2730.181,6.787,7207.055,20.484,0.20000000298023224,4.999999873689376e-05,8.030211448669434,-0.02160736359655857,8.048528671264648,0.8447666764259338,0.01645718701183796,5.346375942230225,0.0
-33.05444014200472,-46.74425273942517,-37.42169620631453,100.0,56,5600,False,84000,840,15,ae3b9b3532214bc3bad13e7ea9518ddf,2020-03-20_21-20-11,1584739211,10.063446760177612,159.75763368606567,23993,eclipse,137.195.211.213,159.75763368606567,84000,15,28,2ed37c9e,0.0,0.0,0.0,10.199882161298001,0.9969804230927661,1.5117241761572962,82560,84000,2670.257,6.441,7240.592,20.925,0.20000000298023224,4.999999873689376e-05,6.301750659942627,-0.02618451416492462,6.323999404907227,0.8722585439682007,0.019677044823765755,5.286907196044922,0.0
-29.751653485900228,-41.51842915984869,-35.89233373122793,100.0,56,5600,False,89600,896,16,ae3b9b3532214bc3bad13e7ea9518ddf,2020-03-20_21-20-21,1584739221,10.06347918510437,169.82111287117004,23993,eclipse,137.195.211.213,169.82111287117004,89600,16,28,2ed37c9e,0.0,0.0,0.0,10.19670085227523,0.9973784065585056,1.5098961918206848,88064,89600,2635.018,6.46,7240.263,21.011,0.20000000298023224,4.999999873689376e-05,5.647099018096924,-0.01947406865656376,5.663814067840576,0.869195282459259,0.013792508281767368,5.252383708953857,0.0
-29.751653485900228,-39.03053722091917,-34.70135383223511,100.0,56,5600,False,95200,952,17,ae3b9b3532214bc3bad13e7ea9518ddf,2020-03-20_21-20-31,1584739231,9.932547330856323,179.75366020202637,23993,eclipse,137.195.211.213,179.75366020202637,95200,17,28,2ed37c9e,0.0,0.0,0.0,10.195138557947825,0.9976667081020577,1.5087893670527368,93568,95200,2637.335,6.533,7233.404,20.814,0.20000000298023224,4.999999873689376e-05,5.936738967895508,-0.01602536253631115,5.949852466583252,0.8614213466644287,0.014559492468833923,5.227661609649658,0.0
-29.064984090423085,-37.74137599621935,-33.84552158966786,100.0,56,5600,False,100800,1008,18,ae3b9b3532214bc3bad13e7ea9518ddf,2020-03-20_21-20-41,1584739241,9.929502248764038,189.6831624507904,23993,eclipse,137.195.211.213,189.6831624507904,100800,18,28,2ed37c9e,0.0,0.0,0.0,10.19360942241178,0.9976158038019668,1.507481192064227,99072,100800,2636.056,6.297,7232.355,20.526,0.20000000298023224,4.999999873689376e-05,4.654609203338623,-0.020571403205394745,4.671833515167236,0.885704755783081,0.016735512763261795,5.179053783416748,0.0
-29.064984090423085,-36.869125929017486,-32.93084226165784,100.0,56,5600,False,106400,1064,19,ae3b9b3532214bc3bad13e7ea9518ddf,2020-03-20_21-20-51,1584739251,10.018696308135986,199.7018587589264,23993,eclipse,137.195.211.213,199.7018587589264,106400,19,28,2ed37c9e,0.0,0.0,0.0,10.194490393553988,0.9975108712632672,1.5059387015447614,104576,106400,2632.265,6.252,7234.549,21.41,0.20000000298023224,4.999999873689376e-05,5.492281436920166,-0.017276395112276077,5.506511688232422,0.8563010692596436,0.015231426805257797,5.122014045715332,0.0
-28.783854833583902,-35.83857480775373,-32.25925051001735,100.0,56,5600,False,112000,1120,20,ae3b9b3532214bc3bad13e7ea9518ddf,2020-03-20_21-21-01,1584739261,9.886917114257812,209.5887758731842,23993,eclipse,137.195.211.213,209.5887758731842,112000,20,28,2ed37c9e,0.0,0.0,0.0,10.194379818109976,0.9979633000474363,1.504674348960772,110080,112000,2627.827,5.847,7223.239,21.065,0.20000000298023224,4.999999873689376e-05,5.465478420257568,-0.016059352084994316,5.478638172149658,0.8526872396469116,0.014500158838927746,5.10667085647583,0.0
-27.043115785156367,-35.98219159794106,-31.60387413988878,100.0,56,5600,False,117600,1176,21,ae3b9b3532214bc3bad13e7ea9518ddf,2020-03-20_21-21-11,1584739271,9.954704761505127,219.54348063468933,23993,eclipse,137.195.211.213,219.54348063468933,117600,21,28,2ed37c9e,0.0,0.0,0.0,10.195099520809721,0.998174989116537,1.5035872878150949,115584,117600,2631.93,5.686,7238.886,19.818,0.20000000298023224,4.999999873689376e-05,5.367630958557129,-0.018561240285634995,5.383075714111328,0.8506006002426147,0.015581670217216015,5.040571212768555,0.0
-18.36101923796423,-35.98219159794106,-30.437218570203257,100.0,56,5600,False,123200,1232,22,ae3b9b3532214bc3bad13e7ea9518ddf,2020-03-20_21-21-21,1584739281,9.996932744979858,229.5404133796692,23993,eclipse,137.195.211.213,229.5404133796692,123200,22,28,2ed37c9e,0.0,0.0,0.0,10.197763365924878,0.9985138478153481,1.502688140757223,121088,123200,2646.333,5.941,7233.301,19.501,0.20000000298023224,4.999999873689376e-05,6.010207653045654,-0.019342878833413124,6.026613235473633,0.8411834239959717,0.014680890366435051,5.018948078155518,0.0
-18.36101923796423,-34.8675745318789,-29.97088963530845,100.0,56,5600,False,128800,1288,23,ae3b9b3532214bc3bad13e7ea9518ddf,2020-03-20_21-21-31,1584739291,10.025601148605347,239.56601452827454,23993,eclipse,137.195.211.213,239.56601452827454,128800,23,28,2ed37c9e,0.0,0.0,0.0,10.199989827378765,0.9988246944276401,1.5018768332498014,126592,128800,2651.383,6.075,7237.186,19.332,0.20000000298023224,4.999999873689376e-05,6.101828575134277,-0.017991121858358383,6.116830348968506,0.817618727684021,0.014941948466002941,4.984001159667969,0.0
-15.542340213154777,-151.4877429138531,-30.68451763518997,100.0,56,5600,False,134400,1344,24,ae3b9b3532214bc3bad13e7ea9518ddf,2020-03-20_21-21-41,1584739301,10.041683435440063,249.6076979637146,23993,eclipse,137.195.211.213,249.6076979637146,134400,24,28,2ed37c9e,0.0,0.0,0.0,10.201278837380501,0.9983591261978999,1.5005918706638,132096,134400,2652.471,6.059,7234.85,19.705,0.20000000298023224,4.999999873689376e-05,109.9829330444336,-0.02441565878689289,110.0034408569336,0.299350380897522,0.019574211910367012,4.956497669219971,0.0
-15.542340213154777,-151.4877429138531,-30.386885332968454,100.0,56,5600,False,140000,1400,25,ae3b9b3532214bc3bad13e7ea9518ddf,2020-03-20_21-21-51,1584739311,10.005720615386963,259.61341857910156,23993,eclipse,137.195.211.213,259.61341857910156,140000,25,28,2ed37c9e,0.0,0.0,0.0,10.203563183155012,0.9979327654872785,1.499541193447263,137600,140000,2651.755,6.072,7230.98,19.677,0.20000000298023224,4.999999873689376e-05,6.068087577819824,-0.02349388785660267,6.088255405426025,0.8200363516807556,0.01663244515657425,4.957608699798584,0.0
-18.213328774637127,-35.581118934135276,-29.09701866307876,100.0,56,5600,False,145600,1456,26,ae3b9b3532214bc3bad13e7ea9518ddf,2020-03-20_21-22-01,1584739321,9.875911474227905,269.48933005332947,23993,eclipse,137.195.211.213,269.48933005332947,145600,26,28,2ed37c9e,0.0,0.0,0.0,10.203890252080363,0.9979256630784988,1.4986959455367446,143104,145600,2647.231,6.083,7219.798,18.089,0.20000000298023224,4.999999873689376e-05,4.748993396759033,-0.024424241855740547,4.769883632659912,0.8521790504455566,0.017669524997472763,4.895840167999268,0.0
-2.225395443076373,-43.94278997446304,-28.15553389321358,100.0,56,5600,False,151200,1512,27,ae3b9b3532214bc3bad13e7ea9518ddf,2020-03-20_21-22-11,1584739331,9.89863133430481,279.3879613876343,23993,eclipse,137.195.211.213,279.3879613876343,151200,27,28,2ed37c9e,0.0,0.0,0.0,10.206120853283306,0.9980060901196884,1.498333232129105,148608,151200,2651.618,6.296,7209.186,18.574,0.20000000298023224,4.999999873689376e-05,11.916637420654297,-0.022174080833792686,11.935256958007812,0.6870416402816772,0.017769573256373405,4.8340744972229,0.0
-2.225395443076373,-34.24289168249275,-27.426176179084408,100.0,56,5600,False,156800,1568,28,ae3b9b3532214bc3bad13e7ea9518ddf,2020-03-20_21-22-21,1584739341,9.94731092453003,289.3352723121643,23993,eclipse,137.195.211.213,289.3352723121643,156800,28,28,2ed37c9e,0.0,0.0,0.0,10.209626922372406,0.9978533596467725,1.4980038142258396,154112,156800,2656.763,6.715,7206.786,18.793,0.20000000298023224,4.999999873689376e-05,6.559142589569092,-0.021655889227986336,6.577248573303223,0.7853727340698242,0.017752278596162796,4.846241474151611,0.0
-9.814541244647668,-34.24289168249275,-27.37629223396021,100.0,56,5600,False,162400,1624,29,ae3b9b3532214bc3bad13e7ea9518ddf,2020-03-20_21-22-31,1584739351,9.987680912017822,299.32295322418213,23993,eclipse,137.195.211.213,299.32295322418213,162400,29,28,2ed37c9e,0.0,0.0,0.0,10.212579979172961,0.9977861106694135,1.4971952240946547,159616,162400,2659.564,6.743,7202.851,17.906,0.20000000298023224,4.999999873689376e-05,7.625579357147217,-0.019214043393731117,7.641667366027832,0.7435765862464905,0.01562689244747162,4.793245315551758,0.0
7.486077788521104,-34.539297721459704,-25.89194753668065,100.0,56,5600,False,168000,1680,30,ae3b9b3532214bc3bad13e7ea9518ddf,2020-03-20_21-22-41,1584739361,10.03595232963562,309.35890555381775,23993,eclipse,137.195.211.213,309.35890555381775,168000,30,28,2ed37c9e,0.0,0.0,0.0,10.21604681341944,0.9975340316497445,1.496496605632704,165120,168000,2670.165,7.076,7209.996,17.115,0.20000000298023224,4.999999873689376e-05,15.972793579101562,-0.023411868140101433,15.99270248413086,0.6849699020385742,0.017513126134872437,4.743128299713135,0.0
7.486077788521104,-262.9975459462475,-28.449163112348675,100.0,56,5600,False,173600,1736,31,ae3b9b3532214bc3bad13e7ea9518ddf,2020-03-20_21-22-52,1584739372,10.136016845703125,319.4949223995209,23993,eclipse,137.195.211.213,319.4949223995209,173600,31,28,2ed37c9e,0.0,0.0,0.0,10.219437962902607,0.9971701930136347,1.4958680562265447,170624,173600,2672.387,7.057,7223.939,17.949,0.20000000298023224,4.999999873689376e-05,388.49517822265625,-0.02086050622165203,388.512451171875,0.16866041719913483,0.018036600202322006,4.795783042907715,0.0
-15.805810026466778,-262.9975459462475,-29.7302217883687,100.0,56,5600,False,179200,1792,32,ae3b9b3532214bc3bad13e7ea9518ddf,2020-03-20_21-23-02,1584739382,9.899720191955566,329.39464259147644,23993,eclipse,137.195.211.213,329.39464259147644,179200,32,28,2ed37c9e,0.0,0.0,0.0,10.222070947125244,0.9970236095316776,1.4953746275401505,176128,179200,2665.088,7.066,7221.288,17.648,0.20000000298023224,4.999999873689376e-05,7.826086044311523,-0.019373252987861633,7.8428168296813965,0.7331819534301758,0.013219869695603848,4.786211013793945,0.0
-9.408728044356868,-37.93500544972704,-26.815910951486508,100.0,56,5600,False,184800,1848,33,ae3b9b3532214bc3bad13e7ea9518ddf,2020-03-20_21-23-11,1584739391,9.645079135894775,339.0397217273712,23993,eclipse,137.195.211.213,339.0397217273712,184800,33,28,2ed37c9e,0.0,0.0,0.0,10.224565721434939,0.9969124587263652,1.4947122242439963,181632,184800,2664.646,6.865,7184.954,17.719,0.20000000298023224,4.999999873689376e-05,9.813861846923828,-0.01920529641211033,9.830166816711426,0.6824505925178528,0.014506837353110313,4.704138278961182,0.0
-9.408728044356868,-37.93500544972704,-26.41666594125168,100.0,56,5600,False,190400,1904,34,ae3b9b3532214bc3bad13e7ea9518ddf,2020-03-20_21-23-21,1584739401,9.78453516960144,348.82425689697266,23993,eclipse,137.195.211.213,348.82425689697266,190400,34,28,2ed37c9e,0.0,0.0,0.0,10.232243637776556,0.9966398652504372,1.4957169088489957,187136,190400,2674.398,6.9,7149.637,18.045,0.20000000298023224,4.999999873689376e-05,6.058701515197754,-0.013219921849668026,6.069284915924072,0.7715922594070435,0.013182110153138638,4.753329753875732,0.0
17.664691261485768,-81.95706168548622,-27.03410903634482,100.0,56,5600,False,196000,1960,35,ae3b9b3532214bc3bad13e7ea9518ddf,2020-03-20_21-23-31,1584739411,10.037296056747437,358.8615529537201,23993,eclipse,137.195.211.213,358.8615529537201,196000,35,28,2ed37c9e,0.0,0.0,0.0,10.244724740887328,0.9967322253940257,1.4983763832090236,192640,196000,2696.057,6.607,7134.234,17.183,0.20000000298023224,4.999999873689376e-05,36.539859771728516,-0.028698785230517387,36.564857482910156,0.44321340322494507,0.018503112718462944,4.783869743347168,0.0
23.9435229229205,-81.95706168548622,-26.633850145852293,100.0,56,5600,False,201600,2016,36,ae3b9b3532214bc3bad13e7ea9518ddf,2020-03-20_21-23-41,1584739421,10.008362531661987,368.8699154853821,23993,eclipse,137.195.211.213,368.8699154853821,201600,36,28,2ed37c9e,0.0,0.0,0.0,10.251915577210523,0.9969281171224965,1.4996152683203972,198144,201600,2700.682,6.608,7139.224,17.736,0.20000000298023224,4.999999873689376e-05,17.74098777770996,-0.015578330494463444,17.753185272216797,0.5991861820220947,0.01691933162510395,4.663597583770752,0.0
23.9435229229205,-34.95224191526163,-25.054811307872637,100.0,56,5600,False,207200,2072,37,ae3b9b3532214bc3bad13e7ea9518ddf,2020-03-20_21-23-51,1584739431,9.987256288528442,378.8571717739105,23993,eclipse,137.195.211.213,378.8571717739105,207200,37,28,2ed37c9e,0.0,0.0,0.0,10.253176549303568,0.9968483218196387,1.4993117649418712,203648,207200,2698.289,6.962,7152.258,17.342,0.20000000298023224,4.999999873689376e-05,11.458993911743164,-0.021814221516251564,11.477399826049805,0.691234827041626,0.01704230159521103,4.620041370391846,0.0
2.3669652773265772,-230.57662964986972,-27.530768902407118,100.0,56,5600,False,212800,2128,38,ae3b9b3532214bc3bad13e7ea9518ddf,2020-03-20_21-24-01,1584739441,10.012505769729614,388.86967754364014,23993,eclipse,137.195.211.213,388.86967754364014,212800,38,28,2ed37c9e,0.0,0.0,0.0,10.255268335566297,0.9970010939356183,1.499081083756717,209152,212800,2699.231,6.782,7157.819,17.657,0.20000000298023224,4.999999873689376e-05,372.15625,-0.031145351007580757,372.1830139160156,0.10029184818267822,0.021851930767297745,4.623294353485107,0.0
-1.3956152989911457,-230.57662964986972,-28.92648414689748,100.0,56,5600,False,218400,2184,39,ae3b9b3532214bc3bad13e7ea9518ddf,2020-03-20_21-24-11,1584739451,9.945716381072998,398.81539392471313,23993,eclipse,137.195.211.213,398.81539392471313,218400,39,28,2ed37c9e,0.0,0.0,0.0,10.258038944203676,0.9970072488167656,1.498933753714856,214656,218400,2701.047,6.884,7151.933,18.149,0.30000001192092896,4.999999873689376e-05,109.63862609863281,-0.022006453946232796,109.65676879882812,0.22009891271591187,0.012890770100057125,4.613266468048096,0.0
-5.944057378329401,-138.7761793367221,-26.433461763321702,100.0,56,5600,False,224000,2240,40,ae3b9b3532214bc3bad13e7ea9518ddf,2020-03-20_21-24-21,1584739461,10.05182147026062,408.86721539497375,23993,eclipse,137.195.211.213,408.86721539497375,224000,40,28,2ed37c9e,0.0,0.0,0.0,10.260211847118274,0.9972748963024243,1.499012976408465,220160,224000,2697.548,6.876,7154.969,19.404,0.30000001192092896,4.999999873689376e-05,7.014785289764404,-0.015574616380035877,7.026006698608398,0.7407464981079102,0.014512494206428528,4.596100330352783,0.0
188.62898338561243,-228.19640034424506,-25.591258821400682,100.0,56,5600,False,229600,2296,41,ae3b9b3532214bc3bad13e7ea9518ddf,2020-03-20_21-24-31,1584739471,9.966095209121704,418.83331060409546,23993,eclipse,137.195.211.213,418.83331060409546,229600,41,28,2ed37c9e,0.0,0.0,0.0,10.261755109016804,0.9974316562056024,1.4989657994270968,225664,229600,2695.088,6.778,7142.147,19.045,0.30000001192092896,4.999999873689376e-05,559.8479614257812,-0.02688792161643505,559.8690795898438,0.10800287127494812,0.01960747130215168,4.534783840179443,0.0
188.62898338561243,-228.19640034424506,-24.4981987744148,100.0,56,5600,False,235200,2352,42,ae3b9b3532214bc3bad13e7ea9518ddf,2020-03-20_21-24-41,1584739481,9.975914716720581,428.80922532081604,23993,eclipse,137.195.211.213,428.80922532081604,235200,42,28,2ed37c9e,0.0,0.0,0.0,10.263778266107114,0.997577719938417,1.4983721187871644,231168,235200,2700.057,6.827,7146.203,19.5,0.30000001192092896,4.999999873689376e-05,9.22695541381836,-0.020776044577360153,9.243619918823242,0.7218998074531555,0.013700445182621479,4.542637825012207,0.0
5.130855635108839,-206.89743059828513,-26.341470179482748,100.0,56,5600,False,240800,2408,43,ae3b9b3532214bc3bad13e7ea9518ddf,2020-03-20_21-24-51,1584739491,9.914783000946045,438.7240083217621,23993,eclipse,137.195.211.213,438.7240083217621,240800,43,28,2ed37c9e,0.0,0.0,0.0,10.266605840866987,0.9976069713734419,1.497937104040713,236672,240800,2704.834,6.673,7166.493,20.114,0.30000001192092896,4.999999873689376e-05,240.44476318359375,-0.020423665642738342,240.4602813720703,0.19148698449134827,0.01623782515525818,4.594424724578857,0.0
5.130855635108839,-33.68527143649004,-25.478729659596816,100.0,56,5600,False,246400,2464,44,ae3b9b3532214bc3bad13e7ea9518ddf,2020-03-20_21-25-01,1584739501,10.086594104766846,448.81060242652893,23993,eclipse,137.195.211.213,448.81060242652893,246400,44,28,2ed37c9e,0.0,0.0,0.0,10.267571505939006,0.997505032909655,1.4977092082784302,242176,246400,2695.396,6.375,7205.099,20.14,0.30000001192092896,4.999999873689376e-05,8.430013656616211,-0.01605246029794216,8.441821098327637,0.7287895083427429,0.014149940572679043,4.548834323883057,0.0
29.239072567548895,-125.47518589748992,-25.573099752832867,100.0,56,5600,False,252000,2520,45,ae3b9b3532214bc3bad13e7ea9518ddf,2020-03-20_21-25-12,1584739512,9.985633134841919,458.79623556137085,23993,eclipse,137.195.211.213,458.79623556137085,252000,45,28,2ed37c9e,0.0,0.0,0.0,10.268563706634882,0.9976840554685666,1.4974362971864221,247680,252000,2675.94,6.68,7216.087,20.175,0.30000001192092896,4.999999873689376e-05,112.33305358886719,-0.017532069236040115,112.3466796875,0.2030094712972641,0.0129955830052495,4.481167793273926,0.0
29.239072567548895,-31.775976375927353,-23.9619818342785,100.0,56,5600,False,257600,2576,46,ae3b9b3532214bc3bad13e7ea9518ddf,2020-03-20_21-25-22,1584739522,10.044522047042847,468.8407576084137,23993,eclipse,137.195.211.213,468.8407576084137,257600,46,28,2ed37c9e,0.0,0.0,0.0,10.27034626309847,0.9980909806382262,1.4971690945293588,253184,257600,2676.444,6.593,7217.74,21.344,0.30000001192092896,4.999999873689376e-05,16.992650985717773,-0.022671237587928772,17.010610580444336,0.6382895708084106,0.01570385880768299,4.482005596160889,0.0
122.79199763122347,-468.7371991044486,-25.335907955995857,100.0,56,5600,False,263200,2632,47,ae3b9b3532214bc3bad13e7ea9518ddf,2020-03-20_21-25-32,1584739532,10.077900886535645,478.91865849494934,23993,eclipse,137.195.211.213,478.91865849494934,263200,47,28,2ed37c9e,0.0,0.0,0.0,10.2728927865494,0.9983681909569861,1.4970528765908864,258688,263200,2681.647,6.258,7220.591,21.448,0.30000001192092896,4.999999873689376e-05,1315.2896728515625,-0.02413591928780079,1315.3101806640625,0.08559717237949371,0.01302100159227848,4.441593647003174,0.0
122.79199763122347,-468.7371991044486,-28.120926865355973,100.0,56,5600,False,268800,2688,48,ae3b9b3532214bc3bad13e7ea9518ddf,2020-03-20_21-25-42,1584739542,10.109305143356323,489.02796363830566,23993,eclipse,137.195.211.213,489.02796363830566,268800,48,28,2ed37c9e,0.0,0.0,0.0,10.275727886412618,0.9983267500800863,1.4968232106989938,264192,268800,2683.639,6.333,7227.942,21.407,0.30000001192092896,4.999999873689376e-05,202.79014587402344,-0.02601957507431507,202.81166076660156,0.17142415046691895,0.014929712750017643,4.480985641479492,0.0
2.3760685107597626,-184.3935933741333,-27.254459596080718,100.0,56,5600,False,274400,2744,49,ae3b9b3532214bc3bad13e7ea9518ddf,2020-03-20_21-25-52,1584739552,10.234986782073975,499.26295042037964,23993,eclipse,137.195.211.213,499.26295042037964,274400,49,28,2ed37c9e,0.0,0.0,0.0,10.277650755830052,0.9982149790057226,1.4968083250115647,269696,274400,2697.375,6.178,7243.31,21.825,0.30000001192092896,4.999999873689376e-05,60.16549301147461,-0.02170500159263611,60.18310546875,0.3396410048007965,0.013622451573610306,4.537021636962891,0.0
12.174184463512633,-112.37737600559296,-25.794479208003096,100.0,56,5600,False,280000,2800,50,ae3b9b3532214bc3bad13e7ea9518ddf,2020-03-20_21-26-02,1584739562,10.032890319824219,509.29584074020386,23993,eclipse,137.195.211.213,509.29584074020386,280000,50,28,2ed37c9e,0.0,0.0,0.0,10.27874423621955,0.9981003232731948,1.496567916139923,275200,280000,2698.837,6.073,7239.88,20.691,0.30000001192092896,4.999999873689376e-05,24.47095489501953,-0.019940780475735664,24.48628044128418,0.4790869951248169,0.015400449745357037,4.499725341796875,0.0
25.842104866010715,-417.27709835211095,-28.211752925709803,100.0,56,5600,False,285600,2856,51,ae3b9b3532214bc3bad13e7ea9518ddf,2020-03-20_21-26-12,1584739572,10.040385961532593,519.3362267017365,23993,eclipse,137.195.211.213,519.3362267017365,285600,51,28,2ed37c9e,0.0,0.0,0.0,10.279982805369686,0.9980343925821838,1.4963389483999259,280704,285600,2701.918,6.095,7243.238,21.101,0.30000001192092896,4.999999873689376e-05,882.5352172851562,-0.026678647845983505,882.5574340820312,0.13885252177715302,0.015137340873479843,4.513312816619873,0.0
25.842104866010715,-417.27709835211095,-30.21436739655612,100.0,56,5600,False,291200,2912,52,ae3b9b3532214bc3bad13e7ea9518ddf,2020-03-20_21-26-22,1584739582,9.891795635223389,529.2280223369598,23993,eclipse,137.195.211.213,529.2280223369598,291200,52,28,2ed37c9e,0.0,0.0,0.0,10.280608926641827,0.9979893037446197,1.49612668510006,286208,291200,2694.708,5.697,7242.453,20.315,0.30000001192092896,4.999999873689376e-05,175.64291381835938,-0.024459874257445335,175.66159057617188,0.20624591410160065,0.019287360832095146,4.538827419281006,0.0
-5.108387763607125,-405.09015430857943,-31.334655198739682,100.0,56,5600,False,296800,2968,53,ae3b9b3532214bc3bad13e7ea9518ddf,2020-03-20_21-26-32,1584739592,9.941948175430298,539.1699705123901,23993,eclipse,137.195.211.213,539.1699705123901,296800,53,28,2ed37c9e,0.0,0.0,0.0,10.281292935580298,0.9979832012973847,1.4959586391894208,291712,296800,2690.177,5.883,7251.1,19.769,0.30000001192092896,4.999999873689376e-05,855.7581787109375,-0.023473184555768967,855.777587890625,0.13686905801296234,0.013767444528639317,4.56138277053833,0.0
4.349743509799893,-405.09015430857943,-28.481157183074902,100.0,56,5600,False,302400,3024,54,ae3b9b3532214bc3bad13e7ea9518ddf,2020-03-20_21-26-42,1584739602,10.05849575996399,549.2284662723541,23993,eclipse,137.195.211.213,549.2284662723541,302400,54,28,2ed37c9e,0.0,0.0,0.0,10.283148850111756,0.9979044280328663,1.4958827905023824,297216,302400,2699.181,6.2,7242.137,19.531,0.30000001192092896,4.999999873689376e-05,16.08144187927246,-0.018657319247722626,16.09587287902832,0.6065428256988525,0.014091122895479202,4.5068769454956055,0.0
4.349743509799893,-32.34422938791988,-24.510948666234484,100.0,56,5600,False,308000,3080,55,ae3b9b3532214bc3bad13e7ea9518ddf,2020-03-20_21-26-52,1584739612,9.92989730834961,559.1583635807037,23993,eclipse,137.195.211.213,559.1583635807037,308000,55,28,2ed37c9e,0.0,0.0,0.0,10.2856892786819,0.9978383083140616,1.4960976934818626,302720,308000,2701.84,6.127,7237.258,20.2,0.30000001192092896,4.999999873689376e-05,11.114503860473633,-0.02440425381064415,11.134245872497559,0.6926198601722717,0.015545940957963467,4.439040660858154,0.0
28.753596719660532,-32.048576828316904,-23.80171886761716,100.0,56,5600,False,313600,3136,56,ae3b9b3532214bc3bad13e7ea9518ddf,2020-03-20_21-27-02,1584739622,9.896052598953247,569.054416179657,23993,eclipse,137.195.211.213,569.054416179657,313600,56,28,2ed37c9e,0.0,0.0,0.0,10.287556558252623,0.9978881656043886,1.4961720614792458,308224,313600,2702.943,6.065,7227.196,18.976,0.30000001192092896,4.999999873689376e-05,23.551406860351562,-0.025282593443989754,23.572113037109375,0.6092146635055542,0.015269245952367783,4.409908771514893,0.0
28.753596719660532,-32.44506760543167,-24.26523591376234,100.0,56,5600,False,319200,3192,57,ae3b9b3532214bc3bad13e7ea9518ddf,2020-03-20_21-27-12,1584739632,9.95664095878601,579.011057138443,23993,eclipse,137.195.211.213,579.011057138443,319200,57,28,2ed37c9e,0.0,0.0,0.0,10.289254931864464,0.9979926273818976,1.496221090941546,313728,319200,2699.22,5.587,7219.187,18.765,0.30000001192092896,4.999999873689376e-05,6.009383201599121,-0.02173515595495701,6.025970458984375,0.7916494011878967,0.01715935952961445,4.382961750030518,0.0
9.529152244126566,-119.71892457892768,-25.941822346687577,100.0,56,5600,False,324800,3248,58,ae3b9b3532214bc3bad13e7ea9518ddf,2020-03-20_21-27-22,1584739642,10.073066234588623,589.0841233730316,23993,eclipse,137.195.211.213,589.0841233730316,324800,58,28,2ed37c9e,0.0,0.0,0.0,10.291441422572015,0.9980770440919062,1.4964635587150428,319232,324800,2703.243,5.496,7211.818,18.676,0.30000001192092896,4.999999873689376e-05,81.04365539550781,-0.022652404382824898,81.06151580810547,0.31084510684013367,0.015940379351377487,4.427131652832031,0.0
108.36590378035838,-119.71892457892768,-24.585002030751433,100.0,56,5600,False,330400,3304,59,ae3b9b3532214bc3bad13e7ea9518ddf,2020-03-20_21-27-33,1584739653,10.162036895751953,599.2461602687836,23993,eclipse,137.195.211.213,599.2461602687836,330400,59,28,2ed37c9e,0.0,0.0,0.0,10.294903854279646,0.9981114765867298,1.4972529189219919,324736,330400,2724.856,5.378,7182.417,18.104,0.30000001192092896,4.999999873689376e-05,100.76325988769531,-0.022643910720944405,100.78147888183594,0.4182506501674652,0.014775151386857033,4.431674003601074,0.0
108.36590378035838,-31.647900598592578,-22.999137044257296,100.0,56,5600,False,336000,3360,60,ae3b9b3532214bc3bad13e7ea9518ddf,2020-03-20_21-27-43,1584739663,9.970728874206543,609.2168891429901,23993,eclipse,137.195.211.213,609.2168891429901,336000,60,28,2ed37c9e,0.0,0.0,0.0,10.297488810969963,0.9981721758834934,1.497838566340033,330240,336000,2725.8,5.379,7177.312,19.213,0.30000001192092896,4.999999873689376e-05,20.955169677734375,-0.023233329877257347,20.974285125732422,0.5885705947875977,0.013725641183555126,4.355708122253418,0.0
25.071723013956863,-441.9194213608974,-27.558511508131705,100.0,56,5600,False,341600,3416,61,ae3b9b3532214bc3bad13e7ea9518ddf,2020-03-20_21-27-53,1584739673,10.099642992019653,619.3165321350098,23993,eclipse,137.195.211.213,619.3165321350098,341600,61,28,2ed37c9e,0.0,0.0,0.0,10.299804584338819,0.9980706050953781,1.4984710221802005,335744,341600,2729.921,5.437,7182.698,18.988,0.30000001192092896,4.999999873689376e-05,1032.240966796875,-0.026458261534571648,1032.263427734375,0.11116094142198563,0.0135475629940629,4.340692520141602,0.0
20.26185426836064,-441.9194213608974,-27.410272833534865,100.0,56,5600,False,347200,3472,62,ae3b9b3532214bc3bad13e7ea9518ddf,2020-03-20_21-28-03,1584739683,10.028043746948242,629.344575881958,23993,eclipse,137.195.211.213,629.344575881958,347200,62,28,2ed37c9e,0.0,0.0,0.0,10.301940256135163,0.9981250735192344,1.499196602241437,341248,347200,2744.133,5.809,7180.896,18.867,0.30000001192092896,4.999999873689376e-05,18.435760498046875,-0.02247827686369419,18.453880310058594,0.6507514715194702,0.014524406753480434,4.286654949188232,0.0
229.23256939939455,-32.08429564204972,-21.132640151348642,100.0,56,5600,False,352800,3528,63,ae3b9b3532214bc3bad13e7ea9518ddf,2020-03-20_21-28-13,1584739693,9.725258111953735,639.0698339939117,23993,eclipse,137.195.211.213,639.0698339939117,352800,63,28,2ed37c9e,0.0,0.0,0.0,10.304688156211302,0.9982887216566126,1.499924306804452,346752,352800,2754.544,5.884,7148.293,18.415,0.30000001192092896,4.999999873689376e-05,384.3114929199219,-0.017174072563648224,384.3240966796875,0.20146675407886505,0.015212404541671276,4.243355751037598,0.0
229.23256939939455,-332.84777345453364,-23.99487625324782,100.0,56,5600,False,358400,3584,64,ae3b9b3532214bc3bad13e7ea9518ddf,2020-03-20_21-28-23,1584739703,10.052340507507324,649.1221745014191,23993,eclipse,137.195.211.213,649.1221745014191,358400,64,28,2ed37c9e,0.0,0.0,0.0,10.308894501188057,0.9985400984196844,1.5007236082690005,352256,358400,2758.188,5.824,7141.353,18.509,0.30000001192092896,4.999999873689376e-05,624.0595703125,-0.017189757898449898,624.0723266601562,0.140470489859581,0.01472434215247631,4.281460285186768,0.0
18.008379698193664,-332.84777345453364,-27.95603852186582,100.0,56,5600,False,364000,3640,65,ae3b9b3532214bc3bad13e7ea9518ddf,2020-03-20_21-28-33,1584739713,9.931703090667725,659.0538775920868,23993,eclipse,137.195.211.213,659.0538775920868,364000,65,28,2ed37c9e,0.0,0.0,0.0,10.314624183609306,0.9986523049537823,1.5021967784167085,357760,364000,2769.66,5.83,7127.506,18.736,0.30000001192092896,4.999999873689376e-05,450.23370361328125,-0.025368180125951767,450.25439453125,0.12256024777889252,0.015705490484833717,4.278439044952393,0.0
18.008379698193664,-205.965390504097,-26.161300555359524,100.0,56,5600,False,369600,3696,66,ae3b9b3532214bc3bad13e7ea9518ddf,2020-03-20_21-28-43,1584739723,10.037125825881958,669.0910034179688,23993,eclipse,137.195.211.213,669.0910034179688,369600,66,28,2ed37c9e,0.0,0.0,0.0,10.318239265040642,0.9986022482929843,1.503126694321437,363264,369600,2775.282,6.144,7131.891,19.118,0.30000001192092896,4.999999873689376e-05,14.025497436523438,-0.030529968440532684,14.050687789916992,0.6489811539649963,0.017791224643588066,4.2674641609191895,0.0
262.7255483546686,-105.25624511323893,-20.33795922599055,100.0,56,5600,False,375200,3752,67,ae3b9b3532214bc3bad13e7ea9518ddf,2020-03-20_21-28-53,1584739733,9.981252908706665,679.0722563266754,23993,eclipse,137.195.211.213,679.0722563266754,375200,67,28,2ed37c9e,0.0,0.0,0.0,10.320019482316205,0.9987514311124188,1.5032733472282112,368768,375200,2779.729,6.496,7131.606,19.348,0.30000001192092896,4.999999873689376e-05,540.1788330078125,-0.02345433086156845,540.1983032226562,0.17275963723659515,0.013359686359763145,4.219485282897949,0.0
262.7255483546686,-105.25624511323893,-16.980416211245494,100.0,56,5600,False,380800,3808,68,ae3b9b3532214bc3bad13e7ea9518ddf,2020-03-20_21-29-03,1584739743,9.923317432403564,688.995573759079,23993,eclipse,137.195.211.213,688.995573759079,380800,68,28,2ed37c9e,0.01,0.0,1.0,10.321905051341503,0.9991173006084179,1.5032226723619653,374272,380800,2773.047,6.494,7126.644,18.7,0.30000001192092896,4.999999873689376e-05,373.18878173828125,-0.021114038303494453,373.2050476074219,0.22684597969055176,0.01606513373553753,4.2384185791015625,0.0
235.2522499739622,-478.2342558083819,-24.93460313579151,100.0,56,5600,False,386400,3864,69,ae3b9b3532214bc3bad13e7ea9518ddf,2020-03-20_21-29-13,1584739753,9.977896690368652,698.9734704494476,23993,eclipse,137.195.211.213,698.9734704494476,386400,69,28,2ed37c9e,0.01,0.0,1.0,10.323490333624374,0.9994191025117403,1.5030898468872698,379776,386400,2739.3,6.501,7142.783,18.505,0.30000001192092896,4.999999873689376e-05,1155.6397705078125,-0.022786537185311317,1155.658203125,0.18941351771354675,0.01477040071040392,4.321321487426758,0.0
47.73453095102444,-478.2342558083819,-29.091375995104208,100.0,56,5600,False,392000,3920,70,ae3b9b3532214bc3bad13e7ea9518ddf,2020-03-20_21-29-23,1584739763,10.097901582717896,709.0713720321655,23993,eclipse,137.195.211.213,709.0713720321655,392000,70,28,2ed37c9e,0.0,0.0,0.0,10.325685147061556,0.999533172785345,1.5029122437378895,385280,392000,2743.013,6.726,7149.964,18.063,0.30000001192092896,4.999999873689376e-05,243.8118133544922,-0.0235945675522089,243.8313446044922,0.20522430539131165,0.013490566983819008,4.195796012878418,0.0
60.110077112284536,-202.7118116001508,-22.086282119079183,100.0,56,5600,False,397600,3976,71,ae3b9b3532214bc3bad13e7ea9518ddf,2020-03-20_21-29-33,1584739773,10.05051326751709,719.1218852996826,23993,eclipse,137.195.211.213,719.1218852996826,397600,71,28,2ed37c9e,0.0,0.0,0.0,10.329272624534214,0.999507665172232,1.5031574528343716,390784,397600,2747.592,6.732,7136.964,18.585,0.30000001192092896,4.999999873689376e-05,55.64338302612305,-0.0278802327811718,55.66663360595703,0.5764385461807251,0.015445629134774208,4.218433380126953,0.0
60.110077112284536,-32.65024265940005,-21.187064844282226,100.0,56,5600,False,403200,4032,72,ae3b9b3532214bc3bad13e7ea9518ddf,2020-03-20_21-29-43,1584739783,10.045823335647583,729.1677086353302,23993,eclipse,137.195.211.213,729.1677086353302,403200,72,28,2ed37c9e,0.0,0.0,0.0,10.332088727796359,0.9995172839079157,1.503327286196128,396288,403200,2744.019,6.637,7142.888,19.243,0.30000001192092896,4.999999873689376e-05,16.895383834838867,-0.020288648083806038,16.9105224609375,0.6031152606010437,0.017155276611447334,4.165712356567383,0.0
17.220083290217683,-294.07142141408747,-26.963496139576268,100.0,56,5600,False,408800,4088,73,ae3b9b3532214bc3bad13e7ea9518ddf,2020-03-20_21-29-53,1584739793,9.98375129699707,739.1514599323273,23993,eclipse,137.195.211.213,739.1514599323273,408800,73,28,2ed37c9e,0.0,0.0,0.0,10.334902535129855,0.9994107162905738,1.5034588745099537,401792,408800,2741.442,6.743,7171.602,19.894,0.30000001192092896,4.999999873689376e-05,806.5213623046875,-0.030144715681672096,806.5469360351562,0.10622610151767731,0.015249253250658512,4.199748516082764,0.0
51.4567533068078,-294.07142141408747,-22.602338187296876,100.0,56,5600,False,414400,4144,74,ae3b9b3532214bc3bad13e7ea9518ddf,2020-03-20_21-30-03,1584739803,9.955852508544922,749.1073124408722,23993,eclipse,137.195.211.213,749.1073124408722,414400,74,28,2ed37c9e,0.0,0.0,0.0,10.337415564610554,0.9993999248017787,1.5035366277462205,407296,414400,2734.297,6.66,7170.651,19.073,0.30000001192092896,4.999999873689376e-05,46.78666687011719,-0.027115678414702415,46.808921813964844,0.537309467792511,0.01619180664420128,4.1790924072265625,0.0
231.57387900672614,-32.50639985643741,-15.075728577586494,100.0,56,5600,False,420000,4200,75,ae3b9b3532214bc3bad13e7ea9518ddf,2020-03-20_21-30-13,1584739813,10.125067472457886,759.2323799133301,23993,eclipse,137.195.211.213,759.2323799133301,420000,75,28,2ed37c9e,0.0,0.0,0.0,10.339515064288047,0.9994967685213816,1.5035841495927653,412800,420000,2733.129,6.938,7192.091,18.959,0.30000001192092896,4.999999873689376e-05,505.4395446777344,-0.02359309047460556,505.458984375,0.24320575594902039,0.01376376487314701,4.277588844299316,0.0
231.57387900672614,-32.50639985643741,-16.096267403193668,100.0,56,5600,False,425600,4256,76,ae3b9b3532214bc3bad13e7ea9518ddf,2020-03-20_21-30-23,1584739823,10.00842571258545,769.2408056259155,23993,eclipse,137.195.211.213,769.2408056259155,425600,76,28,2ed37c9e,0.0,0.0,0.0,10.341562661396814,0.9996609187349074,1.5038000628080939,418304,425600,2733.531,6.66,7191.063,19.12,0.30000001192092896,4.999999873689376e-05,59.955135345458984,-0.025545546784996986,59.97599411010742,0.5651893615722656,0.015624627470970154,4.199509143829346,0.0
157.76694682022776,-330.831492317624,-25.61824270971486,100.0,56,5600,False,431200,4312,77,ae3b9b3532214bc3bad13e7ea9518ddf,2020-03-20_21-30-33,1584739833,10.12548565864563,779.3662912845612,23993,eclipse,137.195.211.213,779.3662912845612,431200,77,28,2ed37c9e,0.0,0.0,0.0,10.34437462717946,0.999700816771399,1.5042841615105653,423808,431200,2746.345,6.29,7192.31,19.346,0.30000001192092896,4.999999873689376e-05,1640.1383056640625,-0.02236945740878582,1640.155517578125,0.017376534640789032,0.016847506165504456,4.1435041427612305,0.0
157.76694682022776,-330.831492317624,-28.398797601324613,100.0,56,5600,False,436800,4368,78,ae3b9b3532214bc3bad13e7ea9518ddf,2020-03-20_21-30-44,1584739844,10.046403169631958,789.4126944541931,23993,eclipse,137.195.211.213,789.4126944541931,436800,78,28,2ed37c9e,0.0,0.0,0.0,10.34671650937026,0.9998494742044545,1.5044507149540491,429312,436800,2750.499,6.235,7198.24,19.336,0.30000001192092896,4.999999873689376e-05,489.1073303222656,-0.026235176250338554,489.1288757324219,0.16849848628044128,0.015795515850186348,4.163756847381592,0.0
195.78604100159515,-284.63907613420537,-18.4244051404381,100.0,56,5600,False,442400,4424,79,ae3b9b3532214bc3bad13e7ea9518ddf,2020-03-20_21-30-54,1584739854,10.004900693893433,799.4175951480865,23993,eclipse,137.195.211.213,799.4175951480865,442400,79,28,2ed37c9e,0.0,0.0,0.0,10.348761241216101,1.000015628796164,1.5044116766333944,434816,442400,2754.411,6.381,7195.544,20.438,0.30000001192092896,4.999999873689376e-05,365.79364013671875,-0.025496039539575577,365.8141784667969,0.3209044933319092,0.016643986105918884,4.190809726715088,0.0
448.4120505938331,-29.844296969471237,-12.15830976053775,100.0,56,5600,False,448000,4480,80,ae3b9b3532214bc3bad13e7ea9518ddf,2020-03-20_21-31-04,1584739864,10.015476942062378,809.4330720901489,23993,eclipse,137.195.211.213,809.4330720901489,448000,80,28,2ed37c9e,0.01,0.0,1.0,10.351197734528737,1.0001124736965552,1.5045038641196253,440320,448000,2757.56,6.286,7184.287,20.303,0.30000001192092896,4.999999873689376e-05,1338.552978515625,-0.018170392140746117,1338.5670166015625,0.18517084419727325,0.013160319067537785,4.090500354766846,0.0
448.4120505938331,-169.85170449632113,-10.480178376554825,100.0,56,5600,False,453600,4536,81,ae3b9b3532214bc3bad13e7ea9518ddf,2020-03-20_21-31-14,1584739874,10.030429363250732,819.4635014533997,23993,eclipse,137.195.211.213,819.4635014533997,453600,81,28,2ed37c9e,0.01,0.0,1.0,10.353823860097513,1.000160166390275,1.5044122897895666,445824,453600,2758.14,6.451,7183.945,19.131,0.30000001192092896,4.999999873689376e-05,342.2478332519531,-0.03000527434051037,342.27313232421875,0.3078194856643677,0.015585416927933693,4.122535705566406,0.0
108.97741175527622,-450.3629858491782,-18.83725895299737,100.0,56,5600,False,459200,4592,82,ae3b9b3532214bc3bad13e7ea9518ddf,2020-03-20_21-31-24,1584739884,10.094048023223877,829.5575494766235,23993,eclipse,137.195.211.213,829.5575494766235,459200,82,28,2ed37c9e,0.0,0.0,0.0,10.35701577863708,1.0000753344436835,1.5042227222830922,451328,459200,2766.56,6.489,7178.995,19.164,0.30000001192092896,4.999999873689376e-05,1171.748779296875,-0.02551584504544735,1171.77001953125,0.197651669383049,0.014189879409968853,4.1335368156433105,0.0
84.46394461286616,-450.3629858491782,-20.490747617746266,100.0,56,5600,False,464800,4648,83,ae3b9b3532214bc3bad13e7ea9518ddf,2020-03-20_21-31-34,1584739894,10.080153703689575,839.6377031803131,23993,eclipse,137.195.211.213,839.6377031803131,464800,83,28,2ed37c9e,0.0,0.0,0.0,10.360776264145027,0.9998729071701251,1.5040788427064542,456832,464800,2771.09,6.177,7184.125,19.436,0.30000001192092896,4.999999873689376e-05,850.0623168945312,-0.029928820207715034,850.087646484375,0.15544182062149048,0.014877733774483204,4.058542251586914,0.0
1839.3553621756448,-461.0770924919044,2.407085170980989,100.0,56,5600,False,470400,4704,84,ae3b9b3532214bc3bad13e7ea9518ddf,2020-03-20_21-31-44,1584739904,10.125556707382202,849.7632598876953,23993,eclipse,137.195.211.213,849.7632598876953,470400,84,28,2ed37c9e,0.03,0.0,1.0,10.364201312039995,0.9996975118670158,1.50388896055533,462336,470400,2783.378,6.393,7187.52,20.096,0.30000001192092896,4.999999873689376e-05,26505.876953125,-0.029436150565743446,26505.900390625,0.05153418704867363,0.015999412164092064,4.023918151855469,0.0
1839.3553621756448,-461.0770924919044,5.1573287135445165,100.0,56,5600,False,476000,4760,85,ae3b9b3532214bc3bad13e7ea9518ddf,2020-03-20_21-31-54,1584739914,10.07364797592163,859.836907863617,23993,eclipse,137.195.211.213,859.836907863617,476000,85,28,2ed37c9e,0.04,0.0,1.0,10.367026958312564,0.9996331703324699,1.5038677088827637,467840,476000,2783.933,6.454,7182.986,20.014,0.30000001192092896,4.999999873689376e-05,438.9858703613281,-0.022889502346515656,439.0035095214844,0.34135401248931885,0.017346283420920372,4.142155170440674,0.0
246.0881117512873,-410.4092512417208,-16.778177434004647,100.0,56,5600,False,481600,4816,86,ae3b9b3532214bc3bad13e7ea9518ddf,2020-03-20_21-32-05,1584739925,10.197331428527832,870.0342392921448,23993,eclipse,137.195.211.213,870.0342392921448,481600,86,28,2ed37c9e,0.01,0.0,1.0,10.371472728851028,0.999529940729634,1.5037224415327333,473344,481600,2795.125,6.814,7190.475,19.994,0.30000001192092896,4.999999873689376e-05,1900.5882568359375,-0.0259969811886549,1900.6094970703125,0.16607123613357544,0.015869155526161194,4.022918701171875,0.0
624.9109358936621,-441.14698322088816,-21.248886333228402,100.0,56,5600,False,487200,4872,87,ae3b9b3532214bc3bad13e7ea9518ddf,2020-03-20_21-32-15,1584739935,10.112954139709473,880.1471934318542,23993,eclipse,137.195.211.213,880.1471934318542,487200,87,28,2ed37c9e,0.01,0.0,1.0,10.375540493953077,0.9993672557980762,1.503709170893852,478848,487200,2793.696,6.99,7191.879,19.199,0.30000001192092896,4.999999873689376e-05,4772.57177734375,-0.03292327746748924,4772.599609375,0.12188790738582611,0.020410943776369095,4.261132717132568,0.0
624.9109358936621,-441.14698322088816,-14.792774112202272,100.0,56,5600,False,492800,4928,88,ae3b9b3532214bc3bad13e7ea9518ddf,2020-03-20_21-32-25,1584739945,10.15741777420044,890.3046112060547,23993,eclipse,137.195.211.213,890.3046112060547,492800,88,28,2ed37c9e,0.01,0.0,1.0,10.379195159744121,0.999225934388036,1.5036381596618296,484352,492800,2817.321,7.085,7179.571,19.709,0.44999998807907104,4.999999873689376e-05,257.4921569824219,-0.025167027488350868,257.5114440917969,0.4421789050102234,0.013136602938175201,4.105102062225342,0.0
2093.1235325478697,-250.96804254495726,9.030056637419747,100.0,56,5600,False,498400,4984,89,ae3b9b3532214bc3bad13e7ea9518ddf,2020-03-20_21-32-35,1584739955,10.244277477264404,900.5488886833191,23993,eclipse,137.195.211.213,900.5488886833191,498400,89,28,2ed37c9e,0.01,0.0,1.0,10.384124200982486,0.9991024469316873,1.503470735270823,489856,498400,2836.766,7.112,7185.158,19.241,0.44999998807907104,4.999999873689376e-05,27750.71875,-0.023805230855941772,27750.73828125,0.09407125413417816,0.013334373943507671,4.093277454376221,0.0
2093.1235325478697,-138.4580708035573,13.372854634926817,100.0,56,5600,False,504000,5040,90,ae3b9b3532214bc3bad13e7ea9518ddf,2020-03-20_21-32-45,1584739965,10.066316843032837,910.6152055263519,23993,eclipse,137.195.211.213,910.6152055263519,504000,90,28,2ed37c9e,0.01,0.0,1.0,10.389056215087304,0.9989765029483797,1.503395293105831,495360,504000,2843.987,7.136,7185.64,19.196,0.44999998807907104,4.999999873689376e-05,482.7126770019531,-0.020275451242923737,482.7274169921875,0.39558565616607666,0.012237339280545712,4.15609073638916,0.0
550.0750566755199,-541.4547373735273,-10.43784435594986,100.0,56,5600,False,509600,5096,91,ae3b9b3532214bc3bad13e7ea9518ddf,2020-03-20_21-32-55,1584739975,10.083662033081055,920.698867559433,23993,eclipse,137.195.211.213,920.698867559433,509600,91,28,2ed37c9e,0.01,0.0,1.0,10.392832081446986,0.9988387598590068,1.5034579051701156,500864,509600,2841.102,6.829,7193.87,19.99,0.44999998807907104,4.999999873689376e-05,3264.798583984375,-0.02796754240989685,3264.820556640625,0.17009477317333221,0.012746263295412064,4.061036109924316,0.0
550.0750566755199,-541.4547373735273,-8.729222149560572,100.0,56,5600,False,515200,5152,92,ae3b9b3532214bc3bad13e7ea9518ddf,2020-03-20_21-33-06,1584739986,10.251054525375366,930.9499220848083,23993,eclipse,137.195.211.213,930.9499220848083,515200,92,28,2ed37c9e,0.03,0.0,1.0,10.395876160894028,0.9988012594550142,1.5034760527237183,506368,515200,2851.123,6.763,7202.646,19.427,0.44999998807907104,4.999999873689376e-05,909.453369140625,-0.025089344009757042,909.47265625,0.23675188422203064,0.012736893258988857,4.006198406219482,0.0
333.21657131146617,-256.95055421009886,-7.631227326868238,100.0,56,5600,False,520800,5208,93,ae3b9b3532214bc3bad13e7ea9518ddf,2020-03-20_21-33-16,1584739996,10.027987718582153,940.9779098033905,23993,eclipse,137.195.211.213,940.9779098033905,520800,93,28,2ed37c9e,0.02,0.0,1.0,10.401246524857266,0.9989947190344288,1.5042622632947265,511872,520800,2885.485,6.969,7163.211,19.142,0.44999998807907104,4.999999873689376e-05,501.6882629394531,-0.024697275832295418,501.70672607421875,0.4108896553516388,0.01395356748253107,3.9541285037994385,0.0
134.23801227794905,-256.95055421009886,-8.333539366484647,100.0,56,5600,False,526400,5264,94,ae3b9b3532214bc3bad13e7ea9518ddf,2020-03-20_21-33-26,1584740006,10.157165050506592,951.1350748538971,23993,eclipse,137.195.211.213,951.1350748538971,526400,94,28,2ed37c9e,0.0,0.0,0.0,10.408170675962344,0.999132982947241,1.5052646294173586,517376,526400,2891.763,6.867,7162.314,19.623,0.44999998807907104,4.999999873689376e-05,111.03152465820312,-0.02714717574417591,111.05315399169922,0.6434545516967773,0.012214490212500095,3.946598529815674,0.0
1994.1543105362175,-353.63269546455666,13.376345474728591,100.0,56,5600,False,532000,5320,95,ae3b9b3532214bc3bad13e7ea9518ddf,2020-03-20_21-33-36,1584740016,10.068920612335205,961.2039954662323,23993,eclipse,137.195.211.213,961.2039954662323,532000,95,28,2ed37c9e,0.02,0.0,1.0,10.414326382125866,0.9990992901261032,1.5059730132688782,522880,532000,2916.826,6.569,7134.989,19.633,0.44999998807907104,4.999999873689376e-05,27545.33203125,-0.012710580602288246,27545.33984375,0.10238620638847351,0.010213417932391167,4.01915979385376,0.0
1994.1543105362175,-353.63269546455666,38.71823293127777,100.0,56,5600,False,537600,5376,96,ae3b9b3532214bc3bad13e7ea9518ddf,2020-03-20_21-33-46,1584740026,10.136837482452393,971.3408329486847,23993,eclipse,137.195.211.213,971.3408329486847,537600,96,28,2ed37c9e,0.05,0.0,1.0,10.41958065647737,0.9990275569041266,1.506226325600266,528384,537600,2922.812,6.221,7122.752,19.148,0.44999998807907104,4.999999873689376e-05,18397.322265625,-0.0269003938883543,18397.341796875,0.08556992560625076,0.014286546036601067,3.9689388275146484,0.0
2377.6054201251877,-32.19014177720847,67.50282535877766,100.0,56,5600,False,543200,5432,97,ae3b9b3532214bc3bad13e7ea9518ddf,2020-03-20_21-33-56,1584740036,10.150884628295898,981.4917175769806,23993,eclipse,137.195.211.213,981.4917175769806,543200,97,28,2ed37c9e,0.07,0.0,1.0,10.422746858883896,0.999027661447824,1.506075898897742,533888,543200,2927.045,6.309,7121.431,19.273,0.44999998807907104,4.999999873689376e-05,61623.00390625,-0.02941829338669777,61623.03515625,0.08792620152235031,0.011236229911446571,4.055609226226807,0.0
942.6918597064388,-535.8575964492746,3.5635370933868504,100.0,56,5600,False,548800,5488,98,ae3b9b3532214bc3bad13e7ea9518ddf,2020-03-20_21-34-07,1584740047,10.208582401275635,991.7002999782562,23993,eclipse,137.195.211.213,991.7002999782562,548800,98,28,2ed37c9e,0.04,0.0,1.0,10.425630485797567,0.9989589855063605,1.5060757940858196,539392,548800,2923.053,5.979,7132.638,18.913,0.44999998807907104,4.999999873689376e-05,6736.2236328125,-0.025299130007624626,6736.244140625,0.19297410547733307,0.012608911842107773,4.01851749420166,0.0
930.814650755208,-524.1973138175998,0.11330757723278224,100.0,56,5600,False,554400,5544,99,ae3b9b3532214bc3bad13e7ea9518ddf,2020-03-20_21-34-17,1584740057,10.255624055862427,1001.9559240341187,23993,eclipse,137.195.211.213,1001.9559240341187,554400,99,28,2ed37c9e,0.01,0.0,1.0,10.430410756081523,0.9988609408696959,1.506239154951299,544896,554400,2925.765,5.862,7131.118,18.411,0.44999998807907104,4.999999873689376e-05,1741.6890869140625,-0.023810522630810738,1741.70751953125,0.2436758577823639,0.01300778053700924,4.030790328979492,0.0
1638.7378033395844,-524.1973138175998,7.04141155765076,100.0,56,5600,False,560000,5600,100,ae3b9b3532214bc3bad13e7ea9518ddf,2020-03-20_21-34-27,1584740067,10.246405124664307,1012.202329158783,23993,eclipse,137.195.211.213,1012.202329158783,560000,100,28,2ed37c9e,0.02,0.0,1.0,10.434596906085396,0.9989463031514524,1.5064050585140905,550400,560000,2930.767,5.826,7143.732,18.281,0.44999998807907104,4.999999873689376e-05,16968.056640625,-0.024934452027082443,16968.078125,0.16462647914886475,0.010224595665931702,3.939556121826172,0.0
1638.7378033395844,-333.8556403649569,23.40297575970187,100.0,56,5600,False,565600,5656,101,ae3b9b3532214bc3bad13e7ea9518ddf,2020-03-20_21-34-38,1584740078,10.269165992736816,1022.4714951515198,23993,eclipse,137.195.211.213,1022.4714951515198,565600,101,28,2ed37c9e,0.04,0.0,1.0,10.437598668218362,0.9988421490004816,1.5064457933531847,555904,565600,2945.754,5.858,7146.262,18.428,0.44999998807907104,4.999999873689376e-05,8118.37060546875,-0.0301913321018219,8118.39453125,0.13891524076461792,0.014475502073764801,3.887047052383423,0.0
1862.6305087227518,-333.8556403649569,14.585303709550844,100.0,56,5600,False,571200,5712,102,ae3b9b3532214bc3bad13e7ea9518ddf,2020-03-20_21-34-48,1584740088,10.18227505683899,1032.6537702083588,23993,eclipse,137.195.211.213,1032.6537702083588,571200,102,28,2ed37c9e,0.02,0.0,1.0,10.440398307870044,0.9986716838007635,1.5063180553719178,561408,571200,2937.661,5.821,7147.204,19.069,0.44999998807907104,4.999999873689376e-05,21138.33984375,-0.021208960562944412,21138.353515625,0.13937419652938843,0.011128383688628674,3.987771987915039,0.0
3747.532996633964,-477.63420850282296,51.78105384983325,100.0,56,5600,False,576800,5768,103,ae3b9b3532214bc3bad13e7ea9518ddf,2020-03-20_21-34-58,1584740098,9.955539464950562,1042.6093096733093,23993,eclipse,137.195.211.213,1042.6093096733093,576800,103,28,2ed37c9e,0.03,0.0,1.0,10.443779384609616,0.9985118838194386,1.5060161480553023,566912,576800,2910.264,5.825,7167.278,17.917,0.44999998807907104,4.999999873689376e-05,91516.9375,-0.026182662695646286,91516.953125,0.05592188239097595,0.01425470132380724,3.952436685562134,0.0
3747.532996633964,-477.63420850282296,46.62097445549145,100.0,56,5600,False,582400,5824,104,ae3b9b3532214bc3bad13e7ea9518ddf,2020-03-20_21-35-08,1584740108,10.213650703430176,1052.8229603767395,23993,eclipse,137.195.211.213,1052.8229603767395,582400,104,28,2ed37c9e,0.05,0.0,1.0,10.446632255337017,0.9983710894675971,1.505704675748901,572416,582400,2909.562,5.7,7175.006,16.707,0.44999998807907104,4.999999873689376e-05,20492.037109375,-0.024321960285305977,20492.05859375,0.11766152828931808,0.010255616158246994,3.916097640991211,0.0
2312.632354918414,-427.3700822987359,33.03144181769419,100.0,56,5600,False,588000,5880,105,ae3b9b3532214bc3bad13e7ea9518ddf,2020-03-20_21-35-18,1584740118,10.006913185119629,1062.8298735618591,23993,eclipse,137.195.211.213,1062.8298735618591,588000,105,28,2ed37c9e,0.08,0.0,1.0,10.448425603990142,0.9983574783098242,1.5055916720214935,577920,588000,2881.092,5.409,7198.095,16.472,0.44999998807907104,4.999999873689376e-05,36932.77734375,-0.024136992171406746,36932.796875,0.09876996278762817,0.011870579794049263,4.166632175445557,0.0
2312.632354918414,-277.55313767571175,20.004588424975637,100.0,56,5600,False,593600,5936,106,ae3b9b3532214bc3bad13e7ea9518ddf,2020-03-20_21-35-28,1584740128,10.176486015319824,1073.006359577179,23993,eclipse,137.195.211.213,1073.006359577179,593600,106,28,2ed37c9e,0.05,0.0,1.0,10.450484819058781,0.998305668153537,1.5056121187586284,583424,593600,2872.394,5.367,7210.349,16.556,0.44999998807907104,4.999999873689376e-05,596.8889770507812,-0.03179973363876343,596.9144897460938,0.43793705105781555,0.013872331008315086,3.977193832397461,0.0
1652.2174512164918,-159.53885928369485,55.91306633959311,100.0,56,5600,False,599200,5992,107,ae3b9b3532214bc3bad13e7ea9518ddf,2020-03-20_21-35-38,1584740138,10.16498064994812,1083.171340227127,23993,eclipse,137.195.211.213,1083.171340227127,599200,107,28,2ed37c9e,0.09,0.0,1.0,10.45294147102708,0.9982294429762719,1.505489273921961,588928,599200,2865.514,5.348,7217.861,16.75,0.44999998807907104,4.999999873689376e-05,46227.04296875,-0.028297726064920425,46227.0625,0.12930278480052948,0.014307847246527672,3.9811925888061523,0.0
1652.2174512164918,-406.1200489203904,51.92350738137542,100.0,56,5600,False,604800,6048,108,ae3b9b3532214bc3bad13e7ea9518ddf,2020-03-20_21-35-49,1584740149,10.172752380371094,1093.3440926074982,23993,eclipse,137.195.211.213,1093.3440926074982,604800,108,28,2ed37c9e,0.08,0.0,1.0,10.45571456876273,0.9981850674229249,1.505351821755539,594432,604800,2857.457,5.636,7219.258,17.411,0.44999998807907104,4.999999873689376e-05,1762.9444580078125,-0.03132327273488045,1762.96875,0.15320730209350586,0.016030466184020042,3.860516309738159,0.0
1327.8201844320301,-406.1200489203904,16.740350433010484,100.0,56,5600,False,610400,6104,109,ae3b9b3532214bc3bad13e7ea9518ddf,2020-03-20_21-35-59,1584740159,10.252153635025024,1103.5962462425232,23993,eclipse,137.195.211.213,1103.5962462425232,610400,109,28,2ed37c9e,0.02,0.0,1.0,10.458464171138004,0.9981408632508081,1.505340139077988,599936,610400,2852.366,5.545,7223.385,17.801,0.44999998807907104,4.999999873689376e-05,18663.193359375,-0.02419634722173214,18663.212890625,0.17512501776218414,0.013187182135879993,3.893221139907837,0.0
1327.8201844320301,-448.67260560307756,12.771235637105764,100.0,56,5600,False,616000,6160,110,ae3b9b3532214bc3bad13e7ea9518ddf,2020-03-20_21-36-09,1584740169,10.249275207519531,1113.8455214500427,23993,eclipse,137.195.211.213,1113.8455214500427,616000,110,28,2ed37c9e,0.03,0.0,1.0,10.461891685640278,0.9980706154735581,1.505372651580704,605440,616000,2852.177,5.465,7224.009,17.763,0.44999998807907104,4.999999873689376e-05,3794.1552734375,-0.02963244915008545,3794.177001953125,0.2459850311279297,0.01800554245710373,3.9056010246276855,0.0
302.01889179133525,-575.6388360238825,-18.28358494707035,100.0,56,5600,False,621600,6216,111,ae3b9b3532214bc3bad13e7ea9518ddf,2020-03-20_21-36-19,1584740179,10.117651462554932,1123.9631729125977,23993,eclipse,137.195.211.213,1123.9631729125977,621600,111,28,2ed37c9e,0.01,0.0,1.0,10.465647808484032,0.9979955012228708,1.5053908427448477,610944,621600,2860.625,5.43,7202.362,16.953,0.44999998807907104,4.999999873689376e-05,1762.0599365234375,-0.024670282378792763,1762.078125,0.2824869453907013,0.014115376397967339,3.8328492641448975,0.0
885.3904174609496,-575.6388360238825,-3.603291820072635,100.0,56,5600,False,627200,6272,112,ae3b9b3532214bc3bad13e7ea9518ddf,2020-03-20_21-36-30,1584740190,10.244240760803223,1134.2074136734009,23993,eclipse,137.195.211.213,1134.2074136734009,627200,112,28,2ed37c9e,0.02,0.0,1.0,10.468340915356675,0.997936391404865,1.5053825702860444,616448,627200,2864.451,5.194,7205.216,16.82,0.44999998807907104,4.999999873689376e-05,7578.33447265625,-0.025263069197535515,7578.3544921875,0.16047225892543793,0.011744446121156216,3.809986114501953,0.0
650.9202265758429,-412.0702486222678,0.5599176204724798,100.0,56,5600,False,632800,6328,113,ae3b9b3532214bc3bad13e7ea9518ddf,2020-03-20_21-36-40,1584740200,10.207155227661133,1144.414568901062,23993,eclipse,137.195.211.213,1144.414568901062,632800,113,28,2ed37c9e,0.02,0.0,1.0,10.47137068109571,0.9978554461988952,1.505395899820985,621952,632800,2870.7,5.185,7223.637,17.307,0.44999998807907104,4.999999873689376e-05,4457.93701171875,-0.022898422554135323,4457.953125,0.27397218346595764,0.014122551307082176,3.766571044921875,0.0
1921.3459418689943,-412.0702486222678,29.610291734975753,100.0,56,5600,False,638400,6384,114,ae3b9b3532214bc3bad13e7ea9518ddf,2020-03-20_21-36-50,1584740210,10.109493255615234,1154.5240621566772,23993,eclipse,137.195.211.213,1154.5240621566772,638400,114,28,2ed37c9e,0.05,0.0,1.0,10.473768755748322,0.9978232967188535,1.5053563556469072,627456,638400,2865.777,5.042,7216.275,17.903,0.44999998807907104,4.999999873689376e-05,25858.69140625,-0.022376257926225662,25858.708984375,0.12677909433841705,0.010095375590026379,3.800431728363037,0.0
1921.3459418689943,-34.54882662260798,24.595462404209,100.0,56,5600,False,644000,6440,115,ae3b9b3532214bc3bad13e7ea9518ddf,2020-03-20_21-37-00,1584740220,10.109559059143066,1164.6336212158203,23993,eclipse,137.195.211.213,1164.6336212158203,644000,115,28,2ed37c9e,0.04,0.0,1.0,10.475465927742277,0.9978265175253491,1.5054895989030133,632960,644000,2872.154,5.252,7220.889,17.972,0.44999998807907104,4.999999873689376e-05,505.5306701660156,-0.026999456807971,505.5505065917969,0.4400619566440582,0.016005225479602814,3.7461678981781006,0.0
2978.5409248952637,-356.92945754325456,98.7649016468801,100.0,56,5600,False,649600,6496,116,ae3b9b3532214bc3bad13e7ea9518ddf,2020-03-20_21-37-11,1584740231,10.24551010131836,1174.8791313171387,23993,eclipse,137.195.211.213,1174.8791313171387,649600,116,28,2ed37c9e,0.07,0.0,1.0,10.477768727344891,0.9979432557379986,1.5054817561953018,638464,649600,2880.62,5.284,7221.878,17.235,0.44999998807907104,4.999999873689376e-05,122223.5703125,-0.032166387885808945,122223.59375,0.08381560444831848,0.01392867136746645,3.6181228160858154,0.0
3710.187519998041,-73.76991397925497,147.21960190863558,100.0,56,5600,False,655200,6552,117,ae3b9b3532214bc3bad13e7ea9518ddf,2020-03-20_21-37-21,1584740241,10.240886211395264,1185.120017528534,23993,eclipse,137.195.211.213,1185.120017528534,655200,117,28,2ed37c9e,0.09,0.0,1.0,10.480571064902774,0.998005390461994,1.505339369339825,643968,655200,2891.942,4.986,7217.449,17.564,0.44999998807907104,4.999999873689376e-05,127416.0703125,-0.027308017015457153,127416.1015625,0.09010324627161026,0.011789740063250065,3.64848256111145,0.0
2123.3423158508235,-149.57623491835722,25.571891936018904,100.0,56,5600,False,660800,6608,118,ae3b9b3532214bc3bad13e7ea9518ddf,2020-03-20_21-37-31,1584740251,10.18999457359314,1195.310012102127,23993,eclipse,137.195.211.213,1195.310012102127,660800,118,28,2ed37c9e,0.05,0.0,1.0,10.48313785561207,0.9979340617012418,1.5053468755314174,649472,660800,2896.415,4.863,7215.047,17.145,0.44999998807907104,4.999999873689376e-05,2143.434326171875,-0.02971738949418068,2143.456787109375,0.35619446635246277,0.015370885841548443,3.7063374519348145,0.0
578.6426910172071,-149.57623491835722,8.179950800022407,100.0,56,5600,False,666400,6664,119,ae3b9b3532214bc3bad13e7ea9518ddf,2020-03-20_21-37-41,1584740261,10.14516568183899,1205.455177783966,23993,eclipse,137.195.211.213,1205.455177783966,666400,119,28,2ed37c9e,0.03,0.0,1.0,10.485481608929833,0.9978639669854862,1.5053826729578288,654976,666400,2890.056,5.01,7209.839,16.273,0.44999998807907104,4.999999873689376e-05,1730.7711181640625,-0.02813144586980343,1730.79345703125,0.3180694878101349,0.012229373678565025,3.7826735973358154,0.0
2072.478947155972,-60.710446519382025,69.84723847927332,100.0,56,5600,False,672000,6720,120,ae3b9b3532214bc3bad13e7ea9518ddf,2020-03-20_21-37-52,1584740272,10.394932270050049,1215.850110054016,23993,eclipse,137.195.211.213,1215.850110054016,672000,120,28,2ed37c9e,0.07,0.0,1.0,10.488687347362495,0.9977648868538062,1.505208125755117,660480,672000,2894.287,4.999,7216.501,17.202,0.44999998807907104,4.999999873689376e-05,62348.046875,-0.026147183030843735,62348.0625,0.11141613870859146,0.012331105768680573,3.417142629623413,0.0
1913.0866578259834,-32.32803886910896,41.68999874430512,100.0,56,5600,False,677600,6776,121,ae3b9b3532214bc3bad13e7ea9518ddf,2020-03-20_21-38-02,1584740282,10.097286701202393,1225.9473967552185,23993,eclipse,137.195.211.213,1225.9473967552185,677600,121,28,2ed37c9e,0.06,0.0,1.0,10.491435427303314,0.9977377739042731,1.5050597571853024,665984,677600,2878.899,4.72,7230.627,17.833,0.44999998807907104,4.999999873689376e-05,6643.18017578125,-0.018884576857089996,6643.19384765625,0.1969710886478424,0.011663717217743397,3.649277687072754,0.0
4105.219655612423,-102.52615111103559,72.49020298141892,100.0,56,5600,False,683200,6832,122,ae3b9b3532214bc3bad13e7ea9518ddf,2020-03-20_21-38-12,1584740292,9.787458896636963,1235.7348556518555,23993,eclipse,137.195.211.213,1235.7348556518555,683200,122,28,2ed37c9e,0.05,0.0,1.0,10.493360091528164,0.997743566444945,1.5050159917215504,671488,683200,2883.886,4.983,7179.591,17.763,0.44999998807907104,4.999999873689376e-05,132750.921875,-0.022012101486325264,132750.9375,0.0968632623553276,0.012596243061125278,3.531939744949341,0.0
4105.219655612423,-102.52615111103559,142.7870424810314,100.0,56,5600,False,688800,6888,123,ae3b9b3532214bc3bad13e7ea9518ddf,2020-03-20_21-38-22,1584740302,10.038132905960083,1245.7729885578156,23993,eclipse,137.195.211.213,1245.7729885578156,688800,123,28,2ed37c9e,0.15,0.0,1.0,10.497332238980462,0.9977005744180465,1.5052009142303269,676992,688800,2892.484,4.917,7152.492,17.692,0.44999998807907104,4.999999873689376e-05,53726.99609375,-0.028576413169503212,53727.015625,0.1632004827260971,0.012388969771564007,3.342578172683716,0.0
2090.7576717423312,-474.1784631622306,101.8612719687568,100.0,56,5600,False,694400,6944,124,ae3b9b3532214bc3bad13e7ea9518ddf,2020-03-20_21-38-32,1584740312,10.168627738952637,1255.9416162967682,23993,eclipse,137.195.211.213,1255.9416162967682,694400,124,28,2ed37c9e,0.13,0.0,1.0,10.505900477142859,0.9980374009646248,1.506617622387094,682496,694400,2935.783,5.292,7116.441,17.616,0.44999998807907104,4.999999873689376e-05,51983.90625,-0.02767295390367508,51983.9296875,0.1359393447637558,0.015364681370556355,3.6044399738311768,0.0
1997.571683128479,-474.1784631622306,67.26331659519485,100.0,56,5600,False,700000,7000,125,ae3b9b3532214bc3bad13e7ea9518ddf,2020-03-20_21-38-43,1584740323,10.616503238677979,1266.5581195354462,23993,eclipse,137.195.211.213,1266.5581195354462,700000,125,28,2ed37c9e,0.09,0.0,1.0,10.513633798828499,0.9985498511189445,1.5081132058236302,688000,700000,2975.724,5.403,7126.477,17.399,0.44999998807907104,4.999999873689376e-05,9373.25,-0.028595492243766785,9373.271484375,0.3018749952316284,0.013557004742324352,3.5499563217163086,0.0
1870.6470528890532,-264.32730528940306,99.96565766420439,100.0,56,5600,False,705600,7056,126,ae3b9b3532214bc3bad13e7ea9518ddf,2020-03-20_21-38-53,1584740333,10.183683633804321,1276.7418031692505,23993,eclipse,137.195.211.213,1276.7418031692505,705600,126,28,2ed37c9e,0.11,0.0,1.0,10.517092714621,0.9987378291760636,1.5084477916591483,693504,705600,2972.562,5.383,7121.245,18.597,0.44999998807907104,4.999999873689376e-05,81207.671875,-0.02825453318655491,81207.6875,0.1599721610546112,0.014886821620166302,3.5561394691467285,0.0
1870.6470528890532,-264.32730528940306,103.83385470918336,100.0,56,5600,False,711200,7112,127,ae3b9b3532214bc3bad13e7ea9518ddf,2020-03-20_21-39-03,1584740343,10.316786289215088,1287.0585894584656,23993,eclipse,137.195.211.213,1287.0585894584656,711200,127,28,2ed37c9e,0.13,0.0,1.0,10.519250647010697,0.9987118072309619,1.5082689531511266,699008,711200,2974.923,5.604,7127.554,18.149,0.44999998807907104,4.999999873689376e-05,35296.57421875,-0.020652959123253822,35296.5859375,0.1462952047586441,0.012848231941461563,3.3800504207611084,0.0
2576.2098886330846,-163.2377987650018,210.39046844970875,100.0,56,5600,False,716800,7168,128,ae3b9b3532214bc3bad13e7ea9518ddf,2020-03-20_21-39-13,1584740353,10.16767954826355,1297.2262690067291,23993,eclipse,137.195.211.213,1297.2262690067291,716800,128,28,2ed37c9e,0.21,0.0,1.0,10.521750289101192,0.9986300169215877,1.5080969894980902,704512,716800,2987.051,5.727,7115.033,17.66,0.44999998807907104,4.999999873689376e-05,160465.15625,-0.024784117937088013,160465.171875,0.15338076651096344,0.015139373019337654,3.353806257247925,0.0
2576.2098886330846,-163.2377987650018,216.61467088185339,100.0,56,5600,False,722400,7224,129,ae3b9b3532214bc3bad13e7ea9518ddf,2020-03-20_21-39-24,1584740364,10.13432002067566,1307.3605890274048,23993,eclipse,137.195.211.213,1307.3605890274048,722400,129,28,2ed37c9e,0.22,0.0,1.0,10.52454424068254,0.9985245945471953,1.5079247068439352,710016,722400,2994.608,5.797,7105.0,17.907,0.44999998807907104,4.999999873689376e-05,59169.3203125,-0.029521776363253593,59169.34765625,0.18383340537548065,0.014091392047703266,3.277462959289551,0.0
2362.30610857807,-520.7616400810992,120.53283705125361,100.0,56,5600,False,728000,7280,130,ae3b9b3532214bc3bad13e7ea9518ddf,2020-03-20_21-39-34,1584740374,10.148279428482056,1317.5088684558868,23993,eclipse,137.195.211.213,1317.5088684558868,728000,130,28,2ed37c9e,0.14,0.0,1.0,10.526614922292312,0.9985103091793402,1.507866503399253,715520,728000,2991.397,6.128,7085.894,17.242,0.44999998807907104,4.999999873689376e-05,48770.640625,-0.02151077799499035,48770.65625,0.20089566707611084,0.01436575036495924,3.429511547088623,0.0
3744.0251927790996,-520.7616400810992,137.7383794301868,100.0,56,5600,False,733600,7336,131,ae3b9b3532214bc3bad13e7ea9518ddf,2020-03-20_21-39-44,1584740384,10.164163589477539,1327.6730320453644,23993,eclipse,137.195.211.213,1327.6730320453644,733600,131,28,2ed37c9e,0.14,0.0,1.0,10.529272224054418,0.9984057437404783,1.5077667588025934,721024,733600,2992.154,6.423,7090.696,16.564,0.44999998807907104,4.999999873689376e-05,140509.921875,-0.025863222777843475,140509.953125,0.1204286515712738,0.015328540466725826,3.2880232334136963,0.0
3744.0251927790996,-32.18914577356523,146.61904250247753,100.0,56,5600,False,739200,7392,132,ae3b9b3532214bc3bad13e7ea9518ddf,2020-03-20_21-39-54,1584740394,10.227632284164429,1337.9006643295288,23993,eclipse,137.195.211.213,1337.9006643295288,739200,132,28,2ed37c9e,0.14,0.0,1.0,10.531722890223037,0.9983230174576567,1.5075306683694043,726528,739200,2989.712,6.42,7135.967,15.902,0.44999998807907104,4.999999873689376e-05,34613.359375,-0.02382027916610241,34613.37890625,0.23539024591445923,0.015322946943342686,3.5401337146759033,0.0
1654.9146940554756,-375.01601923907964,107.2732851313026,100.0,56,5600,False,744800,7448,133,ae3b9b3532214bc3bad13e7ea9518ddf,2020-03-20_21-40-04,1584740404,10.202221632003784,1348.1028859615326,23993,eclipse,137.195.211.213,1348.1028859615326,744800,133,28,2ed37c9e,0.12,0.0,1.0,10.533446768103278,0.998267325900824,1.5072931627211386,732032,744800,2980.522,6.505,7162.878,16.323,0.44999998807907104,4.999999873689376e-05,48687.6484375,-0.026949092745780945,48687.66796875,0.21774832904338837,0.016340365633368492,3.409625291824341,0.0
3329.070227112538,-375.01601923907964,142.97326424840122,100.0,56,5600,False,750400,7504,134,ae3b9b3532214bc3bad13e7ea9518ddf,2020-03-20_21-40-15,1584740415,10.139309883117676,1358.2421958446503,23993,eclipse,137.195.211.213,1358.2421958446503,750400,134,28,2ed37c9e,0.11,0.0,1.0,10.535530067252006,0.9981966966075632,1.5071349515865446,737536,750400,2937.309,6.327,7200.978,16.515,0.44999998807907104,4.999999873689376e-05,106327.4296875,-0.0238480381667614,106327.46875,0.1760253757238388,0.015890179201960564,3.3978843688964844,0.0
3720.9559841100395,-284.56212553902157,180.42717870922112,100.0,56,5600,False,756000,7560,135,ae3b9b3532214bc3bad13e7ea9518ddf,2020-03-20_21-40-25,1584740425,10.255878686904907,1368.4980745315552,23993,eclipse,137.195.211.213,1368.4980745315552,756000,135,28,2ed37c9e,0.16,0.0,1.0,10.538746061036472,0.998074439027987,1.5069508697772078,743040,756000,2909.292,6.194,7194.543,16.753,0.44999998807907104,4.999999873689376e-05,107556.1484375,-0.015454834327101707,107556.1484375,0.1309613138437271,0.02525588497519493,3.1478850841522217,0.0
3720.9559841100395,-146.21949919178763,201.12629903819496,100.0,56,5600,False,761600,7616,136,ae3b9b3532214bc3bad13e7ea9518ddf,2020-03-20_21-40-35,1584740435,10.216806173324585,1378.7148807048798,23993,eclipse,137.195.211.213,1378.7148807048798,761600,136,28,2ed37c9e,0.22,0.0,1.0,10.541496257844706,0.9979218820750887,1.5067029417779698,748544,761600,2908.145,6.201,7199.801,16.006,0.675000011920929,4.999999873689376e-05,109137.6640625,-0.027936317026615143,109137.671875,0.1948397159576416,0.01042148843407631,3.478271484375,0.0
2305.1297182503777,-324.36988534718773,137.84653264071912,100.0,56,5600,False,767200,7672,137,ae3b9b3532214bc3bad13e7ea9518ddf,2020-03-20_21-40-45,1584740445,10.200528144836426,1388.9154088497162,23993,eclipse,137.195.211.213,1388.9154088497162,767200,137,28,2ed37c9e,0.18,0.0,1.0,10.543437870103922,0.9978465923457922,1.5064761970056326,754048,767200,2904.782,5.936,7193.843,15.839,0.675000011920929,4.999999873689376e-05,33016.2890625,-0.028772974386811256,33016.3125,0.3021047115325928,0.012849231250584126,3.3589792251586914,0.0
2180.983882454663,-544.6875209397452,136.658809529045,100.0,56,5600,False,772800,7728,138,ae3b9b3532214bc3bad13e7ea9518ddf,2020-03-20_21-40-56,1584740456,10.039072513580322,1398.9544813632965,23993,eclipse,137.195.211.213,1398.9544813632965,772800,138,28,2ed37c9e,0.17,0.0,1.0,10.546080993362,0.997684496906357,1.5061851462362876,759552,772800,2888.177,5.834,7198.089,16.355,0.675000011920929,4.999999873689376e-05,69888.0546875,-0.02726658061146736,69888.0703125,0.15339568257331848,0.012048535980284214,3.33945631980896,0.0
2511.5152207681317,-29.21801967004888,154.83361243099958,100.0,56,5600,False,778400,7784,139,ae3b9b3532214bc3bad13e7ea9518ddf,2020-03-20_21-41-06,1584740466,10.258298635482788,1409.2127799987793,23993,eclipse,137.195.211.213,1409.2127799987793,778400,139,28,2ed37c9e,0.18,0.0,1.0,10.549427247300498,0.9975366360238476,1.5058919747690578,765056,778400,2895.712,5.406,7206.63,16.121,0.675000011920929,4.999999873689376e-05,77432.6953125,-0.02317984402179718,77432.703125,0.21164871752262115,0.011483981274068356,3.1883957386016846,0.0
2511.5152207681317,-34.22884801898362,144.47410919629635,100.0,56,5600,False,784000,7840,140,ae3b9b3532214bc3bad13e7ea9518ddf,2020-03-20_21-41-16,1584740476,10.337180137634277,1419.5499601364136,23993,eclipse,137.195.211.213,1419.5499601364136,784000,140,28,2ed37c9e,0.19,0.0,1.0,10.55237113724315,0.9974093236179311,1.505612259573208,770560,784000,2900.301,5.085,7219.9,16.457,0.675000011920929,4.999999873689376e-05,37071.94921875,-0.030959011986851692,37071.9765625,0.27325543761253357,0.012304765172302723,3.2872374057769775,0.0
2997.277808693479,-34.22884801898362,152.02523123921003,100.0,56,5600,False,789600,7896,141,ae3b9b3532214bc3bad13e7ea9518ddf,2020-03-20_21-41-26,1584740486,10.202404260635376,1429.752364397049,23993,eclipse,137.195.211.213,1429.752364397049,789600,141,28,2ed37c9e,0.18,0.0,1.0,10.55450883053298,0.9972310120592812,1.505383890315929,776064,789600,2905.066,5.085,7217.86,16.937,0.675000011920929,4.999999873689376e-05,97719.5,-0.021260032430291176,97719.5,0.2015230655670166,0.012366312555968761,3.3988921642303467,0.0
4062.690272403351,-31.713100406757437,168.86494014352215,100.0,56,5600,False,795200,7952,142,ae3b9b3532214bc3bad13e7ea9518ddf,2020-03-20_21-41-37,1584740497,10.266272783279419,1440.0186371803284,23993,eclipse,137.195.211.213,1440.0186371803284,795200,142,28,2ed37c9e,0.19,0.0,1.0,10.556701133008238,0.997067448834359,1.505234711595587,781568,795200,2912.015,5.092,7214.601,16.699,0.675000011920929,4.999999873689376e-05,149475.359375,-0.018932173028588295,149475.375,0.18612425029277802,0.015827946364879608,3.171157121658325,0.0
4062.690272403351,-248.54040123739983,135.56936746657516,100.0,56,5600,False,800800,8008,143,ae3b9b3532214bc3bad13e7ea9518ddf,2020-03-20_21-41-47,1584740507,10.323048114776611,1450.341685295105,23993,eclipse,137.195.211.213,1450.341685295105,800800,143,28,2ed37c9e,0.15,0.0,1.0,10.559112390415114,0.996961975721221,1.5050439685292571,787072,800800,2920.939,5.122,7217.476,16.337,0.675000011920929,4.999999873689376e-05,30633.267578125,-0.023746604099869728,30633.279296875,0.20816530287265778,0.0118359150364995,3.3057613372802734,0.0
3195.1257008551797,-248.54040123739983,163.83353717110242,100.0,56,5600,False,806400,8064,144,ae3b9b3532214bc3bad13e7ea9518ddf,2020-03-20_21-41-57,1584740517,10.286481618881226,1460.6281669139862,23993,eclipse,137.195.211.213,1460.6281669139862,806400,144,28,2ed37c9e,0.15,0.0,1.0,10.561287460494945,0.9969194640705371,1.5048950293132248,792576,806400,2929.683,5.049,7223.889,16.405,0.675000011920929,4.999999873689376e-05,147363.640625,-0.024267736822366714,147363.640625,0.19312304258346558,0.012907536700367928,3.4112818241119385,0.0
3195.1257008551797,-31.760370101796767,178.8981370378888,100.0,56,5600,False,812000,8120,145,ae3b9b3532214bc3bad13e7ea9518ddf,2020-03-20_21-42-08,1584740528,10.220507860183716,1470.84867477417,23993,eclipse,137.195.211.213,1470.84867477417,812000,145,28,2ed37c9e,0.16,0.0,1.0,10.56400506795428,0.9968090985441633,1.5047033673938872,798080,812000,2927.726,5.063,7222.936,15.434,0.675000011920929,4.999999873689376e-05,89247.8828125,-0.029632478952407837,89247.890625,0.16381573677062988,0.012124157510697842,3.1100404262542725,0.0
2521.6096105751562,-278.0262535443245,143.27206214076534,100.0,56,5600,False,817600,8176,146,ae3b9b3532214bc3bad13e7ea9518ddf,2020-03-20_21-42-18,1584740538,10.238362073898315,1481.0870368480682,23993,eclipse,137.195.211.213,1481.0870368480682,817600,146,28,2ed37c9e,0.17,0.0,1.0,10.567360047382977,0.9967111821717102,1.5044338886253996,803584,817600,2941.506,5.044,7212.476,16.087,0.675000011920929,4.999999873689376e-05,20800.662109375,-0.018608123064041138,20800.673828125,0.21385297179222107,0.015317904762923717,2.9973320960998535,0.0
1231.6600691086933,-355.0262175085232,65.39244202646042,100.0,56,5600,False,823200,8232,147,ae3b9b3532214bc3bad13e7ea9518ddf,2020-03-20_21-42-28,1584740548,10.241331100463867,1491.328367948532,23993,eclipse,137.195.211.213,1491.328367948532,823200,147,28,2ed37c9e,0.16,0.0,1.0,10.570472583024435,0.9966896574870023,1.504291791250533,809088,823200,2944.535,5.376,7212.86,15.938,0.675000011920929,4.999999873689376e-05,8708.041015625,-0.03263825178146362,8708.064453125,0.09114093333482742,0.013409467414021492,3.330122470855713,0.0
1448.4782419090163,-355.0262175085232,61.81901570423639,100.0,56,5600,False,828800,8288,148,ae3b9b3532214bc3bad13e7ea9518ddf,2020-03-20_21-42-39,1584740559,10.264970064163208,1501.5933380126953,23993,eclipse,137.195.211.213,1501.5933380126953,828800,148,28,2ed37c9e,0.13,0.0,1.0,10.57336203561582,0.9966879536571682,1.504143043435227,814592,828800,2961.191,5.409,7218.566,15.481,0.675000011920929,4.999999873689376e-05,21430.787109375,-0.02530515193939209,21430.8046875,0.22517576813697815,0.01218172162771225,3.2100188732147217,0.0
2452.751761625066,-269.514001293478,138.08868399603844,100.0,56,5600,False,834400,8344,149,ae3b9b3532214bc3bad13e7ea9518ddf,2020-03-20_21-42-49,1584740569,10.299587726593018,1511.8929257392883,23993,eclipse,137.195.211.213,1511.8929257392883,834400,149,28,2ed37c9e,0.18,0.0,1.0,10.57650652192064,0.9965728382939661,1.50398666309563,820096,834400,2959.872,5.714,7223.136,16.11,0.675000011920929,4.999999873689376e-05,81958.2734375,-0.02343173325061798,81958.28125,0.2255432903766632,0.011793537065386772,3.2898805141448975,0.0
2744.4936096697493,-434.81205829982235,259.1110126658282,100.0,56,5600,False,840000,8400,150,ae3b9b3532214bc3bad13e7ea9518ddf,2020-03-20_21-42-59,1584740579,10.341511487960815,1522.2344372272491,23993,eclipse,137.195.211.213,1522.2344372272491,840000,150,28,2ed37c9e,0.23,0.0,1.0,10.580312239686421,0.9964616171400096,1.503782645368916,825600,840000,2963.339,5.677,7220.153,16.208,0.675000011920929,4.999999873689376e-05,151135.84375,-0.024749107658863068,151135.84375,0.1836606115102768,0.014544293284416199,2.9653303623199463,0.0
2744.4936096697493,-434.81205829982235,274.79630170298236,100.0,56,5600,False,845600,8456,151,ae3b9b3532214bc3bad13e7ea9518ddf,2020-03-20_21-43-09,1584740589,9.964135646820068,1532.1985728740692,23993,eclipse,137.195.211.213,1532.1985728740692,845600,151,28,2ed37c9e,0.23,0.0,1.0,10.584337250367893,0.9965096407447767,1.5036948508646406,831104,845600,2974.432,5.64,7185.363,15.915,0.675000011920929,4.999999873689376e-05,120467.0,-0.032953083515167236,120467.0234375,0.17007993161678314,0.012530154548585415,3.135000467300415,0.0
2092.9648495027745,-147.50569724249726,231.74083838950767,100.0,56,5600,False,851200,8512,152,ae3b9b3532214bc3bad13e7ea9518ddf,2020-03-20_21-43-19,1584740599,9.930211782455444,1542.1287846565247,23993,eclipse,137.195.211.213,1542.1287846565247,851200,152,28,2ed37c9e,0.24,0.0,1.0,10.588799902699526,0.9965348868201039,1.5038244585531795,836608,851200,2977.637,5.778,7148.805,16.986,0.675000011920929,4.999999873689376e-05,95738.5703125,-0.030247915536165237,95738.59375,0.2196584790945053,0.01277922187000513,3.196661949157715,0.0
3565.2287787141745,-278.1940087341657,239.84717714300655,100.0,56,5600,False,856800,8568,153,ae3b9b3532214bc3bad13e7ea9518ddf,2020-03-20_21-43-29,1584740609,10.14778470993042,1552.276569366455,23993,eclipse,137.195.211.213,1552.276569366455,856800,153,28,2ed37c9e,0.23,0.0,1.0,10.592907969601617,0.9966047788935954,1.504075873384794,842112,856800,2977.836,5.769,7132.108,17.707,0.675000011920929,4.999999873689376e-05,135409.609375,-0.023118678480386734,135409.625,0.14940360188484192,0.012683635577559471,3.024876117706299,0.0
3565.2287787141745,-463.06540643481634,200.90068318275124,100.0,56,5600,False,862400,8624,154,ae3b9b3532214bc3bad13e7ea9518ddf,2020-03-20_21-43-40,1584740620,10.457138061523438,1562.7337074279785,23993,eclipse,137.195.211.213,1562.7337074279785,862400,154,28,2ed37c9e,0.19,0.0,1.0,10.597048514040766,0.996636936916147,1.5043628347865672,847616,862400,2995.536,6.091,7130.845,17.61,0.675000011920929,4.999999873689376e-05,71411.21875,-0.029011480510234833,71411.2421875,0.2088610827922821,0.01220136508345604,3.117672920227051,0.0
2313.6121065423536,-92.14686949069974,93.50146860491313,100.0,56,5600,False,868000,8680,155,ae3b9b3532214bc3bad13e7ea9518ddf,2020-03-20_21-43-50,1584740630,10.29309344291687,1573.0268008708954,23993,eclipse,137.195.211.213,1573.0268008708954,868000,155,28,2ed37c9e,0.13,0.0,1.0,10.600158916195728,0.996593127610172,1.5044167981399474,853120,868000,3001.451,6.227,7131.032,18.232,0.675000011920929,4.999999873689376e-05,27286.083984375,-0.022541426122188568,27286.099609375,0.31774741411209106,0.011741929687559605,3.136660575866699,0.0
1771.116798393411,-92.14686949069974,67.88459888867138,100.0,56,5600,False,873600,8736,156,ae3b9b3532214bc3bad13e7ea9518ddf,2020-03-20_21-44-01,1584740641,10.295435667037964,1583.3222365379333,23993,eclipse,137.195.211.213,1583.3222365379333,873600,156,28,2ed37c9e,0.1,0.0,1.0,10.602357883270512,0.9965095179898591,1.5042167596193001,858624,873600,3009.4,6.311,7128.351,17.657,0.675000011920929,4.999999873689376e-05,32059.095703125,-0.026879122480750084,32059.1171875,0.28379496932029724,0.01154869981110096,3.170757293701172,0.0
2554.8917428887926,-309.3264313806113,143.48548508773231,100.0,56,5600,False,879200,8792,157,ae3b9b3532214bc3bad13e7ea9518ddf,2020-03-20_21-44-11,1584740651,10.309038639068604,1593.631275177002,23993,eclipse,137.195.211.213,1593.631275177002,879200,157,28,2ed37c9e,0.12,0.0,1.0,10.605195849506106,0.9964394015262577,1.5040189040589211,864128,879200,3015.788,6.328,7128.512,17.058,0.675000011920929,4.999999873689376e-05,91211.46875,-0.028018970042467117,91211.5,0.20410388708114624,0.013143504969775677,2.8484394550323486,0.0
2554.8917428887926,-309.3264313806113,125.89442396699218,100.0,56,5600,False,884800,8848,158,ae3b9b3532214bc3bad13e7ea9518ddf,2020-03-20_21-44-21,1584740661,10.23082160949707,1603.862096786499,23993,eclipse,137.195.211.213,1603.862096786499,884800,158,28,2ed37c9e,0.16,0.0,1.0,10.608537188120568,0.9963647593583133,1.5038599638762806,869632,884800,3011.623,6.317,7127.477,17.643,0.675000011920929,4.999999873689376e-05,20724.13671875,-0.025469841435551643,20724.154296875,0.19104312360286713,0.014057483524084091,2.975912094116211,0.0
3304.446196969209,-30.195565781876674,106.34914658519158,100.0,56,5600,False,890400,8904,159,ae3b9b3532214bc3bad13e7ea9518ddf,2020-03-20_21-44-32,1584740672,10.301392555236816,1614.1634893417358,23993,eclipse,137.195.211.213,1614.1634893417358,890400,159,28,2ed37c9e,0.11,0.0,1.0,10.611336610661098,0.9963308147196848,1.5036910606158906,875136,890400,3004.826,6.24,7135.046,17.05,0.675000011920929,4.999999873689376e-05,115123.59375,-0.02230081334710121,115123.59375,0.195389986038208,0.01422562263906002,3.0678443908691406,0.0
3304.446196969209,-223.5072005070887,162.39754758331767,100.0,56,5600,False,896000,8960,160,ae3b9b3532214bc3bad13e7ea9518ddf,2020-03-20_21-44-42,1584740682,10.350303888320923,1624.5137932300568,23993,eclipse,137.195.211.213,1624.5137932300568,896000,160,28,2ed37c9e,0.14,0.0,1.0,10.614057685998645,0.996250017972606,1.503491871669047,880640,896000,3004.821,6.284,7136.111,16.604,0.675000011920929,4.999999873689376e-05,73094.796875,-0.023743197321891785,73094.8046875,0.18129074573516846,0.012259325012564659,3.077430248260498,0.0
3689.5253872881362,-31.53764456480394,206.9685331697144,100.0,56,5600,False,901600,9016,161,ae3b9b3532214bc3bad13e7ea9518ddf,2020-03-20_21-44-52,1584740692,10.368175029754639,1634.8819682598114,23993,eclipse,137.195.211.213,1634.8819682598114,901600,161,28,2ed37c9e,0.19,0.0,1.0,10.61732751288824,0.9961504428021811,1.5032780301162625,886144,901600,3013.406,6.29,7170.062,16.349,0.675000011920929,4.999999873689376e-05,171228.4375,-0.026873106136918068,171228.453125,0.16220887005329132,0.013910641893744469,3.014132022857666,0.0
3689.5253872881362,-31.53764456480394,261.2125584452259,100.0,56,5600,False,907200,9072,162,ae3b9b3532214bc3bad13e7ea9518ddf,2020-03-20_21-45-03,1584740703,10.353818416595459,1645.2357866764069,23993,eclipse,137.195.211.213,1645.2357866764069,907200,162,28,2ed37c9e,0.27,0.0,1.0,10.620578162438994,0.9960225651718716,1.5031029710901391,891648,907200,3019.312,5.861,7208.01,16.362,0.675000011920929,4.999999873689376e-05,86814.3046875,-0.0239722840487957,86814.3125,0.2566058039665222,0.014789222739636898,2.9938275814056396,0.0
4318.559311622927,-28.835828554392755,198.38241343504393,100.0,56,5600,False,912800,9128,163,ae3b9b3532214bc3bad13e7ea9518ddf,2020-03-20_21-45-13,1584740713,10.354668617248535,1655.5904552936554,23993,eclipse,137.195.211.213,1655.5904552936554,912800,163,28,2ed37c9e,0.22,0.0,1.0,10.624360649201776,0.9959789227725235,1.5029187629543619,897152,912800,3019.4,5.8,7227.245,16.033,0.675000011920929,4.999999873689376e-05,109392.765625,-0.023558467626571655,109392.78125,0.12951558828353882,0.012670759111642838,2.7677457332611084,0.0
4318.559311622927,-31.148928685293114,192.1662172484597,100.0,56,5600,False,918400,9184,164,ae3b9b3532214bc3bad13e7ea9518ddf,2020-03-20_21-45-23,1584740723,10.266823768615723,1665.8572790622711,23993,eclipse,137.195.211.213,1665.8572790622711,918400,164,28,2ed37c9e,0.17,0.0,1.0,10.628276436536812,0.9959406048237506,1.5027279748308668,902656,918400,3003.816,5.452,7225.552,16.264,0.675000011920929,4.999999873689376e-05,140312.34375,-0.02492060512304306,140312.359375,0.1659180223941803,0.012621879577636719,2.884188175201416,0.0
2214.8349883871456,-31.18478683698476,99.06504077834119,100.0,56,5600,False,924000,9240,165,ae3b9b3532214bc3bad13e7ea9518ddf,2020-03-20_21-45-34,1584740734,10.274367094039917,1676.131646156311,23993,eclipse,137.195.211.213,1676.131646156311,924000,165,28,2ed37c9e,0.12,0.0,1.0,10.630916334260116,0.9958794618869098,1.502626142860247,908160,924000,2999.225,5.397,7228.06,16.209,0.675000011920929,4.999999873689376e-05,21828.697265625,-0.027485448867082596,21828.716796875,0.23022420704364777,0.014298339374363422,3.0723462104797363,0.0
2415.864151926642,-486.8748220074502,122.39628348710352,100.0,56,5600,False,929600,9296,166,ae3b9b3532214bc3bad13e7ea9518ddf,2020-03-20_21-45-44,1584740744,10.342891693115234,1686.4745378494263,23993,eclipse,137.195.211.213,1686.4745378494263,929600,166,28,2ed37c9e,0.14,0.0,1.0,10.633723303877307,0.9958018881923849,1.5024925801154523,913664,929600,2991.473,5.314,7241.097,16.065,0.675000011920929,4.999999873689376e-05,67960.671875,-0.029577141627669334,67960.6875,0.23922346532344818,0.013188095763325691,3.0234811305999756,0.0
2415.864151926642,-486.8748220074502,122.87506671721069,100.0,56,5600,False,935200,9352,167,ae3b9b3532214bc3bad13e7ea9518ddf,2020-03-20_21-45-54,1584740754,10.294325590133667,1696.76886343956,23993,eclipse,137.195.211.213,1696.76886343956,935200,167,28,2ed37c9e,0.16,0.0,1.0,10.637112122374866,0.9957322577500466,1.5022774137440438,919168,935200,2987.685,5.218,7243.601,17.175,0.675000011920929,4.999999873689376e-05,34329.484375,-0.020245786756277084,34329.4921875,0.24318940937519073,0.011421378701925278,3.085700035095215,0.0
2762.1072115993743,-464.72448182589653,97.59392032203999,100.0,56,5600,False,940800,9408,168,ae3b9b3532214bc3bad13e7ea9518ddf,2020-03-20_21-46-05,1584740765,10.253454208374023,1707.022317647934,23993,eclipse,137.195.211.213,1707.022317647934,940800,168,28,2ed37c9e,0.12,0.0,1.0,10.639797237135113,0.99568680212957,1.5021249358142308,924672,940800,2988.637,5.211,7246.169,16.685,0.675000011920929,4.999999873689376e-05,68896.9453125,-0.0174450371414423,68896.9453125,0.1725752204656601,0.013890371657907963,3.186764717102051,0.0
2762.1072115993743,-498.20819958136605,127.0466268174494,100.0,56,5600,False,946400,9464,169,ae3b9b3532214bc3bad13e7ea9518ddf,2020-03-20_21-46-15,1584740775,10.383253574371338,1717.4055712223053,23993,eclipse,137.195.211.213,1717.4055712223053,946400,169,28,2ed37c9e,0.14,0.0,1.0,10.643067910442525,0.9956176586334655,1.501955971707914,930176,946400,3000.869,5.261,7242.906,16.703,0.675000011920929,4.999999873689376e-05,57992.1328125,-0.02930947206914425,57992.15625,0.25540509819984436,0.013553192839026451,2.7979416847229004,0.0
3327.6813795527055,-498.20819958136605,245.07437012296083,100.0,56,5600,False,952000,9520,170,ae3b9b3532214bc3bad13e7ea9518ddf,2020-03-20_21-46-25,1584740785,10.288281440734863,1727.6938526630402,23993,eclipse,137.195.211.213,1727.6938526630402,952000,170,28,2ed37c9e,0.25,0.0,1.0,10.647210345864147,0.9955315852889065,1.5016956664362988,935680,952000,2998.022,5.595,7238.673,16.498,0.675000011920929,4.999999873689376e-05,153296.4375,-0.019175976514816284,153296.4375,0.19473570585250854,0.020960278809070587,2.664649486541748,0.0
3327.6813795527055,-29.994026175663045,273.16226850608194,100.0,56,5600,False,957600,9576,171,ae3b9b3532214bc3bad13e7ea9518ddf,2020-03-20_21-46-36,1584740796,10.192517518997192,1737.8863701820374,23993,eclipse,137.195.211.213,1737.8863701820374,957600,171,28,2ed37c9e,0.31,0.0,1.0,10.650315162950026,0.995416984031801,1.5015044552779861,941184,957600,2977.39,5.706,7239.52,17.377,1.0125000476837158,4.999999873689376e-05,89300.0,-0.024076497182250023,89300.0,0.2400476485490799,0.01293597649782896,3.08091139793396,0.0
3325.9467244576963,-30.941285359893442,278.9853804373527,100.0,56,5600,False,963200,9632,172,ae3b9b3532214bc3bad13e7ea9518ddf,2020-03-20_21-46-46,1584740806,10.332619905471802,1748.2189900875092,23993,eclipse,137.195.211.213,1748.2189900875092,963200,172,28,2ed37c9e,0.29,0.0,1.0,10.653175345090961,0.9953254696819381,1.501321794988479,946688,963200,2968.291,5.987,7244.79,17.095,1.0125000476837158,4.999999873689376e-05,158609.421875,-0.02682257816195488,158609.4375,0.2554769217967987,0.010324323549866676,2.768141746520996,0.0
3763.6294434549823,-488.8937140672276,266.666558852539,100.0,56,5600,False,968800,9688,173,ae3b9b3532214bc3bad13e7ea9518ddf,2020-03-20_21-46-56,1584740816,10.336488008499146,1758.5554780960083,23993,eclipse,137.195.211.213,1758.5554780960083,968800,173,28,2ed37c9e,0.24,0.0,1.0,10.65583923613954,0.9952635034320876,1.5011389799440633,952192,968800,2962.843,6.222,7248.457,17.273,1.0125000476837158,4.999999873689376e-05,171062.59375,-0.024523526430130005,171062.59375,0.21797508001327515,0.010680598206818104,2.951322555541992,0.0
3763.6294434549823,-488.8937140672276,232.39691922344866,100.0,56,5600,False,974400,9744,174,ae3b9b3532214bc3bad13e7ea9518ddf,2020-03-20_21-47-07,1584740827,10.381963968276978,1768.9374420642853,23993,eclipse,137.195.211.213,1768.9374420642853,974400,174,28,2ed37c9e,0.23,0.0,1.0,10.658830849381403,0.9951898583690264,1.5009826447235242,957696,974400,2969.335,6.304,7250.949,17.018,1.0125000476837158,4.999999873689376e-05,134662.21875,-0.028496867045760155,134662.234375,0.20626454055309296,0.011574983596801758,2.7384839057922363,0.0
2362.9091324834835,-179.91901428714402,160.7440990739042,100.0,56,5600,False,980000,9800,175,ae3b9b3532214bc3bad13e7ea9518ddf,2020-03-20_21-47-17,1584740837,10.364375114440918,1779.3018171787262,23993,eclipse,137.195.211.213,1779.3018171787262,980000,175,28,2ed37c9e,0.19,0.0,1.0,10.662295575026404,0.9951142037639777,1.5007935203891334,963200,980000,2981.925,6.236,7248.41,16.529,1.0125000476837158,4.999999873689376e-05,51167.19140625,-0.023581020534038544,51167.203125,0.21325938403606415,0.010999788530170918,2.845517158508301,0.0
2362.9091324834835,-179.91901428714402,190.37607802964894,100.0,56,5600,False,985600,9856,176,ae3b9b3532214bc3bad13e7ea9518ddf,2020-03-20_21-47-28,1584740848,10.418389797210693,1789.720206975937,23993,eclipse,137.195.211.213,1789.720206975937,985600,176,28,2ed37c9e,0.19,0.0,1.0,10.665419866018887,0.9950375128619201,1.5005863804167767,968704,985600,2988.19,6.271,7248.247,16.688,1.0125000476837158,4.999999873689376e-05,69601.71875,-0.024700157344341278,69601.7421875,0.2994883954524994,0.010791826993227005,2.8298165798187256,0.0
1880.410721334012,-35.06904246305771,132.86452809121676,100.0,56,5600,False,991200,9912,177,ae3b9b3532214bc3bad13e7ea9518ddf,2020-03-20_21-47-38,1584740858,10.283043622970581,1800.0032505989075,23993,eclipse,137.195.211.213,1800.0032505989075,991200,177,28,2ed37c9e,0.15,0.0,1.0,10.667916546346296,0.9949481172554613,1.500383357022219,974208,991200,2987.337,6.283,7246.417,16.613,1.0125000476837158,4.999999873689376e-05,13841.03515625,-0.03063841536641121,13841.0556640625,0.2934711277484894,0.008696898818016052,3.1309964656829834,0.0
3010.2937439264497,-33.063301782873175,142.65331924448435,100.0,56,5600,False,996800,9968,178,ae3b9b3532214bc3bad13e7ea9518ddf,2020-03-20_21-47-48,1584740868,10.262745141983032,1810.2659957408905,23993,eclipse,137.195.211.213,1810.2659957408905,996800,178,28,2ed37c9e,0.13,0.0,1.0,10.670270046330183,0.9949391266289033,1.500164787162712,979712,996800,2986.388,6.37,7247.773,17.385,1.0125000476837158,4.999999873689376e-05,119055.1015625,-0.023260297253727913,119055.125,0.24566513299942017,0.011018697172403336,2.7523117065429688,0.0
3010.2937439264497,-428.70758991865114,159.987322830151,100.0,56,5600,False,1002400,10024,179,ae3b9b3532214bc3bad13e7ea9518ddf,2020-03-20_21-47-59,1584740879,10.445182085037231,1820.7111778259277,23993,eclipse,137.195.211.213,1820.7111778259277,1002400,179,28,2ed37c9e,0.16,0.0,1.0,10.673099429686994,0.9949127469592439,1.5000729442732066,985216,1002400,2992.048,6.326,7247.626,17.251,1.0125000476837158,4.999999873689376e-05,50683.265625,-0.023860255256295204,50683.27734375,0.29475998878479004,0.012438276782631874,2.9803895950317383,0.0
2671.1239691238807,-428.70758991865114,240.61689258108305,100.0,56,5600,False,1008000,10080,180,ae3b9b3532214bc3bad13e7ea9518ddf,2020-03-20_21-48-09,1584740889,10.010074853897095,1830.7212526798248,23993,eclipse,137.195.211.213,1830.7212526798248,1008000,180,28,2ed37c9e,0.23,0.0,1.0,10.676053396789507,0.9948083214287847,1.4998852900139772,990720,1008000,2999.301,5.958,7215.681,17.178,1.0125000476837158,4.999999873689376e-05,133255.0,-0.023341912776231766,133255.0,0.27607783675193787,0.012709380127489567,2.7469446659088135,0.0
2671.1239691238807,-51.62109604899882,303.72635836060607,100.0,56,5600,False,1013600,10136,181,ae3b9b3532214bc3bad13e7ea9518ddf,2020-03-20_21-48-19,1584740899,10.198691129684448,1840.9199438095093,23993,eclipse,137.195.211.213,1840.9199438095093,1013600,181,28,2ed37c9e,0.28,0.0,1.0,10.680479711826974,0.9948196475907003,1.5000568576029991,996224,1013600,3036.14,5.8,7180.866,17.105,1.0125000476837158,4.999999873689376e-05,103923.09375,-0.024153143167495728,103923.1015625,0.29332131147384644,0.01131400465965271,2.761240243911743,0.0
1897.1250468856133,-31.01601116327106,224.5364471129093,100.0,56,5600,False,1019200,10192,182,ae3b9b3532214bc3bad13e7ea9518ddf,2020-03-20_21-48-29,1584740909,10.28138256072998,1851.2013263702393,23993,eclipse,137.195.211.213,1851.2013263702393,1019200,182,28,2ed37c9e,0.25,0.0,1.0,10.684848651719472,0.9948694613213226,1.500398971853364,1001728,1019200,3040.723,5.855,7170.72,17.59,1.0125000476837158,4.999999873689376e-05,49844.5390625,-0.017857104539871216,49844.52734375,0.29471349716186523,0.027269601821899414,2.6031529903411865,0.0
2215.627603577474,-160.83405474197343,233.04945423365785,100.0,56,5600,False,1024800,10248,183,ae3b9b3532214bc3bad13e7ea9518ddf,2020-03-20_21-48-40,1584740920,10.267842292785645,1861.469168663025,23993,eclipse,137.195.211.213,1861.469168663025,1024800,183,28,2ed37c9e,0.27,0.0,1.0,10.688999249624853,0.9948406804826866,1.5006152048174763,1007232,1024800,3053.585,5.589,7152.154,17.371,1.5187499523162842,4.999999873689376e-05,99418.765625,-0.025586560368537903,99418.765625,0.31443339586257935,0.009500879794359207,2.7976813316345215,0.0
2215.627603577474,-457.900321695443,217.29199041460205,100.0,56,5600,False,1030400,10304,184,ae3b9b3532214bc3bad13e7ea9518ddf,2020-03-20_21-48-50,1584740930,10.221179008483887,1871.6903476715088,23993,eclipse,137.195.211.213,1871.6903476715088,1030400,184,28,2ed37c9e,0.23,0.0,1.0,10.692267401423441,0.9948010662204445,1.5006108223386294,1012736,1030400,3050.914,5.556,7140.685,16.628,1.5187499523162842,4.999999873689376e-05,67276.5546875,-0.02516292966902256,67276.5625,0.23560066521167755,0.0079510398209095,2.8350274562835693,0.0
2183.049123667126,-373.7945179258229,173.26562633890043,100.0,56,5600,False,1036000,10360,185,ae3b9b3532214bc3bad13e7ea9518ddf,2020-03-20_21-49-00,1584740940,10.382390975952148,1882.072738647461,23993,eclipse,137.195.211.213,1882.072738647461,1036000,185,28,2ed37c9e,0.18,0.0,1.0,10.694886034871082,0.9947715946940288,1.500429221078167,1018240,1036000,3047.127,5.629,7143.357,17.679,1.5187499523162842,4.999999873689376e-05,51585.234375,-0.02669391594827175,51585.23828125,0.21710823476314545,0.009212302044034004,2.9556827545166016,0.0
3364.5296124542137,-421.6468540833256,230.94234162890257,100.0,56,5600,False,1041600,10416,186,ae3b9b3532214bc3bad13e7ea9518ddf,2020-03-20_21-49-11,1584740951,10.032313108444214,1892.1050517559052,23993,eclipse,137.195.211.213,1892.1050517559052,1041600,186,28,2ed37c9e,0.26,0.0,1.0,10.698136197723892,0.9947855471492371,1.5002169961172032,1023744,1041600,3051.868,5.615,7099.362,18.385,1.5187499523162842,4.999999873689376e-05,135707.34375,-0.02429552935063839,135707.34375,0.25676143169403076,0.00804676953703165,2.6012723445892334,0.0
3364.5296124542137,-28.851456129618438,283.48108605956963,100.0,56,5600,False,1047200,10472,187,ae3b9b3532214bc3bad13e7ea9518ddf,2020-03-20_21-49-21,1584740961,10.297144412994385,1902.4021961688995,23993,eclipse,137.195.211.213,1902.4021961688995,1047200,187,28,2ed37c9e,0.3,0.0,1.0,10.702190068165422,0.994792935314695,1.500124538593019,1029248,1047200,3058.531,5.627,7096.105,17.908,1.5187499523162842,4.999999873689376e-05,93493.8515625,-0.017584679648280144,93493.8671875,0.19493180513381958,0.007827425375580788,2.782026529312134,0.0
3448.5532886251667,-471.8970033898984,241.1902430120316,100.0,56,5600,False,1052800,10528,188,ae3b9b3532214bc3bad13e7ea9518ddf,2020-03-20_21-49-31,1584740971,10.398908138275146,1912.8011043071747,23993,eclipse,137.195.211.213,1912.8011043071747,1052800,188,28,2ed37c9e,0.25,0.0,1.0,10.705617785075502,0.994747606040709,1.5000032932014,1034752,1052800,3066.921,5.218,7102.262,17.027,1.5187499523162842,4.999999873689376e-05,139282.703125,-0.02658732235431671,139282.734375,0.24101969599723816,0.008376291953027248,2.690253973007202,0.0
3448.5532886251667,-199.44731918876573,246.3282846783478,100.0,56,5600,False,1058400,10584,189,ae3b9b3532214bc3bad13e7ea9518ddf,2020-03-20_21-49-42,1584740982,10.437076807022095,1923.2381811141968,23993,eclipse,137.195.211.213,1923.2381811141968,1058400,189,28,2ed37c9e,0.27,0.0,1.0,10.710026701301917,0.9946296949962243,1.5000367796643825,1040256,1058400,3070.484,5.243,7097.194,17.718,1.5187499523162842,4.999999873689376e-05,51593.4296875,-0.028500357642769814,51593.44921875,0.27444592118263245,0.007893956266343594,2.650423765182495,0.0
2440.686533493881,-241.85304615881867,247.65440976475307,100.0,56,5600,False,1064000,10640,190,ae3b9b3532214bc3bad13e7ea9518ddf,2020-03-20_21-49-52,1584740992,10.320838928222656,1933.5590200424194,23993,eclipse,137.195.211.213,1933.5590200424194,1064000,190,28,2ed37c9e,0.27,0.0,1.0,10.714422780576587,0.9945550834589412,1.5000413831299946,1045760,1064000,3071.822,5.237,7126.22,18.318,1.5187499523162842,4.999999873689376e-05,92445.8828125,-0.018543291836977005,92445.875,0.3212597072124481,0.009767061099410057,2.5735275745391846,0.0
3088.6138433947635,-583.6343740979098,206.28150161525488,100.0,56,5600,False,1069600,10696,191,ae3b9b3532214bc3bad13e7ea9518ddf,2020-03-20_21-50-02,1584741002,10.26493501663208,1943.8239550590515,23993,eclipse,137.195.211.213,1943.8239550590515,1069600,191,28,2ed37c9e,0.21,0.0,1.0,10.717380001287667,0.9944942404232774,1.4998183261929148,1051264,1069600,3036.291,5.297,7167.378,17.309,1.5187499523162842,4.999999873689376e-05,77354.8359375,-0.025952178984880447,77354.8515625,0.268900990486145,0.009061683900654316,2.80088472366333,0.0
2320.123363988166,-583.6343740979098,181.10923080043122,100.0,56,5600,False,1075200,10752,192,ae3b9b3532214bc3bad13e7ea9518ddf,2020-03-20_21-50-13,1584741013,10.42505145072937,1954.2490065097809,23993,eclipse,137.195.211.213,1954.2490065097809,1075200,192,28,2ed37c9e,0.22,0.0,1.0,10.719945247318384,0.9944062427530761,1.499609924913415,1056768,1075200,3038.755,5.248,7180.188,17.027,1.5187499523162842,4.999999873689376e-05,97106.28125,-0.026835309341549873,97106.296875,0.3132215440273285,0.008656189776957035,2.657186508178711,0.0
2090.878423674253,-554.6795644769599,180.33027286324952,100.0,56,5600,False,1080800,10808,193,ae3b9b3532214bc3bad13e7ea9518ddf,2020-03-20_21-50-23,1584741023,10.33146333694458,1964.5804698467255,23993,eclipse,137.195.211.213,1964.5804698467255,1080800,193,28,2ed37c9e,0.26,0.0,1.0,10.72270416702257,0.9942994323044442,1.4994224846960662,1062272,1080800,3028.407,5.224,7194.6,17.041,1.5187499523162842,4.999999873689376e-05,50717.546875,-0.02133350446820259,50717.55859375,0.29780313372612,0.008986963890492916,2.62418270111084,0.0
2656.5956825021185,-554.6795644769599,155.39573172193522,100.0,56,5600,False,1086400,10864,194,ae3b9b3532214bc3bad13e7ea9518ddf,2020-03-20_21-50-34,1584741034,10.353224277496338,1974.9336941242218,23993,eclipse,137.195.211.213,1974.9336941242218,1086400,194,28,2ed37c9e,0.19,0.0,1.0,10.725539747176308,0.9942626893698636,1.4992623538758165,1067776,1086400,3023.334,5.216,7211.981,17.957,1.5187499523162842,4.999999873689376e-05,62415.9765625,-0.021033382043242455,62415.97265625,0.2652829587459564,0.015190169215202332,2.7749500274658203,0.0
2681.3562475093677,-174.8618790425552,211.73750066927147,100.0,56,5600,False,1092000,10920,195,ae3b9b3532214bc3bad13e7ea9518ddf,2020-03-20_21-50-44,1584741044,10.339963912963867,1985.2736580371857,23993,eclipse,137.195.211.213,1985.2736580371857,1092000,195,28,2ed37c9e,0.18,0.0,1.0,10.728673448938206,0.9942685751467931,1.4991004700257522,1073280,1092000,3024.316,5.128,7208.44,17.667,1.5187499523162842,4.999999873689376e-05,131505.515625,-0.030268356204032898,131505.515625,0.27156922221183777,0.008255818858742714,2.7029619216918945,0.0
2681.3562475093677,-442.38544587660056,213.59703356743634,100.0,56,5600,False,1097600,10976,196,ae3b9b3532214bc3bad13e7ea9518ddf,2020-03-20_21-50-54,1584741054,10.391628980636597,1995.6652870178223,23993,eclipse,137.195.211.213,1995.6652870178223,1097600,196,28,2ed37c9e,0.24,0.0,1.0,10.731393075424073,0.9942736893056988,1.4989309289602766,1078784,1097600,3022.899,5.113,7246.595,17.041,1.5187499523162842,4.999999873689376e-05,17816.177734375,-0.022687269374728203,17816.189453125,0.2985366880893707,0.007134662009775639,2.8253540992736816,0.0
2385.5994627115692,-442.38544587660056,183.08043355203944,100.0,56,5600,False,1103200,11032,197,ae3b9b3532214bc3bad13e7ea9518ddf,2020-03-20_21-51-05,1584741065,10.396931648254395,2006.0622186660767,23993,eclipse,137.195.211.213,2006.0622186660767,1103200,197,28,2ed37c9e,0.23,0.0,1.0,10.7339168558829,0.9942120301583053,1.498781833373838,1084288,1103200,3020.895,5.05,7257.596,17.495,1.5187499523162842,4.999999873689376e-05,98099.2109375,-0.024608861654996872,98099.21875,0.29230549931526184,0.007913615554571152,2.878863573074341,0.0
2385.5994627115692,-34.01325235330399,218.37874380717528,100.0,56,5600,False,1108800,11088,198,ae3b9b3532214bc3bad13e7ea9518ddf,2020-03-20_21-51-15,1584741075,10.388290166854858,2016.4505088329315,23993,eclipse,137.195.211.213,2016.4505088329315,1108800,198,28,2ed37c9e,0.22,0.0,1.0,10.736659818981108,0.9941342190051097,1.4987071824487666,1089792,1108800,3021.508,5.459,7254.793,18.34,1.5187499523162842,4.999999873689376e-05,62450.3359375,-0.02774859219789505,62450.34765625,0.2462545931339264,0.0070524499751627445,2.801496744155884,0.0
2383.141199881178,-34.01325235330399,113.70960412843598,100.0,56,5600,False,1114400,11144,199,ae3b9b3532214bc3bad13e7ea9518ddf,2020-03-20_21-51-26,1584741086,10.505806922912598,2026.9563157558441,23993,eclipse,137.195.211.213,2026.9563157558441,1114400,199,28,2ed37c9e,0.17,0.0,1.0,10.739441053119185,0.9940440753259107,1.4986254235782352,1095296,1114400,3024.084,5.501,7259.548,18.297,1.5187499523162842,4.999999873689376e-05,21046.53125,-0.025523249059915543,21046.544921875,0.2274608463048935,0.008271410129964352,2.723032236099243,0.0
2440.153906787374,-509.5570211241925,145.97485495427034,100.0,56,5600,False,1120000,11200,200,ae3b9b3532214bc3bad13e7ea9518ddf,2020-03-20_21-51-36,1584741096,10.324655294418335,2037.2809710502625,23993,eclipse,137.195.211.213,2037.2809710502625,1120000,200,28,2ed37c9e,0.18,0.0,1.0,10.742650512204431,0.9939171102276078,1.4984720478965357,1100800,1120000,3018.833,5.609,7264.956,17.605,1.5187499523162842,4.999999873689376e-05,72876.8515625,-0.021656259894371033,72876.8671875,0.21229173243045807,0.00961922388523817,2.6226632595062256,0.0
2440.153906787374,-509.5570211241925,151.85752132122164,100.0,56,5600,False,1125600,11256,201,ae3b9b3532214bc3bad13e7ea9518ddf,2020-03-20_21-51-47,1584741107,10.347278833389282,2047.6282498836517,23993,eclipse,137.195.211.213,2047.6282498836517,1125600,201,28,2ed37c9e,0.18,0.0,1.0,10.745135843885883,0.993827268914533,1.4983103950743135,1106304,1125600,3028.831,5.621,7264.317,17.879,1.5187499523162842,4.999999873689376e-05,37646.9609375,-0.027318477630615234,37646.9765625,0.28219783306121826,0.007451517507433891,3.027125120162964,0.0
2432.8543010167505,-155.9641163697373,112.46923703847831,100.0,56,5600,False,1131200,11312,202,ae3b9b3532214bc3bad13e7ea9518ddf,2020-03-20_21-51-57,1584741117,10.314637660980225,2057.942887544632,23993,eclipse,137.195.211.213,2057.942887544632,1131200,202,28,2ed37c9e,0.12,0.0,1.0,10.747000675401743,0.9937849807210433,1.4981932057598772,1111808,1131200,3023.614,5.633,7257.049,18.054,1.5187499523162842,4.999999873689376e-05,62042.5859375,-0.024754920974373817,62042.59765625,0.19410614669322968,0.010007909499108791,2.9890520572662354,0.0
3313.434704497271,-32.31629949634978,226.22758376539778,100.0,56,5600,False,1136800,11368,203,ae3b9b3532214bc3bad13e7ea9518ddf,2020-03-20_21-52-07,1584741127,10.417331457138062,2068.36021900177,23993,eclipse,137.195.211.213,2068.36021900177,1136800,203,28,2ed37c9e,0.19,0.0,1.0,10.749787351104997,0.9937085136394239,1.4981446050999891,1117312,1136800,3032.919,5.72,7258.8,17.36,1.5187499523162842,4.999999873689376e-05,133993.84375,-0.02728615514934063,133993.875,0.23022115230560303,0.009667090140283108,2.684166193008423,0.0
3313.434704497271,-163.696801081171,238.04389763443294,100.0,56,5600,False,1142400,11424,204,ae3b9b3532214bc3bad13e7ea9518ddf,2020-03-20_21-52-18,1584741138,10.219303369522095,2078.579522371292,23993,eclipse,137.195.211.213,2078.579522371292,1142400,204,28,2ed37c9e,0.23,0.0,1.0,10.752541233760805,0.9937027226790078,1.4980965635734742,1122816,1142400,3038.308,5.731,7241.564,16.452,1.5187499523162842,4.999999873689376e-05,63711.24609375,-0.02074032463133335,63711.25,0.26566281914711,0.011312779039144516,2.682704210281372,0.0
2742.646242634982,-29.06190182614491,178.02023400721777,100.0,56,5600,False,1148000,11480,205,ae3b9b3532214bc3bad13e7ea9518ddf,2020-03-20_21-52-28,1584741148,10.219808578491211,2088.7993309497833,23993,eclipse,137.195.211.213,2088.7993309497833,1148000,205,28,2ed37c9e,0.22,0.0,1.0,10.755128287197893,0.9937262839149049,1.4979567294733187,1128320,1148000,3029.036,5.731,7238.688,16.297,1.5187499523162842,4.999999873689376e-05,61705.53515625,-0.02801440842449665,61705.55078125,0.1656578630208969,0.007474369835108519,2.75931453704834,0.0
1872.0723113159308,-471.0129675403958,87.2220488969595,100.0,56,5600,False,1153600,11536,206,ae3b9b3532214bc3bad13e7ea9518ddf,2020-03-20_21-52-38,1584741158,10.250276327133179,2099.0496072769165,23993,eclipse,137.195.211.213,2099.0496072769165,1153600,206,28,2ed37c9e,0.14,0.0,1.0,10.757074759490127,0.9936690901619886,1.497801996287756,1133824,1153600,3011.721,5.753,7243.535,16.241,1.5187499523162842,4.999999873689376e-05,30264.71484375,-0.0219486765563488,30264.724609375,0.3036458492279053,0.007857677526772022,2.8909568786621094,0.0
3395.408594847752,-480.4702715193754,121.80867355444097,100.0,56,5600,False,1159200,11592,207,ae3b9b3532214bc3bad13e7ea9518ddf,2020-03-20_21-52-49,1584741169,10.361302375793457,2109.41090965271,23993,eclipse,137.195.211.213,2109.41090965271,1159200,207,28,2ed37c9e,0.13,0.0,1.0,10.758454504631082,0.9936312925209692,1.4976842460481559,1139328,1159200,3023.28,5.816,7229.553,15.539,1.5187499523162842,4.999999873689376e-05,124457.8515625,-0.0276215597987175,124457.859375,0.20145778357982635,0.007061777636408806,2.94876766204834,0.0
2445.8768904667354,-502.76533923421044,146.81685265229538,100.0,56,5600,False,1164800,11648,208,ae3b9b3532214bc3bad13e7ea9518ddf,2020-03-20_21-52-59,1584741179,10.27461290359497,2119.685522556305,23993,eclipse,137.195.211.213,2119.685522556305,1164800,208,28,2ed37c9e,0.15,0.0,1.0,10.760470459402216,0.9936282026480032,1.4975006713521806,1144832,1164800,3021.292,5.722,7221.093,15.384,1.5187499523162842,4.999999873689376e-05,70159.6328125,-0.02307215705513954,70159.6484375,0.254385381937027,0.00862072128802538,2.619879961013794,0.0
2345.7446313956266,-502.76533923421044,164.76838258683438,100.0,56,5600,False,1170400,11704,209,ae3b9b3532214bc3bad13e7ea9518ddf,2020-03-20_21-53-09,1584741189,9.894380331039429,2129.5799028873444,23993,eclipse,137.195.211.213,2129.5799028873444,1170400,209,28,2ed37c9e,0.22,0.0,1.0,10.762609619713738,0.9935832494723326,1.4973144416932271,1150336,1170400,2998.129,5.672,7182.502,15.656,1.5187499523162842,4.999999873689376e-05,63770.21484375,-0.020428650081157684,63770.22265625,0.29209616780281067,0.009804356843233109,2.7219061851501465,0.0
2987.79446598161,-36.642451088717365,271.98704348306296,100.0,56,5600,False,1176000,11760,210,ae3b9b3532214bc3bad13e7ea9518ddf,2020-03-20_21-53-19,1584741199,10.214741230010986,2139.7946441173553,23993,eclipse,137.195.211.213,2139.7946441173553,1176000,210,28,2ed37c9e,0.28,0.0,1.0,10.766047266291023,0.9936075149516729,1.4974035439829754,1155840,1176000,3026.904,5.705,7142.151,16.864,1.5187499523162842,4.999999873689376e-05,168987.40625,-0.020535921677947044,168987.40625,0.22602775692939758,0.00942543800920248,2.502843141555786,0.0
2850.9913414178495,-496.4009339376307,221.2285906402596,100.0,56,5600,False,1181600,11816,211,ae3b9b3532214bc3bad13e7ea9518ddf,2020-03-20_21-53-29,1584741209,10.221600532531738,2150.016244649887,23993,eclipse,137.195.211.213,2150.016244649887,1181600,211,28,2ed37c9e,0.22,0.0,1.0,10.76953617544907,0.9936589068776109,1.497707637746023,1161344,1181600,3031.112,5.832,7123.92,17.588,1.5187499523162842,4.999999873689376e-05,61339.33203125,-0.02670436166226864,61339.34375,0.3085099458694458,0.00981978140771389,3.009328842163086,0.0
2207.6238103552396,-451.05965371000474,153.8474947373016,100.0,56,5600,False,1187200,11872,212,ae3b9b3532214bc3bad13e7ea9518ddf,2020-03-20_21-53-40,1584741220,10.24966812133789,2160.265912771225,23993,eclipse,137.195.211.213,2160.265912771225,1187200,212,28,2ed37c9e,0.21,0.0,1.0,10.772490552394375,0.993668533133038,1.4979848151809474,1166848,1187200,3035.847,5.903,7114.454,17.674,1.5187499523162842,4.999999873689376e-05,47149.05078125,-0.020765792578458786,47149.0546875,0.3346579372882843,0.007209467235952616,2.811424732208252,0.0
2987.6057980989076,-31.227197881426317,164.41861753666058,100.0,56,5600,False,1192800,11928,213,ae3b9b3532214bc3bad13e7ea9518ddf,2020-03-20_21-53-50,1584741230,10.397332668304443,2170.6632454395294,23993,eclipse,137.195.211.213,2170.6632454395294,1192800,213,28,2ed37c9e,0.2,0.0,1.0,10.775567516694911,0.9937022739573158,1.4980543920754639,1172352,1192800,3035.699,5.839,7112.233,18.631,1.5187499523162842,4.999999873689376e-05,67524.8203125,-0.022212475538253784,67524.828125,0.2703064978122711,0.009385421872138977,2.6878206729888916,0.0
3668.0480132065445,-298.3942759935587,222.3719771518603,100.0,56,5600,False,1198400,11984,214,ae3b9b3532214bc3bad13e7ea9518ddf,2020-03-20_21-54-00,1584741240,10.311214208602905,2180.9744596481323,23993,eclipse,137.195.211.213,2180.9744596481323,1198400,214,28,2ed37c9e,0.24,0.0,1.0,10.778044901130944,0.9936913603893172,1.4978832462467517,1177856,1198400,3030.566,6.049,7126.23,19.076,1.5187499523162842,4.999999873689376e-05,189599.234375,-0.030400708317756653,189599.25,0.22191016376018524,0.007715185172855854,2.7747437953948975,0.0
3668.0480132065445,-434.41440628869395,230.86547260705706,100.0,56,5600,False,1204000,12040,215,ae3b9b3532214bc3bad13e7ea9518ddf,2020-03-20_21-54-11,1584741251,10.310240745544434,2191.2847003936768,23993,eclipse,137.195.211.213,2191.2847003936768,1204000,215,28,2ed37c9e,0.2,0.0,1.0,10.779806965973886,0.993686084928385,1.4977096283042144,1183360,1204000,3035.149,6.086,7130.359,19.365,1.5187499523162842,4.999999873689376e-05,65755.515625,-0.02591674216091633,65755.53125,0.295958548784256,0.007427584379911423,2.889446258544922,0.0
3691.613724985907,-434.41440628869395,231.0108097725845,100.0,56,5600,False,1209600,12096,216,ae3b9b3532214bc3bad13e7ea9518ddf,2020-03-20_21-54-21,1584741261,10.403048992156982,2201.6877493858337,23993,eclipse,137.195.211.213,2201.6877493858337,1209600,216,28,2ed37c9e,0.19,0.0,1.0,10.781911583722138,0.9936069356548746,1.497557070302177,1188864,1209600,3046.868,6.108,7131.833,19.79,1.5187499523162842,4.999999873689376e-05,177734.515625,-0.02524145506322384,177734.546875,0.26050639152526855,0.009999357163906097,2.735740900039673,0.0
3216.4982925234112,-163.40859183111124,211.24367607026528,100.0,56,5600,False,1215200,12152,217,ae3b9b3532214bc3bad13e7ea9518ddf,2020-03-20_21-54-32,1584741272,10.403196573257446,2212.090945959091,23993,eclipse,137.195.211.213,2212.090945959091,1215200,217,28,2ed37c9e,0.21,0.0,1.0,10.78388826201097,0.9934810730090282,1.4973483406241577,1194368,1215200,3040.071,5.891,7140.504,20.126,1.5187499523162842,4.999999873689376e-05,44743.93359375,-0.03454292193055153,44743.9609375,0.34225302934646606,0.00892599206417799,2.773590564727783,0.0
3260.593944399394,-163.40859183111124,191.35439551440768,100.0,56,5600,False,1220800,12208,218,ae3b9b3532214bc3bad13e7ea9518ddf,2020-03-20_21-54-42,1584741282,10.209788084030151,2222.3007340431213,23993,eclipse,137.195.211.213,2222.3007340431213,1220800,218,28,2ed37c9e,0.22,0.0,1.0,10.785052843227582,0.9933907081039197,1.4971975224622076,1199872,1220800,3024.467,6.021,7148.832,19.542,1.5187499523162842,4.999999873689376e-05,133733.15625,-0.027333863079547882,133733.15625,0.22760848701000214,0.007854270748794079,2.790088653564453,0.0
3260.593944399394,-515.909238410648,194.83712818317252,100.0,56,5600,False,1226400,12264,219,ae3b9b3532214bc3bad13e7ea9518ddf,2020-03-20_21-54-52,1584741292,10.423505544662476,2232.724239587784,23993,eclipse,137.195.211.213,2232.724239587784,1226400,219,28,2ed37c9e,0.24,0.0,1.0,10.787321433555057,0.9934430821367795,1.4972359559676334,1205376,1226400,3038.131,6.265,7188.023,19.463,1.5187499523162842,4.999999873689376e-05,67429.125,-0.02498817630112171,67429.140625,0.2275574654340744,0.007745481561869383,2.7758986949920654,0.0
2989.0887009792027,-515.909238410648,177.54046163745824,100.0,56,5600,False,1232000,12320,220,ae3b9b3532214bc3bad13e7ea9518ddf,2020-03-20_21-55-03,1584741303,10.513449907302856,2243.2376894950867,23993,eclipse,137.195.211.213,2243.2376894950867,1232000,220,28,2ed37c9e,0.22,0.0,1.0,10.789240183436995,0.993515991459517,1.4972851310827144,1210880,1232000,3025.759,6.187,7229.558,19.418,1.5187499523162842,4.999999873689376e-05,96006.8828125,-0.02304445579648018,96006.8984375,0.2720873951911926,0.010173928923904896,2.7869927883148193,0.0
3369.9034589954454,-401.3125625201709,285.3621618060799,100.0,56,5600,False,1237600,12376,221,ae3b9b3532214bc3bad13e7ea9518ddf,2020-03-20_21-55-14,1584741314,10.471123695373535,2253.70881319046,23993,eclipse,137.195.211.213,2253.70881319046,1237600,221,28,2ed37c9e,0.26,0.0,1.0,10.791119895343458,0.993476711428641,1.4972038353935642,1216384,1237600,3028.194,6.139,7252.677,19.222,1.5187499523162842,4.999999873689376e-05,197915.015625,-0.028173740953207016,197915.046875,0.22745509445667267,0.010465273633599281,2.579514265060425,0.0
3891.0179017187356,-477.5345362315112,350.282880152901,100.0,56,5600,False,1243200,12432,222,ae3b9b3532214bc3bad13e7ea9518ddf,2020-03-20_21-55-24,1584741324,10.394721984863281,2264.1035351753235,23993,eclipse,137.195.211.213,2264.1035351753235,1243200,222,28,2ed37c9e,0.32,0.0,1.0,10.793437147908257,0.9934682996626668,1.497068015381446,1221888,1243200,3026.691,6.038,7268.66,18.843,1.5187499523162842,4.999999873689376e-05,198501.5625,-0.026496218517422676,198501.5625,0.23384810984134674,0.008060156367719173,2.6580140590667725,0.0
3891.0179017187356,-549.4642651427847,278.84023733592187,100.0,56,5600,False,1248800,12488,223,ae3b9b3532214bc3bad13e7ea9518ddf,2020-03-20_21-55-34,1584741334,10.312825441360474,2274.416360616684,23993,eclipse,137.195.211.213,2274.416360616684,1248800,223,28,2ed37c9e,0.3,0.0,1.0,10.795416587508752,0.9934465463690306,1.4969223921055042,1227392,1248800,3018.615,6.0,7267.417,19.205,1.5187499523162842,4.999999873689376e-05,70554.8046875,-0.03181075677275658,70554.828125,0.344002902507782,0.010013535618782043,2.449760913848877,0.0
2973.385238164778,-31.344265932683683,237.60234503497566,100.0,56,5600,False,1254400,12544,224,ae3b9b3532214bc3bad13e7ea9518ddf,2020-03-20_21-55-45,1584741345,10.347283601760864,2284.763644218445,23993,eclipse,137.195.211.213,2284.763644218445,1254400,224,28,2ed37c9e,0.27,0.0,1.0,10.797664196654464,0.9934271974293611,1.4967924148996048,1232896,1254400,3022.281,5.744,7266.935,19.395,1.5187499523162842,4.999999873689376e-05,85736.3046875,-0.023901958018541336,85736.3203125,0.2825896143913269,0.00882487092167139,2.498814821243286,0.0
2882.3659914413242,-407.8956756478866,181.91859945474053,100.0,56,5600,False,1260000,12600,225,ae3b9b3532214bc3bad13e7ea9518ddf,2020-03-20_21-55-55,1584741355,10.255788326263428,2295.0194325447083,23993,eclipse,137.195.211.213,2295.0194325447083,1260000,225,28,2ed37c9e,0.23,0.0,1.0,10.800032620120616,0.9933820589345319,1.4967049869409517,1238400,1260000,3019.338,5.868,7264.113,19.774,1.5187499523162842,4.999999873689376e-05,68560.4453125,-0.024062683805823326,68560.46875,0.24155749380588531,0.007312232628464699,2.8351728916168213,0.0
2882.3659914413242,-407.8956756478866,153.24599196185574,100.0,56,5600,False,1265600,12656,226,ae3b9b3532214bc3bad13e7ea9518ddf,2020-03-20_21-56-05,1584741365,10.33837103843689,2305.357803583145,23993,eclipse,137.195.211.213,2305.357803583145,1265600,226,28,2ed37c9e,0.16,0.0,1.0,10.80172853637545,0.9933288218277114,1.496601633087983,1243904,1265600,3015.45,5.829,7261.309,19.959,1.5187499523162842,4.999999873689376e-05,50665.37109375,-0.030212804675102234,50665.3828125,0.23689179122447968,0.00825225654989481,2.708547353744507,0.0
3547.3460795757805,-288.0111879815514,145.51066793856828,100.0,56,5600,False,1271200,12712,227,ae3b9b3532214bc3bad13e7ea9518ddf,2020-03-20_21-56-16,1584741376,10.270932674407959,2315.628736257553,23993,eclipse,137.195.211.213,2315.628736257553,1271200,227,28,2ed37c9e,0.09,0.0,1.0,10.803205530111002,0.9933251924567646,1.4965120931760958,1249408,1271200,3004.835,6.055,7258.621,20.173,1.5187499523162842,4.999999873689376e-05,106488.171875,-0.024484751746058464,106488.171875,0.17108455300331116,0.008027331903576851,2.7560110092163086,0.0
2897.0475543167154,-253.38605430637708,97.9214397317189,100.0,56,5600,False,1276800,12768,228,ae3b9b3532214bc3bad13e7ea9518ddf,2020-03-20_21-56-26,1584741386,10.245899200439453,2325.8746354579926,23993,eclipse,137.195.211.213,2325.8746354579926,1276800,228,28,2ed37c9e,0.07,0.0,1.0,10.804353134238863,0.9932767186182638,1.4963833801348243,1254912,1276800,3010.902,5.932,7256.866,20.587,1.5187499523162842,4.999999873689376e-05,30614.345703125,-0.026699291542172432,30614.36328125,0.30668944120407104,0.007395023014396429,2.8133182525634766,0.0
2898.017086090516,-253.38605430637708,168.18037366902757,100.0,56,5600,False,1282400,12824,229,ae3b9b3532214bc3bad13e7ea9518ddf,2020-03-20_21-56-36,1584741396,10.293383121490479,2336.168018579483,23993,eclipse,137.195.211.213,2336.168018579483,1282400,229,28,2ed37c9e,0.15,0.0,1.0,10.805806553549541,0.9932027974206431,1.49624902631051,1260416,1282400,3008.821,5.669,7246.789,19.611,1.5187499523162842,4.999999873689376e-05,105720.6640625,-0.025045044720172882,105720.671875,0.31910961866378784,0.008852941915392876,2.7257726192474365,0.0
2898.017086090516,-158.3450524868287,183.21389999402362,100.0,56,5600,False,1288000,12880,230,ae3b9b3532214bc3bad13e7ea9518ddf,2020-03-20_21-56-47,1584741407,10.342252731323242,2346.5102713108063,23993,eclipse,137.195.211.213,2346.5102713108063,1288000,230,28,2ed37c9e,0.19,0.0,1.0,10.807785922770679,0.9931132760483615,1.496172545228948,1265920,1288000,2994.442,5.611,7244.939,19.062,1.5187499523162842,4.999999873689376e-05,58936.33203125,-0.025188490748405457,58936.34765625,0.268543004989624,0.007283397950232029,2.5928423404693604,0.0
3156.970096394283,-199.91519747126154,194.55377557940602,100.0,56,5600,False,1293600,12936,231,ae3b9b3532214bc3bad13e7ea9518ddf,2020-03-20_21-56-57,1584741417,10.345952033996582,2356.856223344803,23993,eclipse,137.195.211.213,2356.856223344803,1293600,231,28,2ed37c9e,0.2,0.0,1.0,10.809784958100845,0.9930502651970926,1.496085786954749,1271424,1293600,2990.762,5.633,7234.835,18.978,1.5187499523162842,4.999999873689376e-05,121387.546875,-0.024154147133231163,121387.5546875,0.26062509417533875,0.009416969493031502,2.5424716472625732,0.0
3156.970096394283,-149.1182982342883,218.35307421387017,100.0,56,5600,False,1299200,12992,232,ae3b9b3532214bc3bad13e7ea9518ddf,2020-03-20_21-57-07,1584741427,10.263843297958374,2367.1200666427612,23993,eclipse,137.195.211.213,2367.1200666427612,1299200,232,28,2ed37c9e,0.18,0.0,1.0,10.811667351615124,0.9930325016493973,1.495970554704087,1276928,1299200,2986.465,5.833,7224.907,18.924,1.5187499523162842,4.999999873689376e-05,137295.203125,-0.02758098766207695,137295.21875,0.2630949914455414,0.008636466227471828,2.6723954677581787,0.0
3343.133982258771,-439.17910397840404,235.26311533028914,100.0,56,5600,False,1304800,13048,233,ae3b9b3532214bc3bad13e7ea9518ddf,2020-03-20_21-57-18,1584741438,10.335958480834961,2377.456025123596,23993,eclipse,137.195.211.213,2377.456025123596,1304800,233,28,2ed37c9e,0.22,0.0,1.0,10.81323806249188,0.9929964827624735,1.4958464711749497,1282432,1304800,2988.411,5.875,7225.921,18.421,1.5187499523162842,4.999999873689376e-05,94192.515625,-0.024609357118606567,94192.53125,0.38180649280548096,0.008889910764992237,2.9612367153167725,0.0
3343.133982258771,-521.5947988509232,137.25026173140682,100.0,56,5600,False,1310400,13104,234,ae3b9b3532214bc3bad13e7ea9518ddf,2020-03-20_21-57-28,1584741448,10.301683902740479,2387.7577090263367,23993,eclipse,137.195.211.213,2387.7577090263367,1310400,234,28,2ed37c9e,0.2,0.0,1.0,10.814401493714868,0.9929287914908153,1.4956760359374965,1287936,1310400,2988.925,5.888,7220.731,18.641,1.5187499523162842,4.999999873689376e-05,40414.5078125,-0.02474244497716427,40414.51953125,0.2702410817146301,0.008376103825867176,2.833738088607788,0.0
2675.6116697304155,-521.5947988509232,181.43068272960915,100.0,56,5600,False,1316000,13160,235,ae3b9b3532214bc3bad13e7ea9518ddf,2020-03-20_21-57-39,1584741459,10.3772873878479,2398.1349964141846,23993,eclipse,137.195.211.213,2398.1349964141846,1316000,235,28,2ed37c9e,0.21,0.0,1.0,10.816089057080582,0.9928801666650585,1.4955142852600176,1293440,1316000,2997.675,5.733,7223.609,18.071,1.5187499523162842,4.999999873689376e-05,100504.4765625,-0.027690263465046883,100504.5,0.26802778244018555,0.009411399252712727,2.504735231399536,0.0
2675.6116697304155,-150.3153899451883,199.05219061622356,100.0,56,5600,False,1321600,13216,236,ae3b9b3532214bc3bad13e7ea9518ddf,2020-03-20_21-57-49,1584741469,10.517645120620728,2408.6526415348053,23993,eclipse,137.195.211.213,2408.6526415348053,1321600,236,28,2ed37c9e,0.25,0.0,1.0,10.817583580755329,0.9928396613439842,1.4953717207510502,1298944,1321600,3011.915,5.71,7229.418,17.619,1.5187499523162842,4.999999873689376e-05,57836.90234375,-0.027574952691793442,57836.9140625,0.30653220415115356,0.010384343564510345,2.7294440269470215,0.0
3388.8851096454473,-29.750807800118867,211.47283765557816,100.0,56,5600,False,1327200,13272,237,ae3b9b3532214bc3bad13e7ea9518ddf,2020-03-20_21-57-59,1584741479,10.370471477508545,2419.023113012314,23993,eclipse,137.195.211.213,2419.023113012314,1327200,237,28,2ed37c9e,0.2,0.0,1.0,10.818815420183109,0.9927987490673273,1.4952760257157711,1304448,1327200,3019.916,5.681,7232.201,17.678,1.5187499523162842,4.999999873689376e-05,139725.078125,-0.028835374861955643,139725.109375,0.3006446957588196,0.00951218232512474,2.6955063343048096,0.0
3388.8851096454473,-359.9473213795475,254.91174664915945,100.0,56,5600,False,1332800,13328,238,ae3b9b3532214bc3bad13e7ea9518ddf,2020-03-20_21-58-10,1584741490,10.127519369125366,2429.150632381439,23993,eclipse,137.195.211.213,2429.150632381439,1332800,238,28,2ed37c9e,0.22,0.0,1.0,10.820287655482895,0.9927587149570779,1.4952344573649219,1309952,1332800,3031.663,5.614,7208.271,17.688,1.5187499523162842,4.999999873689376e-05,100654.6640625,-0.031355325132608414,100654.6875,0.37668973207473755,0.009304933249950409,2.5750486850738525,0.0
3142.041176754972,-359.9473213795475,362.88227028082844,100.0,56,5600,False,1338400,13384,239,ae3b9b3532214bc3bad13e7ea9518ddf,2020-03-20_21-58-20,1584741500,10.081769943237305,2439.2324023246765,23993,eclipse,137.195.211.213,2439.2324023246765,1338400,239,28,2ed37c9e,0.33,0.0,1.0,10.822650941404024,0.9926865650681903,1.4953111840919209,1315456,1338400,3038.591,5.636,7179.838,17.701,1.5187499523162842,4.999999873689376e-05,234254.484375,-0.02847048081457615,234254.515625,0.29306304454803467,0.009165589697659016,2.6198666095733643,0.0
2981.2012427152094,-616.8077067990387,311.4296861044636,100.0,56,5600,False,1344000,13440,240,ae3b9b3532214bc3bad13e7ea9518ddf,2020-03-20_21-58-30,1584741510,10.341389656066895,2449.5737919807434,23993,eclipse,137.195.211.213,2449.5737919807434,1344000,240,28,2ed37c9e,0.36,0.0,1.0,10.825553546713072,0.9926571525678106,1.4955423822193206,1320960,1344000,3048.406,5.649,7169.95,17.911,1.5187499523162842,4.999999873689376e-05,83117.859375,-0.025564193725585938,83117.8671875,0.2986668050289154,0.011759355664253235,2.524317979812622,0.0
3427.947086949749,-616.8077067990387,249.93110451937676,100.0,56,5600,False,1349600,13496,241,ae3b9b3532214bc3bad13e7ea9518ddf,2020-03-20_21-58-41,1584741521,10.332993030548096,2459.9067850112915,23993,eclipse,137.195.211.213,2459.9067850112915,1349600,241,28,2ed37c9e,0.3,0.0,1.0,10.828415555354304,0.9926553891698399,1.4957713105638646,1326464,1349600,3052.091,5.53,7165.473,17.905,1.5187499523162842,4.999999873689376e-05,145030.640625,-0.024264300242066383,145030.640625,0.27424460649490356,0.009469285607337952,2.6310462951660156,0.0
3427.947086949749,-460.98964017280093,120.85545389263909,100.0,56,5600,False,1355200,13552,242,ae3b9b3532214bc3bad13e7ea9518ddf,2020-03-20_21-58-51,1584741531,10.23577070236206,2470.1425557136536,23993,eclipse,137.195.211.213,2470.1425557136536,1355200,242,28,2ed37c9e,0.2,0.0,1.0,10.829858686538492,0.9926406864999884,1.4958037806733142,1331968,1355200,3044.393,5.284,7172.19,17.682,1.5187499523162842,4.999999873689376e-05,11135.6025390625,-0.03084174171090126,11135.619140625,-0.011555599980056286,0.009448695927858353,2.8138320446014404,0.0
1764.6896493393424,-460.98964017280093,94.74033024804795,100.0,56,5600,False,1360800,13608,243,ae3b9b3532214bc3bad13e7ea9518ddf,2020-03-20_21-59-01,1584741541,10.193945169448853,2480.3365008831024,23993,eclipse,137.195.211.213,2480.3365008831024,1360800,243,28,2ed37c9e,0.13,0.0,1.0,10.831140692905633,0.9925811562326454,1.4956677359467392,1337472,1360800,3043.235,5.422,7158.706,18.092,1.5187499523162842,4.999999873689376e-05,39902.22265625,-0.024905268102884293,39902.2265625,0.31028974056243896,0.012379390187561512,2.5290002822875977,0.0
2583.8075916450957,-454.6528164379255,137.20292663201914,100.0,56,5600,False,1366400,13664,244,ae3b9b3532214bc3bad13e7ea9518ddf,2020-03-20_21-59-12,1584741552,10.501487731933594,2490.837988615036,23993,eclipse,137.195.211.213,2490.837988615036,1366400,244,28,2ed37c9e,0.2,0.0,1.0,10.832527570207146,0.9925688358907345,1.4956220068325201,1342976,1366400,3055.711,5.607,7164.325,17.587,1.5187499523162842,4.999999873689376e-05,71787.3515625,-0.025657109916210175,71787.359375,0.3151824176311493,0.009831543080508709,2.861908197402954,0.0
2864.798380243373,-316.9913485726774,291.2704517845109,100.0,56,5600,False,1372000,13720,245,ae3b9b3532214bc3bad13e7ea9518ddf,2020-03-20_21-59-22,1584741562,10.417465925216675,2501.2554545402527,23993,eclipse,137.195.211.213,2501.2554545402527,1372000,245,28,2ed37c9e,0.24,0.0,1.0,10.834410997557107,0.9925525801001868,1.4955998252738925,1348480,1372000,3052.367,5.763,7173.184,17.513,1.5187499523162842,4.999999873689376e-05,178666.65625,-0.030680548399686813,178666.671875,0.31261035799980164,0.009774127043783665,2.4354286193847656,0.0
2903.2538206886707,-31.287111830507953,280.2613845429901,100.0,56,5600,False,1377600,13776,246,ae3b9b3532214bc3bad13e7ea9518ddf,2020-03-20_21-59-32,1584741572,10.314202785491943,2511.5696573257446,23993,eclipse,137.195.211.213,2511.5696573257446,1377600,246,28,2ed37c9e,0.21,0.0,1.0,10.835934782818365,0.9925210776008503,1.4954575018567433,1353984,1377600,3037.635,5.952,7167.908,17.027,1.5187499523162842,4.999999873689376e-05,105469.9296875,-0.023928256705403328,105469.9453125,0.27302274107933044,0.008825312368571758,2.5559113025665283,0.0
2903.2538206886707,-138.00180315519614,253.88103982177216,100.0,56,5600,False,1383200,13832,247,ae3b9b3532214bc3bad13e7ea9518ddf,2020-03-20_21-59-43,1584741583,10.297448873519897,2521.8671061992645,23993,eclipse,137.195.211.213,2521.8671061992645,1383200,247,28,2ed37c9e,0.18,0.0,1.0,10.836871977670912,0.9925250594267484,1.4952659973250848,1359488,1383200,3030.892,5.953,7168.291,16.897,1.5187499523162842,4.999999873689376e-05,111806.125,-0.028640246018767357,111806.140625,0.2838045358657837,0.009485914371907711,2.7338290214538574,0.0
2828.4363270680965,-360.31311972411356,220.73824159966117,100.0,56,5600,False,1388800,13888,248,ae3b9b3532214bc3bad13e7ea9518ddf,2020-03-20_21-59-53,1584741593,10.314257144927979,2532.1813633441925,23993,eclipse,137.195.211.213,2532.1813633441925,1388800,248,28,2ed37c9e,0.19,0.0,1.0,10.838089466984256,0.9925074101808019,1.4951480409677749,1364992,1388800,3026.254,6.15,7192.494,16.406,1.5187499523162842,4.999999873689376e-05,64496.12109375,-0.028476696461439133,64496.1328125,0.32686081528663635,0.009942058473825455,2.7287051677703857,0.0
3409.700160744393,-275.5561641584991,245.12356099578062,100.0,56,5600,False,1394400,13944,249,ae3b9b3532214bc3bad13e7ea9518ddf,2020-03-20_22-00-03,1584741603,10.302161455154419,2542.483524799347,23993,eclipse,137.195.211.213,2542.483524799347,1394400,249,28,2ed37c9e,0.19,0.0,1.0,10.839479268001174,0.9924257637457431,1.4950141727327773,1370496,1394400,3013.697,6.172,7227.209,17.28,1.5187499523162842,4.999999873689376e-05,151141.765625,-0.03437254950404167,151141.796875,0.26503539085388184,0.009232432581484318,2.745917320251465,0.0
3671.6413345017722,-32.24488210824997,342.9580536743052,100.0,56,5600,False,1400000,14000,250,ae3b9b3532214bc3bad13e7ea9518ddf,2020-03-20_22-00-14,1584741614,10.41202163696289,2552.89554643631,23993,eclipse,137.195.211.213,2552.89554643631,1400000,250,28,2ed37c9e,0.21,0.0,1.0,10.841301199061295,0.9923301538022486,1.4948879324940534,1376000,1400000,3006.778,6.123,7242.358,16.811,1.5187499523162842,4.999999873689376e-05,171730.109375,-0.029567314311861992,171730.109375,0.2526529133319855,0.009871099144220352,2.560986280441284,0.0
3671.6413345017722,-277.0944344331321,329.3700061026001,100.0,56,5600,False,1405600,14056,251,ae3b9b3532214bc3bad13e7ea9518ddf,2020-03-20_22-00-24,1584741624,10.261973142623901,2563.1575195789337,23993,eclipse,137.195.211.213,2563.1575195789337,1405600,251,28,2ed37c9e,0.28,0.0,1.0,10.842956560640722,0.9923052292078712,1.4947842049291824,1381504,1405600,2993.528,6.127,7251.408,15.822,1.5187499523162842,4.999999873689376e-05,145348.265625,-0.024245930835604668,145348.28125,0.30080628395080566,0.007322955410927534,2.4940671920776367,0.0
3112.6527052963324,-383.83569123125494,215.94869004240277,100.0,56,5600,False,1411200,14112,252,ae3b9b3532214bc3bad13e7ea9518ddf,2020-03-20_22-00-35,1584741635,10.52205491065979,2573.6795744895935,23993,eclipse,137.195.211.213,2573.6795744895935,1411200,252,28,2ed37c9e,0.27,0.0,1.0,10.845084005292955,0.992273671633008,1.494709427928437,1387008,1411200,3020.498,6.174,7252.297,14.886,1.5187499523162842,4.999999873689376e-05,84324.2421875,-0.03329480066895485,84324.265625,0.22923484444618225,0.010317066684365273,2.1322405338287354,0.0
2867.7793502021814,-383.83569123125494,250.6721225876534,100.0,56,5600,False,1416800,14168,253,ae3b9b3532214bc3bad13e7ea9518ddf,2020-03-20_22-00-45,1584741645,10.397135972976685,2584.07671046257,23993,eclipse,137.195.211.213,2584.07671046257,1416800,253,28,2ed37c9e,0.29,0.0,1.0,10.84765190208098,0.9922522076385476,1.4946306328443462,1392512,1416800,3032.391,6.011,7261.947,14.058,1.5187499523162842,4.999999873689376e-05,132745.5625,-0.024196874350309372,132745.5625,0.3398483395576477,0.00885564461350441,2.535504102706909,0.0
3554.5935378285044,-98.14590062836835,241.17819183681405,100.0,56,5600,False,1422400,14224,254,ae3b9b3532214bc3bad13e7ea9518ddf,2020-03-20_22-00-56,1584741656,10.300909519195557,2594.3776199817657,23993,eclipse,137.195.211.213,2594.3776199817657,1422400,254,28,2ed37c9e,0.23,0.0,1.0,10.849202128308725,0.9922146757231143,1.4945263516682132,1398016,1422400,3016.466,5.888,7260.656,14.559,1.5187499523162842,4.999999873689376e-05,98967.8359375,-0.027646642178297043,98967.8359375,0.1493207961320877,0.01003134623169899,2.610485315322876,0.0
3554.5935378285044,-340.3083287843705,137.0574002653833,100.0,56,5600,False,1428000,14280,255,ae3b9b3532214bc3bad13e7ea9518ddf,2020-03-20_22-01-06,1584741666,10.367114067077637,2604.7447340488434,23993,eclipse,137.195.211.213,2604.7447340488434,1428000,255,28,2ed37c9e,0.11,0.0,1.0,10.850460387157634,0.9921693076501379,1.4943602777105827,1403520,1428000,3020.374,5.886,7251.111,15.036,1.5187499523162842,4.999999873689376e-05,57129.80078125,-0.023088138550519943,57129.80078125,0.3252124488353729,0.01369019690901041,2.6805384159088135,0.0
4110.9289271957305,-417.1004476932885,150.68035955361557,100.0,56,5600,False,1433600,14336,256,ae3b9b3532214bc3bad13e7ea9518ddf,2020-03-20_22-01-16,1584741676,10.272929668426514,2615.01766371727,23993,eclipse,137.195.211.213,2615.01766371727,1433600,256,28,2ed37c9e,0.15,0.0,1.0,10.851860757060644,0.9921308317329459,1.4942785662700595,1409024,1433600,3010.924,5.778,7254.652,16.062,1.5187499523162842,4.999999873689376e-05,103720.0078125,-0.025295138359069824,103720.0078125,0.21072182059288025,0.008356181904673576,2.7970848083496094,0.0
4110.9289271957305,-514.267090037655,150.614038850283,100.0,56,5600,False,1439200,14392,257,ae3b9b3532214bc3bad13e7ea9518ddf,2020-03-20_22-01-27,1584741687,10.373494386672974,2625.391158103943,23993,eclipse,137.195.211.213,2625.391158103943,1439200,257,28,2ed37c9e,0.21,0.0,1.0,10.8534788761756,0.9921221590661125,1.494234027478075,1414528,1439200,3016.505,5.776,7255.72,16.277,1.5187499523162842,4.999999873689376e-05,65635.15625,-0.028887150809168816,65635.171875,0.22549737989902496,0.009028761647641659,2.401416063308716,0.0
2398.186300503952,-514.267090037655,117.96841715696586,100.0,56,5600,False,1444800,14448,258,ae3b9b3532214bc3bad13e7ea9518ddf,2020-03-20_22-01-37,1584741697,10.254598617553711,2635.6457567214966,23993,eclipse,137.195.211.213,2635.6457567214966,1444800,258,28,2ed37c9e,0.16,0.0,1.0,10.85517797043126,0.9921024763543818,1.4941590105742244,1420032,1444800,3015.949,5.597,7249.93,16.418,1.5187499523162842,4.999999873689376e-05,29469.7265625,-0.023557515814900398,29469.736328125,0.29925549030303955,0.009394966997206211,2.512528419494629,0.0
3274.9360734055463,-31.795033665680698,191.82102041733276,100.0,56,5600,False,1450400,14504,259,ae3b9b3532214bc3bad13e7ea9518ddf,2020-03-20_22-01-47,1584741707,10.370582342147827,2646.0163390636444,23993,eclipse,137.195.211.213,2646.0163390636444,1450400,259,28,2ed37c9e,0.18,0.0,1.0,10.856305731185785,0.9920365215617207,1.4940459027088848,1425536,1450400,3026.468,5.629,7245.342,16.649,1.5187499523162842,4.999999873689376e-05,118012.375,-0.028254248201847076,118012.375,0.34225994348526,0.00863408949226141,2.802302598953247,0.0
3274.9360734055463,-162.70719518395674,196.1637194932063,100.0,56,5600,False,1456000,14560,260,ae3b9b3532214bc3bad13e7ea9518ddf,2020-03-20_22-01-58,1584741718,10.28144097328186,2656.2977800369263,23993,eclipse,137.195.211.213,2656.2977800369263,1456000,260,28,2ed37c9e,0.22,0.0,1.0,10.857824863869828,0.9919869113390156,1.4938922643675006,1431040,1456000,3020.812,5.671,7236.125,16.858,1.5187499523162842,4.999999873689376e-05,46677.2890625,-0.022746264934539795,46677.29296875,0.3277670741081238,0.010519906878471375,2.43715763092041,0.0
2872.6060368393037,-129.22929489725107,202.80500081058798,100.0,56,5600,False,1461600,14616,261,ae3b9b3532214bc3bad13e7ea9518ddf,2020-03-20_22-02-08,1584741728,10.406012535095215,2666.7037925720215,23993,eclipse,137.195.211.213,2666.7037925720215,1461600,261,28,2ed37c9e,0.24,0.0,1.0,10.859712766586245,0.9919782803956673,1.4937930846805099,1436544,1461600,3034.025,5.955,7236.642,17.695,1.5187499523162842,4.999999873689376e-05,57497.953125,-0.025570649653673172,57497.97265625,0.3594783842563629,0.008878540247678757,2.499101400375366,0.0
2872.6060368393037,-59.18370584434432,194.21083304164185,100.0,56,5600,False,1467200,14672,262,ae3b9b3532214bc3bad13e7ea9518ddf,2020-03-20_22-02-19,1584741739,10.367415428161621,2677.071208000183,23993,eclipse,137.195.211.213,2677.071208000183,1467200,262,28,2ed37c9e,0.19,0.0,1.0,10.86198597472345,0.9919296389469282,1.493701496591339,1442048,1467200,3019.09,6.203,7236.602,18.872,1.5187499523162842,4.999999873689376e-05,66559.4921875,-0.027451781556010246,66559.4921875,0.2541314959526062,0.009859325364232063,2.359837293624878,0.0
1773.5967557592483,-452.65842305467646,107.15385700826138,100.0,56,5600,False,1472800,14728,263,ae3b9b3532214bc3bad13e7ea9518ddf,2020-03-20_22-02-29,1584741749,10.488896131515503,2687.5601041316986,23993,eclipse,137.195.211.213,2687.5601041316986,1472800,263,28,2ed37c9e,0.15,0.0,1.0,10.86390342585978,0.9919033260501949,1.4935902752040773,1447552,1472800,3017.047,6.222,7247.648,19.601,1.5187499523162842,4.999999873689376e-05,20479.298828125,-0.03214317560195923,20479.31640625,0.26266002655029297,0.008278760127723217,2.751527786254883,0.0
1975.363448091279,-488.74603402731765,86.47234294976235,100.0,56,5600,False,1478400,14784,264,ae3b9b3532214bc3bad13e7ea9518ddf,2020-03-20_22-02-40,1584741760,10.417488098144531,2697.977592229843,23993,eclipse,137.195.211.213,2697.977592229843,1478400,264,28,2ed37c9e,0.1,0.0,1.0,10.865859627500468,0.9918755712180706,1.49345146992257,1453056,1478400,3030.063,6.173,7246.591,19.652,1.5187499523162842,4.999999873689376e-05,50649.27734375,-0.03010646440088749,50649.2890625,0.2147277295589447,0.010170063003897667,2.3170411586761475,0.0
2212.6811963143905,-479.48929715079714,74.30119115766539,100.0,56,5600,False,1484000,14840,265,ae3b9b3532214bc3bad13e7ea9518ddf,2020-03-20_22-02-50,1584741770,10.363204956054688,2708.340797185898,23993,eclipse,137.195.211.213,2708.340797185898,1484000,265,28,2ed37c9e,0.09,0.0,1.0,10.867769457626585,0.9918381580574919,1.4933210723443435,1458560,1484000,3031.26,6.014,7245.305,19.355,1.5187499523162842,4.999999873689376e-05,38442.4296875,-0.024993883445858955,38442.4453125,0.20307305455207825,0.00840455200523138,2.555241346359253,0.0
3463.3000357753644,-571.0900569917643,131.76850251585563,100.0,56,5600,False,1489600,14896,266,ae3b9b3532214bc3bad13e7ea9518ddf,2020-03-20_22-03-01,1584741781,10.47145128250122,2718.812248468399,23993,eclipse,137.195.211.213,2718.812248468399,1489600,266,28,2ed37c9e,0.11,0.0,1.0,10.869378179481975,0.9918046269160053,1.4932884876100798,1464064,1489600,3048.746,6.008,7247.128,18.672,1.5187499523162842,4.999999873689376e-05,85299.1484375,-0.027919990941882133,85299.15625,0.33562514185905457,0.007892468012869358,2.796720027923584,0.0
3463.3000357753644,-33.28138719101548,191.36508629309918,100.0,56,5600,False,1495200,14952,267,ae3b9b3532214bc3bad13e7ea9518ddf,2020-03-20_22-03-11,1584741791,9.963765859603882,2728.776014328003,23993,eclipse,137.195.211.213,2728.776014328003,1495200,267,28,2ed37c9e,0.14,0.0,1.0,10.871027699795327,0.991829655716823,1.4932600207766427,1469568,1495200,3046.279,6.001,7209.768,18.491,1.5187499523162842,4.999999873689376e-05,86911.9765625,-0.029172303155064583,86911.9921875,0.2876753807067871,0.010752123780548573,2.487670660018921,0.0
3658.3955955449746,-390.5563460450526,230.46111524426058,100.0,56,5600,False,1500800,15008,268,ae3b9b3532214bc3bad13e7ea9518ddf,2020-03-20_22-03-21,1584741801,10.14673924446106,2738.922753572464,23993,eclipse,137.195.211.213,2738.922753572464,1500800,268,28,2ed37c9e,0.23,0.0,1.0,10.874029036304616,0.9918988900183348,1.49340101227506,1475072,1500800,3073.524,6.111,7173.179,18.112,1.5187499523162842,4.999999873689376e-05,114290.328125,-0.029251281172037125,114290.3359375,0.2916993796825409,0.010525382123887539,2.1831512451171875,0.0
2327.129254808699,-174.67832441096337,211.79033912010792,100.0,56,5600,False,1506400,15064,269,ae3b9b3532214bc3bad13e7ea9518ddf,2020-03-20_22-03-31,1584741811,10.09382152557373,2749.0165750980377,23993,eclipse,137.195.211.213,2749.0165750980377,1506400,269,28,2ed37c9e,0.27,0.0,1.0,10.876965474233332,0.9919545407761183,1.4935604162602933,1480576,1506400,3065.827,5.896,7154.052,16.779,1.5187499523162842,4.999999873689376e-05,71968.7265625,-0.02608371339738369,71968.7421875,0.2858459949493408,0.010988919995725155,2.4653162956237793,0.0
3691.5424843626124,-36.19443721974479,243.76770871133394,100.0,56,5600,False,1512000,15120,270,ae3b9b3532214bc3bad13e7ea9518ddf,2020-03-20_22-03-41,1584741821,10.328985452651978,2759.3455605506897,23993,eclipse,137.195.211.213,2759.3455605506897,1512000,270,28,2ed37c9e,0.21,0.0,1.0,10.879364833364985,0.9920001934113694,1.4937433404732485,1486080,1512000,3075.908,5.886,7148.929,17.177,1.5187499523162842,4.999999873689376e-05,155896.890625,-0.025874502956867218,155896.90625,0.22089745104312897,0.009784993715584278,2.168515205383301,0.0
2748.413936065838,-468.390561394147,178.9012732000167,100.0,56,5600,False,1517600,15176,271,ae3b9b3532214bc3bad13e7ea9518ddf,2020-03-20_22-03-52,1584741832,10.253401517868042,2769.5989620685577,23993,eclipse,137.195.211.213,2769.5989620685577,1517600,271,28,2ed37c9e,0.2,0.0,1.0,10.881602854462956,0.991966921038439,1.4938175631203183,1491584,1517600,3063.122,5.607,7145.648,16.873,1.5187499523162842,4.999999873689376e-05,28651.28125,-0.026112688705325127,28651.29296875,0.3764325976371765,0.009037253446877003,2.6010475158691406,0.0
2880.4065531151377,-468.390561394147,210.02409813872774,100.0,56,5600,False,1523200,15232,272,ae3b9b3532214bc3bad13e7ea9518ddf,2020-03-20_22-04-02,1584741842,10.446971893310547,2780.0459339618683,23993,eclipse,137.195.211.213,2780.0459339618683,1523200,272,28,2ed37c9e,0.2,0.0,1.0,10.88357333819643,0.9919304801340223,1.49371702827803,1497088,1523200,3067.904,5.416,7147.357,17.126,1.5187499523162842,4.999999873689376e-05,142926.90625,-0.02870905213057995,142926.921875,0.2964533567428589,0.012304302304983139,2.267056941986084,0.0
2880.4065531151377,-163.88341396953578,222.13026715754506,100.0,56,5600,False,1528800,15288,273,ae3b9b3532214bc3bad13e7ea9518ddf,2020-03-20_22-04-12,1584741852,10.422051429748535,2790.467985391617,23993,eclipse,137.195.211.213,2790.467985391617,1528800,273,28,2ed37c9e,0.2,0.0,1.0,10.885377642305302,0.9919098714958113,1.4935983013657965,1502592,1528800,3073.127,5.41,7133.464,17.23,1.5187499523162842,4.999999873689376e-05,45631.26171875,-0.02585998736321926,45631.2734375,0.22571085393428802,0.009231390431523323,2.516767978668213,0.0
1657.7856620496975,-426.23124683942353,80.35753984177786,100.0,56,5600,False,1534400,15344,274,ae3b9b3532214bc3bad13e7ea9518ddf,2020-03-20_22-04-23,1584741863,10.39138388633728,2800.859369277954,23993,eclipse,137.195.211.213,2800.859369277954,1534400,274,28,2ed37c9e,0.15,0.0,1.0,10.886480276966104,0.9918871204825078,1.4934962208384643,1508096,1534400,3076.518,5.404,7127.874,16.073,1.5187499523162842,4.999999873689376e-05,21716.18359375,-0.025127826258540154,21716.1953125,0.308487206697464,0.007638234179466963,2.6989035606384277,0.0
1978.4821817021952,-426.23124683942353,109.24350407970525,100.0,56,5600,False,1540000,15400,275,ae3b9b3532214bc3bad13e7ea9518ddf,2020-03-20_22-04-33,1584741873,10.221789121627808,2811.081158399582,23993,eclipse,137.195.211.213,2811.081158399582,1540000,275,28,2ed37c9e,0.16,0.0,1.0,10.887775146157157,0.9918703049916061,1.4934051913036057,1513600,1540000,3072.406,5.355,7119.971,15.062,1.5187499523162842,4.999999873689376e-05,35228.484375,-0.02461548149585724,35228.49609375,0.3939964771270752,0.010748201049864292,2.3649113178253174,0.0
2230.004413495269,-253.30088587448438,127.72142702223441,100.0,56,5600,False,1545600,15456,276,ae3b9b3532214bc3bad13e7ea9518ddf,2020-03-20_22-04-43,1584741883,10.18804669380188,2821.269205093384,23993,eclipse,137.195.211.213,2821.269205093384,1545600,276,28,2ed37c9e,0.14,0.0,1.0,10.889017871966358,0.9918242030066655,1.4933334281592263,1519104,1545600,3062.545,5.252,7101.847,15.624,1.5187499523162842,4.999999873689376e-05,62980.37890625,-0.024819809943437576,62980.3828125,0.3054733872413635,0.010782078839838505,2.465859889984131,0.0
3304.4770464825688,-253.30088587448438,199.076047393388,100.0,56,5600,False,1551200,15512,277,ae3b9b3532214bc3bad13e7ea9518ddf,2020-03-20_22-04-54,1584741894,10.437301874160767,2831.7065069675446,23993,eclipse,137.195.211.213,2831.7065069675446,1551200,277,28,2ed37c9e,0.19,0.0,1.0,10.889820521709712,0.9917973591994163,1.4932724478140198,1524608,1551200,3065.651,5.265,7144.265,15.712,1.5187499523162842,4.999999873689376e-05,133198.34375,-0.026038918644189835,133198.34375,0.30140221118927,0.009761329740285873,2.7129290103912354,0.0
3304.4770464825688,-143.46473012898792,348.72687169368095,100.0,56,5600,False,1556800,15568,278,ae3b9b3532214bc3bad13e7ea9518ddf,2020-03-20_22-05-04,1584741904,10.243630170822144,2841.9501371383667,23993,eclipse,137.195.211.213,2841.9501371383667,1556800,278,28,2ed37c9e,0.26,0.0,1.0,10.890983591755752,0.9917747957600825,1.493220838256986,1530112,1556800,3035.986,5.15,7181.485,16.228,1.5187499523162842,4.999999873689376e-05,190337.015625,-0.02662402018904686,190337.0,0.3045152425765991,0.01099365297704935,2.1644859313964844,0.0
3136.293065355102,-438.060016836313,288.2772475577612,100.0,56,5600,False,1562400,15624,279,ae3b9b3532214bc3bad13e7ea9518ddf,2020-03-20_22-05-15,1584741915,10.365806341171265,2852.315943479538,23993,eclipse,137.195.211.213,2852.315943479538,1562400,279,28,2ed37c9e,0.21,0.0,1.0,10.892611982261961,0.9917404486291699,1.4931196363180834,1535616,1562400,3033.599,5.418,7210.552,17.504,1.5187499523162842,4.999999873689376e-05,54472.55078125,-0.02138560451567173,54472.55078125,0.3653818964958191,0.01088384073227644,2.1518805027008057,0.0
2574.197078531408,-438.060016836313,202.9152572697108,100.0,56,5600,False,1568000,15680,280,ae3b9b3532214bc3bad13e7ea9518ddf,2020-03-20_22-05-25,1584741925,10.442582845687866,2862.758526325226,23993,eclipse,137.195.211.213,2862.758526325226,1568000,280,28,2ed37c9e,0.21,0.0,1.0,10.894442310640702,0.9917048592944792,1.4930391186709613,1541120,1568000,3025.893,5.547,7230.374,17.702,1.5187499523162842,4.999999873689376e-05,95574.9140625,-0.026890452951192856,95574.921875,0.2538740038871765,0.00813073106110096,2.3383874893188477,0.0
2574.197078531408,-209.0597044523571,195.36737078237067,100.0,56,5600,False,1573600,15736,281,ae3b9b3532214bc3bad13e7ea9518ddf,2020-03-20_22-05-36,1584741936,10.575568675994873,2873.3340950012207,23993,eclipse,137.195.211.213,2873.3340950012207,1573600,281,28,2ed37c9e,0.26,0.0,1.0,10.896365341706403,0.9916672530209564,1.4930285711041416,1546624,1573600,3047.123,5.731,7241.346,17.536,1.5187499523162842,4.999999873689376e-05,50080.12109375,-0.020460838451981544,50080.12109375,0.3033304512500763,0.00961306132376194,2.1653189659118652,0.0
2688.6735197321286,-209.0597044523571,229.8233986649802,100.0,56,5600,False,1579200,15792,282,ae3b9b3532214bc3bad13e7ea9518ddf,2020-03-20_22-05-46,1584741946,10.327991485595703,2883.6620864868164,23993,eclipse,137.195.211.213,2883.6620864868164,1579200,282,28,2ed37c9e,0.23,0.0,1.0,10.897616998288267,0.9916130650449538,1.49302945115704,1552128,1579200,3042.692,5.861,7233.497,17.713,1.5187499523162842,4.999999873689376e-05,109318.546875,-0.02720366045832634,109318.5703125,0.3361136317253113,0.008459692820906639,2.594228506088257,0.0
2688.6735197321286,-366.67557183335833,237.8527799366412,100.0,56,5600,False,1584800,15848,283,ae3b9b3532214bc3bad13e7ea9518ddf,2020-03-20_22-05-56,1584741956,10.436560869216919,2894.0986473560333,23993,eclipse,137.195.211.213,2894.0986473560333,1584800,283,28,2ed37c9e,0.21,0.0,1.0,10.898740314774836,0.9916108761568,1.4929917235081436,1557632,1584800,3042.155,6.011,7236.707,17.318,1.5187499523162842,4.999999873689376e-05,59226.62890625,-0.022862620651721954,59226.640625,0.3320826292037964,0.010569519363343716,2.4293673038482666,0.0
3369.052046476667,-366.67557183335833,273.25556840786993,100.0,56,5600,False,1590400,15904,284,ae3b9b3532214bc3bad13e7ea9518ddf,2020-03-20_22-06-07,1584741967,10.311357259750366,2904.4100046157837,23993,eclipse,137.195.211.213,2904.4100046157837,1590400,284,28,2ed37c9e,0.25,0.0,1.0,10.900378891674395,0.9916111745885301,1.4929264912574933,1563136,1590400,3025.616,6.125,7242.711,18.592,1.5187499523162842,4.999999873689376e-05,176637.5625,-0.02364371344447136,176637.5625,0.27061784267425537,0.009865025989711285,2.282686471939087,0.0
3369.052046476667,-573.1643468085513,243.97379912522575,100.0,56,5600,False,1596000,15960,285,ae3b9b3532214bc3bad13e7ea9518ddf,2020-03-20_22-06-17,1584741977,10.477362871170044,2914.8873674869537,23993,eclipse,137.195.211.213,2914.8873674869537,1596000,285,28,2ed37c9e,0.23,0.0,1.0,10.901882822686826,0.9916191403999524,1.4928602879257693,1568640,1596000,3040.888,6.251,7249.41,19.512,1.5187499523162842,4.999999873689376e-05,76585.09375,-0.024047063663601875,76585.1015625,0.25310760736465454,0.010162057355046272,2.4011828899383545,0.0
3059.085007493859,-573.1643468085513,146.15736199252757,100.0,56,5600,False,1601600,16016,286,ae3b9b3532214bc3bad13e7ea9518ddf,2020-03-20_22-06-28,1584741988,10.330284833908081,2925.217652320862,23993,eclipse,137.195.211.213,2925.217652320862,1601600,286,28,2ed37c9e,0.16,0.0,1.0,10.903792432336845,0.9917233161549163,1.4928841958078223,1574144,1601600,3059.58,6.43,7244.608,19.837,1.5187499523162842,4.999999873689376e-05,38399.1015625,-0.029772788286209106,38399.11328125,0.2498006969690323,0.012617284432053566,2.242241859436035,0.0
2001.2163313309406,-30.539854145301174,207.04626060703467,100.0,56,5600,False,1607200,16072,287,ae3b9b3532214bc3bad13e7ea9518ddf,2020-03-20_22-06-38,1584741998,10.474472284317017,2935.692124605179,23993,eclipse,137.195.211.213,2935.692124605179,1607200,287,28,2ed37c9e,0.25,0.0,1.0,10.9063247096954,0.9917271196844788,1.4929766432902918,1579648,1607200,3076.754,6.565,7231.072,20.012,1.5187499523162842,4.999999873689376e-05,75943.53125,-0.022752640768885612,75943.5390625,0.3417348563671112,0.010307781398296356,2.17262864112854,0.0
3432.1524564505457,-347.20324047512025,247.2326255983022,100.0,56,5600,False,1612800,16128,288,ae3b9b3532214bc3bad13e7ea9518ddf,2020-03-20_22-06-49,1584742009,10.434041500091553,2946.1261661052704,23993,eclipse,137.195.211.213,2946.1261661052704,1612800,288,28,2ed37c9e,0.3,0.0,1.0,10.908364826172965,0.9916830732665569,1.4930305784967857,1585152,1612800,3087.989,6.752,7238.384,20.621,1.5187499523162842,4.999999873689376e-05,108035.6015625,-0.022640114650130272,108035.625,0.2867993712425232,0.010218219831585884,2.3211379051208496,0.0
3432.1524564505457,-347.20324047512025,213.78441252544363,100.0,56,5600,False,1618400,16184,289,ae3b9b3532214bc3bad13e7ea9518ddf,2020-03-20_22-06-59,1584742019,10.328114986419678,2956.45428109169,23993,eclipse,137.195.211.213,2956.45428109169,1618400,289,28,2ed37c9e,0.23,0.0,1.0,10.909720791995927,0.9916527984270818,1.4929826740894834,1590656,1618400,3089.503,6.763,7233.017,20.621,1.5187499523162842,4.999999873689376e-05,64639.17578125,-0.029306478798389435,64639.19921875,0.2502171993255615,0.009722492657601833,2.339024543762207,0.0
2114.681634767355,-33.78826292008644,171.2948176227259,100.0,56,5600,False,1624000,16240,290,ae3b9b3532214bc3bad13e7ea9518ddf,2020-03-20_22-07-09,1584742029,10.282721042633057,2966.737002134323,23993,eclipse,137.195.211.213,2966.737002134323,1624000,290,28,2ed37c9e,0.19,0.0,1.0,10.910969220023725,0.9916051985794186,1.4929245255852723,1596160,1624000,3081.998,6.445,7224.247,19.903,1.5187499523162842,4.999999873689376e-05,42721.48828125,-0.031067928299307823,42721.5,0.2798214852809906,0.011277317069470882,2.4973902702331543,0.0
2114.681634767355,-450.31770696762203,123.25635335709948,100.0,56,5600,False,1629600,16296,291,ae3b9b3532214bc3bad13e7ea9518ddf,2020-03-20_22-07-20,1584742040,10.235481023788452,2976.9724831581116,23993,eclipse,137.195.211.213,2976.9724831581116,1629600,291,28,2ed37c9e,0.14,0.0,1.0,10.912270780400991,0.9915931253593666,1.4928668130007212,1601664,1629600,3064.865,6.25,7208.646,20.394,1.5187499523162842,4.999999873689376e-05,44282.55078125,-0.033605266362428665,44282.5625,0.3116176128387451,0.010326690040528774,2.266296863555908,0.0
3874.9510860979512,-450.31770696762203,188.76368390317919,100.0,56,5600,False,1635200,16352,292,ae3b9b3532214bc3bad13e7ea9518ddf,2020-03-20_22-07-30,1584742050,10.331957340240479,2987.304440498352,23993,eclipse,137.195.211.213,2987.304440498352,1635200,292,28,2ed37c9e,0.19,0.0,1.0,10.914030423390686,0.9915777555149969,1.4928141353438524,1607168,1635200,3070.032,6.112,7203.961,19.977,1.5187499523162842,4.999999873689376e-05,157940.359375,-0.021600723266601562,157940.390625,0.2402029037475586,0.010278094559907913,2.122871160507202,0.0
3874.9510860979512,-453.6712286697811,304.04513009285574,100.0,56,5600,False,1640800,16408,293,ae3b9b3532214bc3bad13e7ea9518ddf,2020-03-20_22-07-41,1584742061,10.399991989135742,2997.704432487488,23993,eclipse,137.195.211.213,2997.704432487488,1640800,293,28,2ed37c9e,0.29,0.0,1.0,10.916048144432311,0.9915638901942441,1.4927094173778541,1612672,1640800,3062.566,6.054,7207.546,19.661,1.5187499523162842,4.999999873689376e-05,145825.203125,-0.02624920941889286,145825.203125,0.28723451495170593,0.011628455482423306,2.0287513732910156,0.0
2899.971183276094,-453.6712286697811,235.46865286322645,100.0,56,5600,False,1646400,16464,294,ae3b9b3532214bc3bad13e7ea9518ddf,2020-03-20_22-07-51,1584742071,10.433949947357178,3008.138382434845,23993,eclipse,137.195.211.213,3008.138382434845,1646400,294,28,2ed37c9e,0.26,0.0,1.0,10.91813295300563,0.9915706475736912,1.49260406953154,1618176,1646400,3072.96,5.966,7210.03,18.93,1.5187499523162842,4.999999873689376e-05,50571.6171875,-0.02673913724720478,50571.6171875,0.2340400665998459,0.01273494865745306,2.081845760345459,0.0
3086.2672443863144,-34.942581849952624,169.56902841780095,100.0,56,5600,False,1652000,16520,295,ae3b9b3532214bc3bad13e7ea9518ddf,2020-03-20_22-08-02,1584742082,10.490203380584717,3018.6285858154297,23993,eclipse,137.195.211.213,3018.6285858154297,1652000,295,28,2ed37c9e,0.19,0.0,1.0,10.919398609281057,0.9915549769769249,1.4925308865695928,1623680,1652000,3064.883,5.912,7221.246,18.496,1.5187499523162842,4.999999873689376e-05,90825.78125,-0.0298937801271677,90825.7890625,0.2304561585187912,0.0090259350836277,2.3354671001434326,0.0
3194.0669133242886,-37.15270167865172,169.98854207316475,100.0,56,5600,False,1657600,16576,296,ae3b9b3532214bc3bad13e7ea9518ddf,2020-03-20_22-08-12,1584742092,9.951728582382202,3028.580314397812,23993,eclipse,137.195.211.213,3028.580314397812,1657600,296,28,2ed37c9e,0.16,0.0,1.0,10.920408627650154,0.9915027978839431,1.4925295531787321,1629184,1657600,3045.962,5.741,7203.304,17.743,1.5187499523162842,4.999999873689376e-05,84975.4453125,-0.024122998118400574,84975.4609375,0.25491243600845337,0.008612877689301968,2.342754364013672,0.0
2675.876463785482,-32.53376862393694,154.8106792695552,100.0,56,5600,False,1663200,16632,297,ae3b9b3532214bc3bad13e7ea9518ddf,2020-03-20_22-08-22,1584742102,9.954681158065796,3038.5349955558777,23993,eclipse,137.195.211.213,3038.5349955558777,1663200,297,28,2ed37c9e,0.15,0.0,1.0,10.921683081316873,0.9915071010809874,1.4927195286756358,1634688,1663200,3030.605,5.534,7168.62,17.724,1.5187499523162842,4.999999873689376e-05,77129.578125,-0.023876575753092766,77129.5859375,0.2758195698261261,0.010799497365951538,2.42102313041687,0.0
2930.5324259896897,-32.70790864392261,239.37889999504463,100.0,56,5600,False,1668800,16688,298,ae3b9b3532214bc3bad13e7ea9518ddf,2020-03-20_22-08-32,1584742112,10.198802947998047,3048.7337985038757,23993,eclipse,137.195.211.213,3048.7337985038757,1668800,298,28,2ed37c9e,0.25,0.0,1.0,10.92335858579584,0.9915267983133641,1.492865411694808,1640192,1668800,3023.359,5.348,7152.792,17.272,1.5187499523162842,4.999999873689376e-05,121368.9921875,-0.026890380308032036,121368.9921875,0.31695258617401123,0.009342140518128872,2.305624008178711,0.0
2930.5324259896897,-325.0305317947953,255.25047787982862,100.0,56,5600,False,1674400,16744,299,ae3b9b3532214bc3bad13e7ea9518ddf,2020-03-20_22-08-42,1584742122,10.466169357299805,3059.1999678611755,23993,eclipse,137.195.211.213,3059.1999678611755,1674400,299,28,2ed37c9e,0.29,0.0,1.0,10.925413019109095,0.9915797911935061,1.4930303049867706,1645696,1674400,3049.026,5.024,7141.418,16.774,1.5187499523162842,4.999999873689376e-05,79887.5546875,-0.023406021296977997,79887.5703125,0.26211854815483093,0.009894228540360928,2.178784132003784,0.0
2075.299382377791,-325.0305317947953,224.98018224214687,100.0,56,5600,False,1680000,16800,300,ae3b9b3532214bc3bad13e7ea9518ddf,2020-03-20_22-08-53,1584742133,10.435587167739868,3069.6355550289154,23993,eclipse,137.195.211.213,3069.6355550289154,1680000,300,28,2ed37c9e,0.24,0.0,1.0,10.927310357848778,0.99155885990196,1.4931103809507675,1651200,1680000,3056.482,5.254,7148.48,16.879,1.5187499523162842,4.999999873689376e-05,50814.69140625,-0.030006015673279762,50814.703125,0.36004382371902466,0.01139035914093256,2.105557441711426,0.0
2874.758050929307,-360.3360400084555,184.91731611364008,100.0,56,5600,False,1685600,16856,301,ae3b9b3532214bc3bad13e7ea9518ddf,2020-03-20_22-09-03,1584742143,10.38785457611084,3080.0234096050262,23993,eclipse,137.195.211.213,3080.0234096050262,1685600,301,28,2ed37c9e,0.22,0.0,1.0,10.928899642257745,0.9915155072109075,1.4930721982808788,1656704,1685600,3063.203,5.397,7154.228,16.981,1.5187499523162842,4.999999873689376e-05,56342.1875,-0.02389506623148918,56342.19140625,0.39585575461387634,0.01027147751301527,2.3168489933013916,0.0
5011.490506001227,-518.6426914732498,152.97114447279108,100.0,56,5600,False,1691200,16912,302,ae3b9b3532214bc3bad13e7ea9518ddf,2020-03-20_22-09-14,1584742154,10.375236988067627,3090.398646593094,23993,eclipse,137.195.211.213,3090.398646593094,1691200,302,28,2ed37c9e,0.13,0.0,1.0,10.929945469523503,0.9915178155787691,1.4930419752358584,1662208,1691200,3056.872,5.351,7166.409,17.157,1.5187499523162842,4.999999873689376e-05,171779.109375,-0.022429918870329857,171779.140625,0.1691148728132248,0.008245144039392471,2.6129472255706787,0.0
5011.490506001227,-518.6426914732498,169.37018493997334,100.0,56,5600,False,1696800,16968,303,ae3b9b3532214bc3bad13e7ea9518ddf,2020-03-20_22-09-24,1584742164,10.550437211990356,3100.9490838050842,23993,eclipse,137.195.211.213,3100.9490838050842,1696800,303,28,2ed37c9e,0.16,0.0,1.0,10.931405696131549,0.9915369234134787,1.4930452090340822,1667712,1696800,3061.612,5.41,7174.762,17.673,1.5187499523162842,4.999999873689376e-05,53468.8671875,-0.016375554725527763,53468.859375,0.24782893061637878,0.01526916678994894,2.2166919708251953,0.0
2307.6655417453435,-117.07958569116435,131.90085195431328,100.0,56,5600,False,1702400,17024,304,ae3b9b3532214bc3bad13e7ea9518ddf,2020-03-20_22-09-35,1584742175,10.296832799911499,3111.2459166049957,23993,eclipse,137.195.211.213,3111.2459166049957,1702400,304,28,2ed37c9e,0.2,0.0,1.0,10.933036125865208,0.9915466387114066,1.4930418344608214,1673216,1702400,3056.327,5.529,7166.687,18.78,1.5187499523162842,4.999999873689376e-05,33388.0078125,-0.030697273090481758,33388.01953125,0.27080896496772766,0.010332263074815273,2.241943597793579,0.0
2315.6600646187703,-593.4456568031878,137.12241158168936,100.0,56,5600,False,1708000,17080,305,ae3b9b3532214bc3bad13e7ea9518ddf,2020-03-20_22-09-45,1584742185,10.283345699310303,3121.529262304306,23993,eclipse,137.195.211.213,3121.529262304306,1708000,305,28,2ed37c9e,0.22,0.0,1.0,10.934256999277782,0.9915160526681507,1.493018184953546,1678720,1708000,3040.176,5.635,7161.776,19.554,1.5187499523162842,4.999999873689376e-05,67500.8046875,-0.023809652775526047,67500.8203125,0.259494811296463,0.008058281615376472,2.4367175102233887,0.0
2182.685324512676,-593.4456568031878,112.52206317840617,100.0,56,5600,False,1713600,17136,306,ae3b9b3532214bc3bad13e7ea9518ddf,2020-03-20_22-09-55,1584742195,10.33454942703247,3131.8638117313385,23993,eclipse,137.195.211.213,3131.8638117313385,1713600,306,28,2ed37c9e,0.19,0.0,1.0,10.935071455576114,0.9914889765156206,1.492998512836852,1684224,1713600,3043.434,5.819,7197.01,19.408,1.5187499523162842,4.999999873689376e-05,49371.08203125,-0.029566776007413864,49371.09375,0.2560650110244751,0.013045442290604115,2.304023265838623,0.0
4086.499715315207,-473.0854567182774,161.40884817728093,100.0,56,5600,False,1719200,17192,307,ae3b9b3532214bc3bad13e7ea9518ddf,2020-03-20_22-10-05,1584742205,10.138812065124512,3142.002623796463,23993,eclipse,137.195.211.213,3142.002623796463,1719200,307,28,2ed37c9e,0.16,0.0,1.0,10.936288041532315,0.9914698230923673,1.4930158576037469,1689728,1719200,3047.441,5.864,7209.845,18.933,1.5187499523162842,4.999999873689376e-05,92455.3046875,-0.024116063490509987,92455.328125,0.315731942653656,0.007784200832247734,2.3915982246398926,0.0
4086.499715315207,-473.0854567182774,195.62915619751155,100.0,56,5600,False,1724800,17248,308,ae3b9b3532214bc3bad13e7ea9518ddf,2020-03-20_22-10-16,1584742216,10.38323426246643,3152.3858580589294,23993,eclipse,137.195.211.213,3152.3858580589294,1724800,308,28,2ed37c9e,0.23,0.0,1.0,10.937880504572753,0.9915465236842431,1.4931468778892816,1695232,1724800,3063.776,6.2,7212.36,19.281,1.5187499523162842,4.999999873689376e-05,84590.78125,-0.027783790603280067,84590.7890625,0.2982124388217926,0.009664000011980534,2.0965778827667236,0.0
2979.974182278887,-43.86074812448989,156.8650967504577,100.0,56,5600,False,1730400,17304,309,ae3b9b3532214bc3bad13e7ea9518ddf,2020-03-20_22-10-26,1584742226,10.216808795928955,3162.6026668548584,23993,eclipse,137.195.211.213,3162.6026668548584,1730400,309,28,2ed37c9e,0.18,0.0,1.0,10.938832483465825,0.9916260396419223,1.49320552839784,1700736,1730400,3036.341,6.403,7213.998,19.471,1.5187499523162842,4.999999873689376e-05,85447.8671875,-0.03160591796040535,85447.875,0.24535201489925385,0.012073366902768612,2.6106173992156982,0.0
2979.974182278887,-532.4532243768507,161.60361607849566,100.0,56,5600,False,1736000,17360,310,ae3b9b3532214bc3bad13e7ea9518ddf,2020-03-20_22-10-37,1584742237,10.424325704574585,3173.026992559433,23993,eclipse,137.195.211.213,3173.026992559433,1736000,310,28,2ed37c9e,0.17,0.0,1.0,10.940049037706244,0.9916153319963351,1.4931566142775596,1706240,1736000,3036.274,6.429,7213.084,20.012,1.5187499523162842,4.999999873689376e-05,33656.89453125,-0.02760636992752552,33656.9140625,0.17598916590213776,0.010408605448901653,2.1549503803253174,0.0
2660.5882339894224,-532.4532243768507,258.0534962863174,100.0,56,5600,False,1741600,17416,311,ae3b9b3532214bc3bad13e7ea9518ddf,2020-03-20_22-10-47,1584742247,10.41232180595398,3183.439314365387,23993,eclipse,137.195.211.213,3183.439314365387,1741600,311,28,2ed37c9e,0.27,0.0,1.0,10.941493347033486,0.9915680208315336,1.4931110392950844,1711744,1741600,3036.552,6.296,7216.941,20.062,1.5187499523162842,4.999999873689376e-05,168790.734375,-0.024510890245437622,168790.75,0.26095736026763916,0.009103011339902878,2.202691078186035,0.0
2659.799260809468,-486.01583200267777,264.77572117789344,100.0,56,5600,False,1747200,17472,312,ae3b9b3532214bc3bad13e7ea9518ddf,2020-03-20_22-10-58,1584742258,10.523925542831421,3193.9632399082184,23993,eclipse,137.195.211.213,3193.9632399082184,1747200,312,28,2ed37c9e,0.27,0.0,1.0,10.943030838651387,0.9915018073238346,1.4930227263172935,1717248,1747200,3046.576,6.438,7219.45,19.874,1.5187499523162842,4.999999873689376e-05,95996.515625,-0.02732379548251629,95996.53125,0.2773343026638031,0.010897158645093441,2.2036025524139404,0.0
2629.4470770213084,-486.01583200267777,222.0602111887422,100.0,56,5600,False,1752800,17528,313,ae3b9b3532214bc3bad13e7ea9518ddf,2020-03-20_22-11-08,1584742268,10.439513683319092,3204.4027535915375,23993,eclipse,137.195.211.213,3204.4027535915375,1752800,313,28,2ed37c9e,0.23,0.0,1.0,10.944133662407108,0.9914793444482322,1.4929758338135342,1722752,1752800,3036.327,6.357,7222.093,19.151,1.5187499523162842,4.999999873689376e-05,101471.9296875,-0.029650570824742317,101471.9296875,0.25074052810668945,0.00983911007642746,2.3826377391815186,0.0
3294.066086577135,-80.37976437796593,353.60088976011366,100.0,56,5600,False,1758400,17584,314,ae3b9b3532214bc3bad13e7ea9518ddf,2020-03-20_22-11-18,1584742278,10.402514457702637,3214.80526804924,23993,eclipse,137.195.211.213,3214.80526804924,1758400,314,28,2ed37c9e,0.29,0.0,1.0,10.945213138926833,0.9914690726400067,1.4929652566804925,1728256,1758400,3036.102,6.323,7230.369,19.046,1.5187499523162842,4.999999873689376e-05,297273.65625,-0.027794480323791504,297273.65625,0.2724360525608063,0.012448013760149479,2.236863851547241,0.0
3294.066086577135,-80.37976437796593,339.3703380011217,100.0,56,5600,False,1764000,17640,315,ae3b9b3532214bc3bad13e7ea9518ddf,2020-03-20_22-11-29,1584742289,10.167205095291138,3224.9724731445312,23993,eclipse,137.195.211.213,3224.9724731445312,1764000,315,28,2ed37c9e,0.29,0.0,1.0,10.946070005598408,0.9914293946066999,1.492919901804688,1733760,1764000,3035.048,6.325,7220.25,18.655,1.5187499523162842,4.999999873689376e-05,73738.6796875,-0.021702362224459648,73738.6953125,0.18407875299453735,0.008255328983068466,2.5624587535858154,0.0
3147.017957260465,-163.63213454719434,160.60326688913298,100.0,56,5600,False,1769600,17696,316,ae3b9b3532214bc3bad13e7ea9518ddf,2020-03-20_22-11-39,1584742299,10.377223253250122,3235.3496963977814,23993,eclipse,137.195.211.213,3235.3496963977814,1769600,316,28,2ed37c9e,0.19,0.0,1.0,10.94680959200011,0.9913958596718584,1.4928545411770944,1739264,1769600,3031.094,6.34,7226.749,19.148,1.5187499523162842,4.999999873689376e-05,40105.41015625,-0.03074059449136257,40105.42578125,0.3487754762172699,0.011029526591300964,2.397000551223755,0.0
2549.6822971549855,-428.6618830884023,195.5191992493496,100.0,56,5600,False,1775200,17752,317,ae3b9b3532214bc3bad13e7ea9518ddf,2020-03-20_22-11-50,1584742310,10.45481252670288,3245.8045089244843,23993,eclipse,137.195.211.213,3245.8045089244843,1775200,317,28,2ed37c9e,0.18,0.0,1.0,10.947816436416325,0.9913712495742155,1.4927798344739125,1744768,1775200,3033.436,6.488,7254.153,20.057,1.5187499523162842,4.999999873689376e-05,89794.578125,-0.028330082073807716,89794.5859375,0.30461493134498596,0.011248985305428505,2.364067316055298,0.0
2549.6822971549855,-428.6618830884023,183.53883041757504,100.0,56,5600,False,1780800,17808,318,ae3b9b3532214bc3bad13e7ea9518ddf,2020-03-20_22-12-00,1584742320,10.46111798286438,3256.2656269073486,23993,eclipse,137.195.211.213,3256.2656269073486,1780800,318,28,2ed37c9e,0.18,0.0,1.0,10.949062983239719,0.99132424962234,1.4927187553429064,1750272,1780800,3022.097,6.222,7271.119,19.837,1.5187499523162842,4.999999873689376e-05,45463.640625,-0.021997952833771706,45463.64453125,0.3276625871658325,0.011071935296058655,2.2150564193725586,0.0
3645.188989834253,-32.76260444501797,245.74627686625638,100.0,56,5600,False,1786400,17864,319,ae3b9b3532214bc3bad13e7ea9518ddf,2020-03-20_22-12-11,1584742331,10.370376348495483,3266.636003255844,23993,eclipse,137.195.211.213,3266.636003255844,1786400,319,28,2ed37c9e,0.2,0.0,1.0,10.950178203289749,0.991285775560097,1.4926888230451139,1755776,1786400,3025.195,6.212,7283.158,20.192,1.5187499523162842,4.999999873689376e-05,149336.96875,-0.02681608870625496,149336.96875,0.22488076984882355,0.010121396742761135,2.1622116565704346,0.0
3645.188989834253,-31.889512838217687,332.0611551709016,100.0,56,5600,False,1792000,17920,320,ae3b9b3532214bc3bad13e7ea9518ddf,2020-03-20_22-12-21,1584742341,10.219468593597412,3276.8554718494415,23993,eclipse,137.195.211.213,3276.8554718494415,1792000,320,28,2ed37c9e,0.3,0.0,1.0,10.951758071783537,0.9912645638144219,1.4926493329446922,1761280,1792000,3021.798,6.136,7267.191,19.828,1.5187499523162842,4.999999873689376e-05,127252.5,-0.02531893365085125,127252.5078125,0.27668237686157227,0.010619119741022587,1.8122053146362305,0.0
2878.1951841694636,-106.41289934063668,337.61173677782915,100.0,56,5600,False,1797600,17976,321,ae3b9b3532214bc3bad13e7ea9518ddf,2020-03-20_22-12-31,1584742351,10.34770393371582,3287.2031757831573,23993,eclipse,137.195.211.213,3287.2031757831573,1797600,321,28,2ed37c9e,0.36,0.0,1.0,10.953367612688805,0.9912434733499295,1.4925625403694347,1766784,1797600,3018.699,6.16,7262.285,19.532,1.5187499523162842,4.999999873689376e-05,103699.5546875,-0.0269599799066782,103699.5703125,0.3547707796096802,0.009576535783708096,2.1638174057006836,0.0
2865.4466332857055,-388.0968752277711,293.4854853024642,100.0,56,5600,False,1803200,18032,322,ae3b9b3532214bc3bad13e7ea9518ddf,2020-03-20_22-12-41,1584742361,10.22464632987976,3297.427822113037,23993,eclipse,137.195.211.213,3297.427822113037,1803200,322,28,2ed37c9e,0.31,0.0,1.0,10.954571697953764,0.991178835291886,1.4924958118430294,1772288,1803200,3002.839,6.009,7249.892,19.301,1.5187499523162842,4.999999873689376e-05,92817.765625,-0.03332984447479248,92817.7890625,0.2901995778083801,0.009760207496583462,2.4729771614074707,0.0
3059.7249037027873,-388.0968752277711,290.03535112717634,100.0,56,5600,False,1808800,18088,323,ae3b9b3532214bc3bad13e7ea9518ddf,2020-03-20_22-12-52,1584742372,10.304725885391235,3307.7325479984283,23993,eclipse,137.195.211.213,3307.7325479984283,1808800,323,28,2ed37c9e,0.28,0.0,1.0,10.95534250170532,0.9911411779846128,1.492465194568914,1777792,1808800,3001.35,5.904,7237.203,19.879,1.5187499523162842,4.999999873689376e-05,163001.625,-0.03471829369664192,163001.625,0.30556976795196533,0.010724898427724838,2.3142898082733154,0.0
3254.2932945041084,-34.49739776184811,351.3812996085959,100.0,56,5600,False,1814400,18144,324,ae3b9b3532214bc3bad13e7ea9518ddf,2020-03-20_22-13-02,1584742382,10.443362474441528,3318.17591047287,23993,eclipse,137.195.211.213,3318.17591047287,1814400,324,28,2ed37c9e,0.3,0.0,1.0,10.956516588378276,0.9910877216812088,1.4924164069901962,1783296,1814400,3005.219,5.94,7239.542,19.085,1.5187499523162842,4.999999873689376e-05,146316.109375,-0.030842792242765427,146316.109375,0.2947124242782593,0.011867377907037735,2.2614235877990723,0.0
3400.2025774360413,-374.656525218401,345.8586610536197,100.0,56,5600,False,1820000,18200,325,ae3b9b3532214bc3bad13e7ea9518ddf,2020-03-20_22-13-12,1584742392,9.904240608215332,3328.080151081085,23993,eclipse,137.195.211.213,3328.080151081085,1820000,325,28,2ed37c9e,0.38,0.0,1.0,10.957763928272879,0.9910601311256186,1.492361297383424,1788800,1820000,3015.517,5.804,7203.596,18.779,1.5187499523162842,4.999999873689376e-05,195017.6875,-0.029587343335151672,195017.6875,0.29864615201950073,0.012763014994561672,2.0280821323394775,0.0
3400.2025774360413,-374.656525218401,358.9565316837545,100.0,56,5600,False,1825600,18256,326,ae3b9b3532214bc3bad13e7ea9518ddf,2020-03-20_22-13-22,1584742402,10.143351554870605,3338.223502635956,23993,eclipse,137.195.211.213,3338.223502635956,1825600,326,28,2ed37c9e,0.32,0.0,1.0,10.95919882364788,0.9911100748451644,1.4923772449022374,1794304,1825600,3035.801,5.649,7162.086,18.694,1.5187499523162842,4.999999873689376e-05,134333.234375,-0.025036897510290146,134333.234375,0.3776080012321472,0.009887946769595146,2.3045172691345215,0.0
3450.720261956093,-369.73511905355554,303.8061759885199,100.0,56,5600,False,1831200,18312,327,ae3b9b3532214bc3bad13e7ea9518ddf,2020-03-20_22-13-33,1584742413,10.225863933563232,3348.449366569519,23993,eclipse,137.195.211.213,3348.449366569519,1831200,327,28,2ed37c9e,0.26,0.0,1.0,10.96077374287754,0.9911724685626393,1.492490680271485,1799808,1831200,3031.341,5.551,7146.889,17.843,1.5187499523162842,4.999999873689376e-05,117696.7421875,-0.02534455433487892,117696.7578125,0.29874491691589355,0.011378449387848377,2.187800645828247,0.0
3854.988341265462,-369.73511905355554,320.6930898490502,100.0,56,5600,False,1836800,18368,328,ae3b9b3532214bc3bad13e7ea9518ddf,2020-03-20_22-13-43,1584742423,10.278902053833008,3358.728268623352,23993,eclipse,137.195.211.213,3358.728268623352,1836800,328,28,2ed37c9e,0.28,0.0,1.0,10.962479771774378,0.9912455457280716,1.4926486152766238,1805312,1836800,3035.847,5.512,7126.352,17.842,1.5187499523162842,4.999999873689376e-05,190161.515625,-0.02835911326110363,190161.53125,0.28167468309402466,0.010532543063163757,2.1005547046661377,0.0
3854.988341265462,-452.84495829294247,245.9828766093473,100.0,56,5600,False,1842400,18424,329,ae3b9b3532214bc3bad13e7ea9518ddf,2020-03-20_22-13-53,1584742433,10.357233047485352,3369.0855016708374,23993,eclipse,137.195.211.213,3369.0855016708374,1842400,329,28,2ed37c9e,0.24,0.0,1.0,10.963769850250092,0.9912483702159757,1.4926426701876587,1810816,1842400,3034.718,5.494,7128.667,16.923,1.5187499523162842,4.999999873689376e-05,18172.19921875,-0.02848527580499649,18172.2109375,0.1869322508573532,0.012251297943294048,2.348221778869629,0.0
3863.9701112128237,-452.84495829294247,220.5714467796606,100.0,56,5600,False,1848000,18480,330,ae3b9b3532214bc3bad13e7ea9518ddf,2020-03-20_22-14-04,1584742444,10.438730716705322,3379.5242323875427,23993,eclipse,137.195.211.213,3379.5242323875427,1848000,330,28,2ed37c9e,0.23,0.0,1.0,10.964800587971734,0.9912159784936754,1.4925493704290136,1816320,1848000,3042.826,5.529,7141.722,17.125,1.5187499523162842,4.999999873689376e-05,169886.703125,-0.0283522829413414,169886.71875,0.3131811320781708,0.009154465980827808,2.091840982437134,0.0
3863.9701112128237,-34.567163360912794,332.96895016155736,100.0,56,5600,False,1853600,18536,331,ae3b9b3532214bc3bad13e7ea9518ddf,2020-03-20_22-14-14,1584742454,10.283448934555054,3389.807681322098,23993,eclipse,137.195.211.213,3389.807681322098,1853600,331,28,2ed37c9e,0.29,0.0,1.0,10.965954803214196,0.9912133114549571,1.4925042704374238,1821824,1853600,3034.987,5.497,7144.558,17.431,1.5187499523162842,4.999999873689376e-05,122570.3515625,-0.028207315132021904,122570.359375,0.21184629201889038,0.010065905749797821,2.1704208850860596,0.0
4141.578885068217,-34.567163360912794,254.15452142650832,100.0,56,5600,False,1859200,18592,332,ae3b9b3532214bc3bad13e7ea9518ddf,2020-03-20_22-14-24,1584742464,10.287123441696167,3400.094804763794,23993,eclipse,137.195.211.213,3400.094804763794,1859200,332,28,2ed37c9e,0.27,0.0,1.0,10.96722489818605,0.9912055939413189,1.4924509141002829,1827328,1859200,3038.252,5.486,7148.944,16.98,1.5187499523162842,4.999999873689376e-05,125266.1484375,-0.03152960538864136,125266.1484375,0.18820476531982422,0.010685140267014503,1.86784827709198,0.0
4852.994905215642,-255.20577412865973,237.18519882017804,100.0,56,5600,False,1864800,18648,333,ae3b9b3532214bc3bad13e7ea9518ddf,2020-03-20_22-14-35,1584742475,10.224154233932495,3410.3189589977264,23993,eclipse,137.195.211.213,3410.3189589977264,1864800,333,28,2ed37c9e,0.25,0.0,1.0,10.968595838806637,0.9911941999346439,1.4923759850198985,1832832,1864800,3039.334,5.495,7141.411,16.169,1.5187499523162842,4.999999873689376e-05,149533.6875,-0.02897852472960949,149533.6875,0.23837338387966156,0.010888922028243542,1.8213177919387817,0.0
3205.738114319452,-33.21952728065146,236.19800066546628,100.0,56,5600,False,1870400,18704,334,ae3b9b3532214bc3bad13e7ea9518ddf,2020-03-20_22-14-45,1584742485,10.253989696502686,3420.572948694229,23993,eclipse,137.195.211.213,3420.572948694229,1870400,334,28,2ed37c9e,0.23,0.0,1.0,10.969497924898567,0.9911204392735642,1.4922602928408366,1838336,1870400,3037.511,5.356,7124.941,16.816,1.5187499523162842,4.999999873689376e-05,163987.921875,-0.031922534108161926,163987.96875,0.30171069502830505,0.009720818139612675,2.303497791290283,0.0
3205.738114319452,-31.36794392172109,318.33501554589054,100.0,56,5600,False,1876000,18760,335,ae3b9b3532214bc3bad13e7ea9518ddf,2020-03-20_22-14-55,1584742495,10.412149906158447,3430.9850986003876,23993,eclipse,137.195.211.213,3430.9850986003876,1876000,335,28,2ed37c9e,0.27,0.0,1.0,10.97056422663058,0.9910185845067646,1.4921603887490504,1843840,1876000,3046.014,5.365,7166.773,16.452,1.5187499523162842,4.999999873689376e-05,92133.4609375,-0.02779358997941017,92133.4765625,0.30252358317375183,0.009409235790371895,2.164869785308838,0.0
2768.3002833583273,-31.411867769222514,225.96634591541567,100.0,56,5600,False,1881600,18816,336,ae3b9b3532214bc3bad13e7ea9518ddf,2020-03-20_22-15-06,1584742506,10.320401906967163,3441.3055005073547,23993,eclipse,137.195.211.213,3441.3055005073547,1881600,336,28,2ed37c9e,0.25,0.0,1.0,10.971163091376438,0.9909474144362261,1.4920972619315587,1849344,1881600,3028.202,5.49,7200.115,16.772,1.5187499523162842,4.999999873689376e-05,50076.00390625,-0.025125686079263687,50076.01171875,0.40093252062797546,0.010409443639218807,2.4870858192443848,0.0
2768.3002833583273,-31.411867769222514,114.30554668649744,100.0,56,5600,False,1887200,18872,337,ae3b9b3532214bc3bad13e7ea9518ddf,2020-03-20_22-15-16,1584742516,10.36238169670105,3451.667882204056,23993,eclipse,137.195.211.213,3451.667882204056,1887200,337,28,2ed37c9e,0.15,0.0,1.0,10.971639358180068,0.9908896392053279,1.4920581490877376,1854848,1887200,3023.972,5.689,7216.424,17.45,1.5187499523162842,4.999999873689376e-05,14743.5390625,-0.030442820861935616,14743.55859375,0.01841488480567932,0.008674806915223598,2.5057389736175537,0.0
2632.8029092088827,-562.6436762371687,162.54349908298238,100.0,56,5600,False,1892800,18928,338,ae3b9b3532214bc3bad13e7ea9518ddf,2020-03-20_22-15-27,1584742527,10.32763409614563,3461.9955163002014,23993,eclipse,137.195.211.213,3461.9955163002014,1892800,338,28,2ed37c9e,0.19,0.0,1.0,10.972844044749683,0.9908677776623753,1.4919988929697143,1860352,1892800,3017.644,5.721,7227.013,17.703,1.5187499523162842,4.999999873689376e-05,95106.484375,-0.02796846814453602,95106.5,0.25788527727127075,0.012050921097397804,1.6994004249572754,0.0
2632.8029092088827,-562.6436762371687,286.0095130524762,100.0,56,5600,False,1898400,18984,339,ae3b9b3532214bc3bad13e7ea9518ddf,2020-03-20_22-15-37,1584742537,10.481278657913208,3472.4767949581146,23993,eclipse,137.195.211.213,3472.4767949581146,1898400,339,28,2ed37c9e,0.32,0.0,1.0,10.974066376405348,0.9908208050877437,1.491937215372641,1865856,1898400,3025.914,6.024,7228.534,18.193,1.5187499523162842,4.999999873689376e-05,127817.0078125,-0.02663760632276535,127817.0078125,0.31399619579315186,0.012015942484140396,2.2583110332489014,0.0
3647.123917103131,-282.55441448037396,336.1441858827457,100.0,56,5600,False,1904000,19040,340,ae3b9b3532214bc3bad13e7ea9518ddf,2020-03-20_22-15-48,1584742548,10.429417371749878,3482.9062123298645,23993,eclipse,137.195.211.213,3482.9062123298645,1904000,340,28,2ed37c9e,0.37,0.0,1.0,10.975099541347051,0.9907684652980442,1.4918764646089142,1871360,1904000,3030.245,5.814,7224.064,17.848,1.5187499523162842,4.999999873689376e-05,170862.1875,-0.03132983297109604,170862.203125,0.27392661571502686,0.011444918811321259,1.9755005836486816,0.0
3647.123917103131,-36.742156895195905,324.7260292667181,100.0,56,5600,False,1909600,19096,341,ae3b9b3532214bc3bad13e7ea9518ddf,2020-03-20_22-15-58,1584742558,10.267129182815552,3493.17334151268,23993,eclipse,137.195.211.213,3493.17334151268,1909600,341,28,2ed37c9e,0.26,0.0,1.0,10.976208723415619,0.9907534357717054,1.4918231427187802,1876864,1909600,3035.282,5.927,7217.557,18.103,1.5187499523162842,4.999999873689376e-05,132674.9375,-0.032555628567934036,132674.96875,0.2958781123161316,0.009964042343199253,1.8507713079452515,0.0
3071.7878797652616,-29.755678483262013,272.47351915485666,100.0,56,5600,False,1915200,19152,342,ae3b9b3532214bc3bad13e7ea9518ddf,2020-03-20_22-16-08,1584742568,10.37165117263794,3503.544992685318,23993,eclipse,137.195.211.213,3503.544992685318,1915200,342,28,2ed37c9e,0.27,0.0,1.0,10.977542271989142,0.9907411102009589,1.4917706011826908,1882368,1915200,3042.27,6.11,7216.055,19.009,1.5187499523162842,4.999999873689376e-05,60223.82421875,-0.026679106056690216,60223.8359375,0.3190065026283264,0.014052033424377441,1.698830008506775,0.0
2980.7965265380026,-297.4707567002936,207.01134422945688,100.0,56,5600,False,1920800,19208,343,ae3b9b3532214bc3bad13e7ea9518ddf,2020-03-20_22-16-19,1584742579,10.437983989715576,3513.9829766750336,23993,eclipse,137.195.211.213,3513.9829766750336,1920800,343,28,2ed37c9e,0.26,0.0,1.0,10.979039207418804,0.990724521853037,1.4917416412133833,1887872,1920800,3050.243,6.11,7227.998,20.075,1.5187499523162842,4.999999873689376e-05,72744.453125,-0.025642869994044304,72744.46875,0.3454403877258301,0.010254643857479095,2.0929417610168457,0.0
2980.7965265380026,-297.4707567002936,251.65524140499582,100.0,56,5600,False,1926400,19264,344,ae3b9b3532214bc3bad13e7ea9518ddf,2020-03-20_22-16-29,1584742589,10.26280951499939,3524.245786190033,23993,eclipse,137.195.211.213,3524.245786190033,1926400,344,28,2ed37c9e,0.25,0.0,1.0,10.980137505849457,0.9907280289914627,1.4917049048702626,1893376,1926400,3044.741,6.129,7234.451,19.05,1.5187499523162842,4.999999873689376e-05,98105.765625,-0.024261610582470894,98105.765625,0.3500441610813141,0.012179829180240631,1.8671603202819824,0.0
3337.9106254272256,-410.6327270086313,245.3994065775882,100.0,56,5600,False,1932000,19320,345,ae3b9b3532214bc3bad13e7ea9518ddf,2020-03-20_22-16-39,1584742599,10.313103675842285,3534.5588898658752,23993,eclipse,137.195.211.213,3534.5588898658752,1932000,345,28,2ed37c9e,0.22,0.0,1.0,10.980905521757009,0.9907497129400853,1.4916333127418886,1898880,1932000,3031.266,6.3,7236.595,19.993,1.5187499523162842,4.999999873689376e-05,104458.71875,-0.03365369886159897,104458.7578125,0.22295182943344116,0.00974097941070795,2.0088002681732178,0.0
3337.9106254272256,-410.6327270086313,165.48099658523967,100.0,56,5600,False,1937600,19376,346,ae3b9b3532214bc3bad13e7ea9518ddf,2020-03-20_22-16-50,1584742610,10.36133599281311,3544.9202258586884,23993,eclipse,137.195.211.213,3544.9202258586884,1937600,346,28,2ed37c9e,0.22,0.0,1.0,10.981602294214463,0.9907356449555798,1.4915878089712107,1904384,1937600,3037.186,6.308,7236.011,20.259,1.5187499523162842,4.999999873689376e-05,36668.3671875,-0.029056470841169357,36668.38671875,0.3186831474304199,0.009109828621149063,2.3644351959228516,0.0
1999.6113671698017,-404.22122062293346,161.8244801041042,100.0,56,5600,False,1943200,19432,347,ae3b9b3532214bc3bad13e7ea9518ddf,2020-03-20_22-17-00,1584742620,10.334097862243652,3555.254323720932,23993,eclipse,137.195.211.213,3555.254323720932,1943200,347,28,2ed37c9e,0.23,0.0,1.0,10.982389090974412,0.9907111994047617,1.4915392516098172,1909888,1943200,3036.72,6.281,7234.256,19.017,1.5187499523162842,4.999999873689376e-05,45151.859375,-0.0324861966073513,45151.87890625,0.3595784306526184,0.009914728812873363,2.0325465202331543,0.0
3402.6615180243925,-404.22122062293346,276.84971918922804,100.0,56,5600,False,1948800,19488,348,ae3b9b3532214bc3bad13e7ea9518ddf,2020-03-20_22-17-11,1584742631,10.327613830566406,3565.5819375514984,23993,eclipse,137.195.211.213,3565.5819375514984,1948800,348,28,2ed37c9e,0.26,0.0,1.0,10.983793321838634,0.9906880837059185,1.4914583865684483,1915392,1948800,3037.1,6.144,7233.572,19.172,1.5187499523162842,4.999999873689376e-05,171246.890625,-0.03031318075954914,171246.921875,0.2567334473133087,0.010359049774706364,1.6702189445495605,0.0
3402.6615180243925,-41.60890861944795,299.4504288371246,100.0,56,5600,False,1954400,19544,349,ae3b9b3532214bc3bad13e7ea9518ddf,2020-03-20_22-17-21,1584742641,10.425599575042725,3576.007537126541,23993,eclipse,137.195.211.213,3576.007537126541,1954400,349,28,2ed37c9e,0.27,0.0,1.0,10.984734829659203,0.9907123287802816,1.491422777698545,1920896,1954400,3033.288,5.886,7232.845,18.74,1.5187499523162842,4.999999873689376e-05,79589.03125,-0.03523549064993858,79589.0546875,0.36824601888656616,0.009697269648313522,2.3932456970214844,0.0
2561.9270341590072,-41.60890861944795,209.54765968674667,100.0,56,5600,False,1960000,19600,350,ae3b9b3532214bc3bad13e7ea9518ddf,2020-03-20_22-17-31,1584742651,10.308596849441528,3586.3161339759827,23993,eclipse,137.195.211.213,3586.3161339759827,1960000,350,28,2ed37c9e,0.19,0.0,1.0,10.985303539709234,0.9907085177491561,1.4913932705964084,1926400,1960000,3021.704,6.218,7232.828,18.236,1.5187499523162842,4.999999873689376e-05,79068.6015625,-0.029469871893525124,79068.6171875,0.31634023785591125,0.011524432338774204,2.1624624729156494,0.0
3543.3627068551823,-29.09985116692347,275.0307547822508,100.0,56,5600,False,1965600,19656,351,ae3b9b3532214bc3bad13e7ea9518ddf,2020-03-20_22-17-42,1584742662,10.438953638076782,3596.7550876140594,23993,eclipse,137.195.211.213,3596.7550876140594,1965600,351,28,2ed37c9e,0.24,0.0,1.0,10.986356412573723,0.9906988522599021,1.4913350898542779,1931904,1965600,3025.527,6.159,7244.988,17.421,1.5187499523162842,4.999999873689376e-05,157500.25,-0.026175787672400475,157500.25,0.3077363669872284,0.012551832012832165,1.648184895515442,0.0
3543.3627068551823,-30.06112370724111,398.37230372060293,100.0,56,5600,False,1971200,19712,352,ae3b9b3532214bc3bad13e7ea9518ddf,2020-03-20_22-17-52,1584742672,10.447373151779175,3607.2024607658386,23993,eclipse,137.195.211.213,3607.2024607658386,1971200,352,28,2ed37c9e,0.34,0.0,1.0,10.987819578568748,0.9907313468661765,1.4913494597404757,1937408,1971200,3020.932,6.171,7257.779,17.595,1.5187499523162842,4.999999873689376e-05,187296.40625,-0.028007136657834053,187296.421875,0.28644368052482605,0.010767454281449318,1.6509195566177368,0.0
3219.6251459357154,-31.47265349665732,297.2680967963932,100.0,56,5600,False,1976800,19768,353,ae3b9b3532214bc3bad13e7ea9518ddf,2020-03-20_22-18-03,1584742683,10.501890897750854,3617.7043516635895,23993,eclipse,137.195.211.213,3617.7043516635895,1976800,353,28,2ed37c9e,0.32,0.0,1.0,10.989509556511145,0.9908109186551144,1.4915082367816894,1942912,1976800,3028.135,6.224,7255.865,17.03,1.5187499523162842,4.999999873689376e-05,55368.65234375,-0.02818838693201542,55368.6640625,0.40580546855926514,0.00998178031295538,1.831987738609314,0.0
3201.3736715058985,-543.894426559809,337.44825623597103,100.0,56,5600,False,1982400,19824,354,ae3b9b3532214bc3bad13e7ea9518ddf,2020-03-20_22-18-13,1584742693,10.116400241851807,3627.8207519054413,23993,eclipse,137.195.211.213,3627.8207519054413,1982400,354,28,2ed37c9e,0.35,0.0,1.0,10.991253416377184,0.9908438497462775,1.4915808879255308,1948416,1982400,3047.688,6.228,7221.867,17.847,1.5187499523162842,4.999999873689376e-05,172221.875,-0.03123706392943859,172221.890625,0.30995288491249084,0.013020203448832035,1.6069884300231934,0.0
3201.3736715058985,-165.40835471244213,295.0270989426417,100.0,56,5600,False,1988000,19880,355,ae3b9b3532214bc3bad13e7ea9518ddf,2020-03-20_22-18-23,1584742703,10.112598896026611,3637.933350801468,23993,eclipse,137.195.211.213,3637.933350801468,1988000,355,28,2ed37c9e,0.32,0.0,1.0,10.992829932795212,0.9908482541691952,1.4916270284321758,1953920,1988000,3058.437,6.037,7190.794,17.868,1.5187499523162842,4.999999873689376e-05,52047.37890625,-0.02857360430061817,52047.390625,0.3861347436904907,0.009782069362699986,2.103179931640625,0.0
2704.7367852550465,-32.83003179332146,179.56716420584237,100.0,56,5600,False,1993600,19936,356,ae3b9b3532214bc3bad13e7ea9518ddf,2020-03-20_22-18-34,1584742714,10.44596242904663,3648.3793132305145,23993,eclipse,137.195.211.213,3648.3793132305145,1993600,356,28,2ed37c9e,0.19,0.0,1.0,10.994124810977405,0.9908752950174812,1.4917419373902248,1959424,1993600,3074.628,5.905,7182.889,16.622,1.5187499523162842,4.999999873689376e-05,65984.78125,-0.021786438301205635,65984.78125,0.411181777715683,0.01048033032566309,2.2168915271759033,0.0
2704.7367852550465,-35.66272337722819,176.08805688561523,100.0,56,5600,False,1999200,19992,357,ae3b9b3532214bc3bad13e7ea9518ddf,2020-03-20_22-18-44,1584742724,10.451564311981201,3658.8308775424957,23993,eclipse,137.195.211.213,3658.8308775424957,1999200,357,28,2ed37c9e,0.18,0.0,1.0,10.995696234251495,0.9908611121255785,1.4918573557120782,1964928,1999200,3096.437,6.019,7171.714,17.54,1.5187499523162842,4.999999873689376e-05,54755.58203125,-0.030638687312602997,54755.59765625,0.29800698161125183,0.011134322732686996,2.031595468521118,0.0
3921.4127980480216,-40.17161418156068,230.7804763828955,100.0,56,5600,False,2004800,20048,358,ae3b9b3532214bc3bad13e7ea9518ddf,2020-03-20_22-18-55,1584742735,10.381821155548096,3669.212698698044,23993,eclipse,137.195.211.213,3669.212698698044,2004800,358,28,2ed37c9e,0.16,0.0,1.0,10.997017247707664,0.9908253862027349,1.4918866451348298,1970432,2004800,3092.433,6.122,7181.244,17.048,1.5187499523162842,4.999999873689376e-05,198799.015625,-0.031864333897829056,198799.046875,0.21453461050987244,0.011123676784336567,1.928480625152588,0.0
3921.4127980480216,-432.25551274380643,362.70229536905237,100.0,56,5600,False,2010400,20104,359,ae3b9b3532214bc3bad13e7ea9518ddf,2020-03-20_22-19-05,1584742745,10.322949171066284,3679.53564786911,23993,eclipse,137.195.211.213,3679.53564786911,2010400,359,28,2ed37c9e,0.27,0.0,1.0,10.998160213798434,0.9908037745215218,1.4918391697688582,1975936,2010400,3086.86,5.844,7177.093,17.336,1.5187499523162842,4.999999873689376e-05,192144.625,-0.03168029338121414,192144.640625,0.30116474628448486,0.010351186618208885,1.904995083808899,0.0
3437.909639881693,-432.25551274380643,432.93828817784816,100.0,56,5600,False,2016000,20160,360,ae3b9b3532214bc3bad13e7ea9518ddf,2020-03-20_22-19-15,1584742755,10.376365423202515,3689.9120132923126,23993,eclipse,137.195.211.213,3689.9120132923126,2016000,360,28,2ed37c9e,0.41,0.0,1.0,10.999459386581828,0.9908140188119715,1.4917837864153063,1981440,2016000,3092.335,5.692,7177.631,18.24,1.5187499523162842,4.999999873689376e-05,145594.390625,-0.03114834800362587,145594.40625,0.3104834258556366,0.011881369166076183,1.5721510648727417,0.0
2763.3838237091068,-39.34900361110728,247.39376285144382,100.0,56,5600,False,2021600,20216,361,ae3b9b3532214bc3bad13e7ea9518ddf,2020-03-20_22-19-26,1584742766,10.262256383895874,3700.1742696762085,23993,eclipse,137.195.211.213,3700.1742696762085,2021600,361,28,2ed37c9e,0.34,0.0,1.0,11.000937947671574,0.9908014987282143,1.4917552082163237,1986944,2021600,3093.106,5.634,7159.84,18.05,1.5187499523162842,4.999999873689376e-05,21956.861328125,-0.03018835186958313,21956.87109375,-0.038294997066259384,0.013480459339916706,1.8961796760559082,0.0
3093.500453721588,-34.06292697237203,173.9376678923436,100.0,56,5600,False,2027200,20272,362,ae3b9b3532214bc3bad13e7ea9518ddf,2020-03-20_22-19-36,1584742776,10.338348865509033,3710.5126185417175,23993,eclipse,137.195.211.213,3710.5126185417175,2027200,362,28,2ed37c9e,0.29,0.0,1.0,11.002204229706269,0.9907774846146619,1.49171134424326,1992448,2027200,3095.933,5.47,7147.675,17.609,1.5187499523162842,4.999999873689376e-05,78594.6015625,-0.025364212691783905,78594.609375,0.35682979226112366,0.010809951461851597,1.899526596069336,0.0
3093.500453721588,-502.3617203805124,244.55879476970637,100.0,56,5600,False,2032800,20328,363,ae3b9b3532214bc3bad13e7ea9518ddf,2020-03-20_22-19-47,1584742787,10.44870138168335,3720.961319923401,23993,eclipse,137.195.211.213,3720.961319923401,2032800,363,28,2ed37c9e,0.26,0.0,1.0,11.00336088529129,0.9907737611282549,1.4916572182096375,1997952,2032800,3087.11,5.432,7151.413,17.538,1.5187499523162842,4.999999873689376e-05,99573.7421875,-0.02933124266564846,99573.7578125,0.2927226722240448,0.011960957199335098,1.9274964332580566,0.0
3971.394714608837,-502.3617203805124,323.19606631186167,100.0,56,5600,False,2038400,20384,364,ae3b9b3532214bc3bad13e7ea9518ddf,2020-03-20_22-19-57,1584742797,10.34188437461853,3731.3032042980194,23993,eclipse,137.195.211.213,3731.3032042980194,2038400,364,28,2ed37c9e,0.27,0.0,1.0,11.004472816503062,0.9907642013956104,1.4916031664016802,2003456,2038400,3073.653,5.546,7183.981,17.951,1.5187499523162842,4.999999873689376e-05,226155.09375,-0.02534559741616249,226155.09375,0.3203761577606201,0.010572678409516811,1.8190531730651855,0.0
3971.394714608837,-155.29990349415132,309.3268481193324,100.0,56,5600,False,2044000,20440,365,ae3b9b3532214bc3bad13e7ea9518ddf,2020-03-20_22-20-07,1584742807,10.355019330978394,3741.658223628998,23993,eclipse,137.195.211.213,3741.658223628998,2044000,365,28,2ed37c9e,0.23,0.0,1.0,11.005267299543267,0.9907487376059296,1.4915465637227263,2008960,2044000,3065.581,5.33,7216.305,16.825,1.5187499523162842,4.999999873689376e-05,94865.7578125,-0.02266949601471424,94865.765625,0.37302300333976746,0.011271142400801182,2.192161798477173,0.0
2227.2187559362296,-155.29990349415132,212.72401674787693,100.0,56,5600,False,2049600,20496,366,ae3b9b3532214bc3bad13e7ea9518ddf,2020-03-20_22-20-18,1584742818,10.3311927318573,3751.989416360855,23993,eclipse,137.195.211.213,3751.989416360855,2049600,366,28,2ed37c9e,0.21,0.0,1.0,11.006516241071177,0.9907149380075522,1.4914762243617992,2014464,2049600,3051.846,5.319,7219.564,17.274,1.5187499523162842,4.999999873689376e-05,77671.5546875,-0.02710050158202648,77671.5546875,0.3814544975757599,0.011470715515315533,1.6546121835708618,0.0
2758.827358344368,-563.0042441162707,270.799261882362,100.0,56,5600,False,2055200,20552,367,ae3b9b3532214bc3bad13e7ea9518ddf,2020-03-20_22-20-28,1584742828,10.292145490646362,3762.2815618515015,23993,eclipse,137.195.211.213,3762.2815618515015,2055200,367,28,2ed37c9e,0.28,0.0,1.0,11.0078621880672,0.9906797243025945,1.4914336787377067,2019968,2055200,3028.485,5.012,7227.063,17.491,1.5187499523162842,4.999999873689376e-05,93454.9375,-0.028363501653075218,93454.9453125,0.33099544048309326,0.012295720167458057,1.9840987920761108,0.0
3004.070408440557,-563.0042441162707,255.9869231174318,100.0,56,5600,False,2060800,20608,368,ae3b9b3532214bc3bad13e7ea9518ddf,2020-03-20_22-20-38,1584742838,10.419955492019653,3772.701517343521,23993,eclipse,137.195.211.213,3772.701517343521,2060800,368,28,2ed37c9e,0.26,0.0,1.0,11.008820932976116,0.9906496403553368,1.4913875303601907,2025472,2060800,3034.629,5.068,7224.359,17.735,1.5187499523162842,4.999999873689376e-05,83587.671875,-0.027520623058080673,83587.6796875,0.4141525328159332,0.011639456264674664,1.9039132595062256,0.0
3004.070408440557,-336.4401097001793,333.68353987564484,100.0,56,5600,False,2066400,20664,369,ae3b9b3532214bc3bad13e7ea9518ddf,2020-03-20_22-20-49,1584742849,10.386047124862671,3783.087564468384,23993,eclipse,137.195.211.213,3783.087564468384,2066400,369,28,2ed37c9e,0.31,0.0,1.0,11.009753259676799,0.9906092107414461,1.4913569519159686,2030976,2066400,3036.502,5.205,7228.271,18.088,1.5187499523162842,4.999999873689376e-05,173179.984375,-0.022897284477949142,173179.984375,0.3027741312980652,0.013194927014410496,1.8181653022766113,0.0
3210.9927424031216,-370.54261851637466,261.15588750165057,100.0,56,5600,False,2072000,20720,370,ae3b9b3532214bc3bad13e7ea9518ddf,2020-03-20_22-20-59,1584742859,10.431382656097412,3793.518947124481,23993,eclipse,137.195.211.213,3793.518947124481,2072000,370,28,2ed37c9e,0.25,0.0,1.0,11.010440333431362,0.9905761086053285,1.4913354521965556,2036480,2072000,3039.001,5.195,7230.773,17.993,1.5187499523162842,4.999999873689376e-05,75107.859375,-0.024815581738948822,75107.875,0.2970938980579376,0.009020382538437843,2.152228355407715,0.0
3420.704838674437,-576.5714335784312,160.96992188038158,100.0,56,5600,False,2077600,20776,371,ae3b9b3532214bc3bad13e7ea9518ddf,2020-03-20_22-21-10,1584742870,10.362661838531494,3803.8816089630127,23993,eclipse,137.195.211.213,3803.8816089630127,2077600,371,28,2ed37c9e,0.14,0.0,1.0,11.011364070597455,0.9905563317545585,1.4913195098679615,2041984,2077600,3039.974,5.271,7239.819,18.591,1.5187499523162842,4.999999873689376e-05,94623.65625,-0.033679090440273285,94623.6640625,0.1903097927570343,0.012788628228008747,1.7791169881820679,0.0
3420.704838674437,-576.5714335784312,148.28759461043236,100.0,56,5600,False,2083200,20832,372,ae3b9b3532214bc3bad13e7ea9518ddf,2020-03-20_22-21-20,1584742880,10.460385084152222,3814.341994047165,23993,eclipse,137.195.211.213,3814.341994047165,2083200,372,28,2ed37c9e,0.12,0.0,1.0,11.012336129874432,0.9905715681156955,1.4912565087218133,2047488,2083200,3042.972,5.262,7248.714,18.468,1.5187499523162842,4.999999873689376e-05,66565.7578125,-0.027253802865743637,66565.78125,0.20853570103645325,0.01252639852464199,1.9251741170883179,0.0
4089.425480122817,-71.6593940885133,247.19111615427377,100.0,56,5600,False,2088800,20888,373,ae3b9b3532214bc3bad13e7ea9518ddf,2020-03-20_22-21-31,1584742891,10.387792587280273,3824.729786634445,23993,eclipse,137.195.211.213,3824.729786634445,2088800,373,28,2ed37c9e,0.25,0.0,1.0,11.013427046037448,0.9905629340095267,1.4911645236893702,2052992,2088800,3040.688,5.267,7243.723,18.656,1.5187499523162842,4.999999873689376e-05,153148.484375,-0.03026944026350975,153148.515625,0.23108576238155365,0.010945522226393223,1.7912929058074951,0.0
4089.425480122817,-577.6474493894182,259.43747524123427,100.0,56,5600,False,2094400,20944,374,ae3b9b3532214bc3bad13e7ea9518ddf,2020-03-20_22-21-41,1584742901,10.389248847961426,3835.1190354824066,23993,eclipse,137.195.211.213,3835.1190354824066,2094400,374,28,2ed37c9e,0.26,0.0,1.0,11.014518087333066,0.9905389342480206,1.4910879326658986,2058496,2094400,3040.028,5.133,7252.557,18.218,1.5187499523162842,4.999999873689376e-05,92855.9609375,-0.02376565895974636,92855.96875,0.31908732652664185,0.012517694383859634,1.7681549787521362,0.0
3311.1448429046363,-577.6474493894182,282.3419062735009,100.0,56,5600,False,2100000,21000,375,ae3b9b3532214bc3bad13e7ea9518ddf,2020-03-20_22-21-52,1584742912,10.506325244903564,3845.62536072731,23993,eclipse,137.195.211.213,3845.62536072731,2100000,375,28,2ed37c9e,0.26,0.0,1.0,11.015819256087932,0.9904949415658826,1.490988906519455,2064000,2100000,3049.766,5.371,7259.666,18.932,1.5187499523162842,4.999999873689376e-05,132816.765625,-0.02434586174786091,132816.78125,0.23678766191005707,0.011990063823759556,1.4357075691223145,0.0
3311.1448429046363,-355.23159555780506,393.6753682343229,100.0,56,5600,False,2105600,21056,376,ae3b9b3532214bc3bad13e7ea9518ddf,2020-03-20_22-22-02,1584742922,10.405479907989502,3856.0308406352997,23993,eclipse,137.195.211.213,3856.0308406352997,2105600,376,28,2ed37c9e,0.34,0.0,1.0,11.017165822916207,0.9904601755166743,1.4908981038322127,2069504,2105600,3047.457,5.369,7268.459,19.271,1.5187499523162842,4.999999873689376e-05,202568.375,-0.03168836236000061,202568.390625,0.2465343326330185,0.011072005145251751,1.6590838432312012,0.0
3220.842174202319,-502.31385904041105,320.0016794933455,100.0,56,5600,False,2111200,21112,377,ae3b9b3532214bc3bad13e7ea9518ddf,2020-03-20_22-22-13,1584742933,10.377658367156982,3866.4084990024567,23993,eclipse,137.195.211.213,3866.4084990024567,2111200,377,28,2ed37c9e,0.27,0.0,1.0,11.01845254134571,0.9904574663739503,1.4908279332009853,2075008,2111200,3061.86,5.218,7263.619,18.669,1.5187499523162842,4.999999873689376e-05,82699.140625,-0.031577449291944504,82699.15625,0.36854150891304016,0.013754473067820072,1.7324799299240112,0.0
2429.708614814511,-512.5792458096574,178.04639054371194,100.0,56,5600,False,2116800,21168,378,ae3b9b3532214bc3bad13e7ea9518ddf,2020-03-20_22-22-23,1584742943,10.401395559310913,3876.8098945617676,23993,eclipse,137.195.211.213,3876.8098945617676,2116800,378,28,2ed37c9e,0.22,0.0,1.0,11.019685365950915,0.990465923521304,1.4907769972225307,2080512,2116800,3056.811,5.499,7266.524,18.628,1.5187499523162842,4.999999873689376e-05,37017.53125,-0.026103563606739044,37017.54296875,0.3659651577472687,0.011894593015313148,1.8165620565414429,0.0
2990.8521889746635,-534.1252780483371,226.15585583614782,100.0,56,5600,False,2122400,21224,379,ae3b9b3532214bc3bad13e7ea9518ddf,2020-03-20_22-22-33,1584742953,10.453136444091797,3887.2630310058594,23993,eclipse,137.195.211.213,3887.2630310058594,2122400,379,28,2ed37c9e,0.19,0.0,1.0,11.020924768789428,0.9904614610386802,1.4907056771433234,2086016,2122400,3060.523,5.764,7268.118,18.901,1.5187499523162842,4.999999873689376e-05,186077.75,-0.02797531895339489,186077.734375,0.2839292585849762,0.01413049828261137,1.5218240022659302,0.0
3970.853288782739,-534.1252780483371,382.3270340640822,100.0,56,5600,False,2128000,21280,380,ae3b9b3532214bc3bad13e7ea9518ddf,2020-03-20_22-22-44,1584742964,10.402655124664307,3897.6656861305237,23993,eclipse,137.195.211.213,3897.6656861305237,2128000,380,28,2ed37c9e,0.3,0.0,1.0,11.022118370267215,0.9904507544916406,1.4905999844095077,2091520,2128000,3060.803,5.851,7263.909,18.857,1.5187499523162842,4.999999873689376e-05,156952.9375,-0.023229368031024933,156952.9375,0.3551017642021179,0.011857722885906696,1.6389751434326172,0.0
4082.7533020487704,-433.13558094238516,275.78823638341987,100.0,56,5600,False,2133600,21336,381,ae3b9b3532214bc3bad13e7ea9518ddf,2020-03-20_22-22-54,1584742974,10.456444025039673,3908.1221301555634,23993,eclipse,137.195.211.213,3908.1221301555634,2133600,381,28,2ed37c9e,0.26,0.0,1.0,11.023304150990993,0.9904418144392815,1.4905525147015775,2097024,2133600,3062.54,5.851,7270.923,19.444,1.5187499523162842,4.999999873689376e-05,130947.171875,-0.035820357501506805,130947.171875,0.23385316133499146,0.0119189927354455,1.7916837930679321,0.0
4082.7533020487704,-433.13558094238516,248.6683035347645,100.0,56,5600,False,2139200,21392,382,ae3b9b3532214bc3bad13e7ea9518ddf,2020-03-20_22-23-05,1584742985,10.425625562667847,3918.547755718231,23993,eclipse,137.195.211.213,3918.547755718231,2139200,382,28,2ed37c9e,0.17,0.0,1.0,11.024620237356018,0.9904385443382434,1.4904835243926686,2102528,2139200,3057.246,6.148,7271.743,19.653,1.5187499523162842,4.999999873689376e-05,143616.609375,-0.030657701194286346,143616.609375,0.22389410436153412,0.011463591828942299,2.022531509399414,0.0
3781.891411024607,-195.74739009866005,215.30990782779256,100.0,56,5600,False,2144800,21448,383,ae3b9b3532214bc3bad13e7ea9518ddf,2020-03-20_22-23-15,1584742995,9.984874248504639,3928.532629966736,23993,eclipse,137.195.211.213,3928.532629966736,2144800,383,28,2ed37c9e,0.22,0.0,1.0,11.02609116017112,0.9904809097751965,1.4905347564814604,2108032,2144800,3067.236,6.238,7222.273,19.675,1.5187499523162842,4.999999873689376e-05,44179.359375,-0.028910987079143524,44179.37109375,0.3425775468349457,0.010925632901489735,1.995489478111267,0.0
2995.74848384749,-195.74739009866005,260.6562284141546,100.0,56,5600,False,2150400,21504,384,ae3b9b3532214bc3bad13e7ea9518ddf,2020-03-20_22-23-25,1584743005,10.057481050491333,3938.590111017227,23993,eclipse,137.195.211.213,3938.590111017227,2150400,384,28,2ed37c9e,0.28,0.0,1.0,11.02787350332191,0.9905080902504367,1.4906630614184917,2113536,2150400,3087.26,6.398,7169.673,19.258,1.5187499523162842,4.999999873689376e-05,158275.5625,-0.027585839852690697,158275.5625,0.330929696559906,0.013942468911409378,1.8609225749969482,0.0
4055.3108750519964,-199.7943036109867,302.24837047724856,100.0,56,5600,False,2156000,21560,385,ae3b9b3532214bc3bad13e7ea9518ddf,2020-03-20_22-23-36,1584743016,10.601191759109497,3949.1913027763367,23993,eclipse,137.195.211.213,3949.1913027763367,2156000,385,28,2ed37c9e,0.27,0.0,1.0,11.029994343498108,0.990603205172971,1.4908175021600432,2119040,2156000,3125.859,6.285,7140.875,18.856,1.5187499523162842,4.999999873689376e-05,168797.59375,-0.028828976675868034,168797.59375,0.31281259655952454,0.012637020088732243,1.547768473625183,0.0
4055.3108750519964,-503.97469069414166,326.12556605326887,100.0,56,5600,False,2161600,21616,386,ae3b9b3532214bc3bad13e7ea9518ddf,2020-03-20_22-23-47,1584743027,10.759235143661499,3959.950537919998,23993,eclipse,137.195.211.213,3959.950537919998,2161600,386,28,2ed37c9e,0.31,0.0,1.0,11.032446898743352,0.9906929992963001,1.4909749879309648,2124544,2161600,3164.062,6.37,7138.497,18.695,1.5187499523162842,4.999999873689376e-05,75555.8046875,-0.03144592046737671,75555.8046875,0.3340669572353363,0.011821099556982517,1.7755100727081299,0.0
2879.372647291357,-37.06974644106967,274.7171454440253,100.0,56,5600,False,2167200,21672,387,ae3b9b3532214bc3bad13e7ea9518ddf,2020-03-20_22-23-57,1584743037,10.599398851394653,3970.549936771393,23993,eclipse,137.195.211.213,3970.549936771393,2167200,387,28,2ed37c9e,0.25,0.0,1.0,11.034133402351227,0.9907407159383791,1.4910686866582337,2130048,2167200,3178.506,6.727,7144.604,19.395,1.5187499523162842,4.999999873689376e-05,102234.59375,-0.02797125093638897,102234.59375,0.33501988649368286,0.011708478443324566,1.7516857385635376,0.0
3206.249468849689,-128.46465253655688,293.5202960215591,100.0,56,5600,False,2172800,21728,388,ae3b9b3532214bc3bad13e7ea9518ddf,2020-03-20_22-24-08,1584743048,10.391673803329468,3980.9416105747223,23993,eclipse,137.195.211.213,3980.9416105747223,2172800,388,28,2ed37c9e,0.32,0.0,1.0,11.035913235722779,0.9907466896360296,1.491144950495297,2135552,2172800,3181.072,6.329,7142.594,18.82,1.5187499523162842,4.999999873689376e-05,100813.5078125,-0.03236694633960724,100813.53125,0.2870654761791229,0.012734435498714447,1.5700958967208862,0.0
3103.8283435008243,-386.98351080124274,272.8651511604573,100.0,56,5600,False,2178400,21784,389,ae3b9b3532214bc3bad13e7ea9518ddf,2020-03-20_22-24-18,1584743058,10.485805988311768,3991.427416563034,23993,eclipse,137.195.211.213,3991.427416563034,2178400,389,28,2ed37c9e,0.32,0.0,1.0,11.037332725027836,0.9907061694521225,1.491149099058027,2141056,2178400,3184.843,6.288,7142.38,18.531,1.5187499523162842,4.999999873689376e-05,132501.265625,-0.02741825021803379,132501.265625,0.3501230776309967,0.011876369826495647,1.6444342136383057,0.0
2636.7886718055333,-386.98351080124274,227.8997695004204,100.0,56,5600,False,2184000,21840,390,ae3b9b3532214bc3bad13e7ea9518ddf,2020-03-20_22-24-29,1584743069,10.43348240852356,4001.8608989715576,23993,eclipse,137.195.211.213,4001.8608989715576,2184000,390,28,2ed37c9e,0.3,0.0,1.0,11.0384249471251,0.9906766979680589,1.4910715590038444,2146560,2184000,3182.284,6.179,7149.26,18.518,1.5187499523162842,4.999999873689376e-05,55847.42578125,-0.032746460288763046,55847.44921875,0.32621803879737854,0.010213936679065228,1.8697541952133179,0.0
2312.9108777315355,-252.01830184599578,181.43486777586466,100.0,56,5600,False,2189600,21896,391,ae3b9b3532214bc3bad13e7ea9518ddf,2020-03-20_22-24-39,1584743079,10.362237215042114,4012.2231361865997,23993,eclipse,137.195.211.213,4012.2231361865997,2189600,391,28,2ed37c9e,0.3,0.0,1.0,11.039103802616177,0.9906825626682567,1.4910127988064743,2152064,2189600,3171.422,6.097,7151.917,18.274,1.5187499523162842,4.999999873689376e-05,56395.67578125,-0.027349647134542465,56395.6875,0.39953675866127014,0.009807507507503033,2.329101085662842,0.0
3072.5012274401424,-252.01830184599578,245.46618842403802,100.0,56,5600,False,2195200,21952,392,ae3b9b3532214bc3bad13e7ea9518ddf,2020-03-20_22-24-49,1584743089,10.422987937927246,4022.646124124527,23993,eclipse,137.195.211.213,4022.646124124527,2195200,392,28,2ed37c9e,0.3,0.0,1.0,11.03992037060908,0.990711107551898,1.4909521597029671,2157568,2195200,3175.489,5.847,7146.717,17.782,1.5187499523162842,4.999999873689376e-05,151340.96875,-0.030154580250382423,151340.984375,0.2150416523218155,0.013002801686525345,1.655419111251831,0.0
3528.5553332039367,-32.9819745278055,315.14280677055905,100.0,56,5600,False,2200800,22008,393,ae3b9b3532214bc3bad13e7ea9518ddf,2020-03-20_22-25-00,1584743100,10.447829723358154,4033.093953847885,23993,eclipse,137.195.211.213,4033.093953847885,2200800,393,28,2ed37c9e,0.34,0.0,1.0,11.041216422492257,0.9907099193877622,1.4909077408425027,2163072,2200800,3169.075,5.958,7198.756,18.093,1.5187499523162842,4.999999873689376e-05,93929.6875,-0.028100207448005676,93929.6875,0.2702789306640625,0.011220724321901798,1.6930025815963745,0.0
3528.5553332039367,-443.90407066490434,233.76876830606128,100.0,56,5600,False,2206400,22064,394,ae3b9b3532214bc3bad13e7ea9518ddf,2020-03-20_22-25-10,1584743110,10.452355861663818,4043.546309709549,23993,eclipse,137.195.211.213,4043.546309709549,2206400,394,28,2ed37c9e,0.29,0.0,1.0,11.042251952309455,0.9906928280176938,1.4908454672562939,2168576,2206400,3160.017,5.766,7246.192,17.742,1.5187499523162842,4.999999873689376e-05,79564.8984375,-0.02763712964951992,79564.8984375,0.2839089632034302,0.012445524334907532,1.7528542280197144,0.0
2327.775610768344,-443.90407066490434,193.42844284756393,100.0,56,5600,False,2212000,22120,395,ae3b9b3532214bc3bad13e7ea9518ddf,2020-03-20_22-25-21,1584743121,10.356647253036499,4053.9029569625854,23993,eclipse,137.195.211.213,4053.9029569625854,2212000,395,28,2ed37c9e,0.23,0.0,1.0,11.043311929263057,0.9906647545516478,1.4907654166036224,2174080,2212000,3118.832,5.858,7263.067,18.036,1.5187499523162842,4.999999873689376e-05,35773.3671875,-0.03248012438416481,35773.37890625,0.39366111159324646,0.012908784672617912,1.810888648033142,0.0
1833.4055387951817,-122.14101790518309,265.6230381660226,100.0,56,5600,False,2217600,22176,396,ae3b9b3532214bc3bad13e7ea9518ddf,2020-03-20_22-25-31,1584743131,10.435593843460083,4064.3385508060455,23993,eclipse,137.195.211.213,4064.3385508060455,2217600,396,28,2ed37c9e,0.31,0.0,1.0,11.044642129043474,0.9906326560162413,1.4907026590682662,2179584,2217600,3085.24,5.875,7262.744,18.33,1.5187499523162842,4.999999873689376e-05,90166.2421875,-0.024085424840450287,90166.25,0.2063564956188202,0.012841079384088516,1.2150894403457642,0.0
2976.6643489962053,-563.7034510218115,275.54657782090123,100.0,56,5600,False,2223200,22232,397,ae3b9b3532214bc3bad13e7ea9518ddf,2020-03-20_22-25-42,1584743142,10.394213676452637,4074.732764482498,23993,eclipse,137.195.211.213,4074.732764482498,2223200,397,28,2ed37c9e,0.31,0.0,1.0,11.045850269101532,0.9906203030934081,1.4906614411815702,2185088,2223200,3064.623,5.706,7263.715,18.127,1.5187499523162842,4.999999873689376e-05,123019.0078125,-0.02919134497642517,123019.03125,0.22094205021858215,0.011585184372961521,1.7314878702163696,0.0
2429.3319485425122,-572.9781466577028,188.3247429117061,100.0,56,5600,False,2228800,22288,398,ae3b9b3532214bc3bad13e7ea9518ddf,2020-03-20_22-25-52,1584743152,10.379157066345215,4085.1119215488434,23993,eclipse,137.195.211.213,4085.1119215488434,2228800,398,28,2ed37c9e,0.22,0.0,1.0,11.046777720022988,0.9906052473524025,1.4906070232681952,2190592,2228800,3066.401,5.758,7258.966,18.547,1.5187499523162842,4.999999873689376e-05,51582.75,-0.032403916120529175,51582.76171875,0.2508612871170044,0.010031365789473057,2.011537551879883,0.0
3637.350536821096,-572.9781466577028,146.59540093561262,100.0,56,5600,False,2234400,22344,399,ae3b9b3532214bc3bad13e7ea9518ddf,2020-03-20_22-26-03,1584743163,10.397756099700928,4095.5096776485443,23993,eclipse,137.195.211.213,4095.5096776485443,2234400,399,28,2ed37c9e,0.2,0.0,1.0,11.047703010986922,0.9905876775401704,1.49056659560532,2196096,2234400,3065.462,5.772,7253.076,18.22,1.5187499523162842,4.999999873689376e-05,74448.1953125,-0.028234584257006645,74448.1953125,0.23959288001060486,0.01406479999423027,1.849543571472168,0.0
3637.350536821096,-533.2885807569735,220.7567384960936,100.0,56,5600,False,2240000,22400,400,ae3b9b3532214bc3bad13e7ea9518ddf,2020-03-20_22-26-13,1584743173,10.326291561126709,4105.835969209671,23993,eclipse,137.195.211.213,4105.835969209671,2240000,400,28,2ed37c9e,0.25,0.0,1.0,11.048780993777346,0.9905596898858956,1.4905254402679224,2201600,2240000,3066.885,5.801,7241.532,18.239,1.5187499523162842,4.999999873689376e-05,99549.1171875,-0.022230392321944237,99549.1171875,0.32787594199180603,0.014866397716104984,1.6487983465194702,0.0
3836.533609577081,-127.93492769910736,321.3511157776582,100.0,56,5600,False,2245600,22456,401,ae3b9b3532214bc3bad13e7ea9518ddf,2020-03-20_22-26-23,1584743183,10.389723300933838,4116.225692510605,23993,eclipse,137.195.211.213,4116.225692510605,2245600,401,28,2ed37c9e,0.28,0.0,1.0,11.049857029253708,0.9905711377288964,1.490475580691752,2207104,2245600,3077.846,5.817,7233.298,18.129,1.5187499523162842,4.999999873689376e-05,212816.71875,-0.02790790982544422,212816.71875,0.2382994145154953,0.012599521316587925,1.8203843832015991,0.0
3836.533609577081,-34.25250640560211,287.6639897565844,100.0,56,5600,False,2251200,22512,402,ae3b9b3532214bc3bad13e7ea9518ddf,2020-03-20_22-26-34,1584743194,10.38192081451416,4126.607613325119,23993,eclipse,137.195.211.213,4126.607613325119,2251200,402,28,2ed37c9e,0.3,0.0,1.0,11.051121140073825,0.9905685028903163,1.4904089044776045,2212608,2251200,3077.92,5.773,7231.806,17.929,1.5187499523162842,4.999999873689376e-05,43084.05859375,-0.027974527329206467,43084.06640625,0.19649815559387207,0.011143011972308159,1.522668480873108,0.0
4306.513797008247,-34.21530365558455,347.80686962220335,100.0,56,5600,False,2256800,22568,403,ae3b9b3532214bc3bad13e7ea9518ddf,2020-03-20_22-26-44,1584743204,10.318294763565063,4136.925908088684,23993,eclipse,137.195.211.213,4136.925908088684,2256800,403,28,2ed37c9e,0.37,0.0,1.0,11.052728122740811,0.9905753983356714,1.4903813359121176,2218112,2256800,3073.185,5.583,7225.22,17.813,1.5187499523162842,4.999999873689376e-05,230597.65625,-0.028242038562893867,230597.671875,0.2419852316379547,0.011594543233513832,1.486514925956726,0.0
4306.513797008247,-34.21530365558455,402.0100223863749,100.0,56,5600,False,2262400,22624,404,ae3b9b3532214bc3bad13e7ea9518ddf,2020-03-20_22-26-55,1584743215,10.410890817642212,4147.336798906326,23993,eclipse,137.195.211.213,4147.336798906326,2262400,404,28,2ed37c9e,0.4,0.0,1.0,11.054026174211483,0.9905709033088149,1.490356749011429,2223616,2262400,3062.009,5.63,7233.152,18.071,1.5187499523162842,4.999999873689376e-05,129236.171875,-0.031253475695848465,129236.1953125,0.3319137990474701,0.010160009376704693,1.7142634391784668,0.0
2446.8253938471134,-441.5421179684855,250.05649851648823,100.0,56,5600,False,2268000,22680,405,ae3b9b3532214bc3bad13e7ea9518ddf,2020-03-20_22-27-05,1584743225,10.326911449432373,4157.663710355759,23993,eclipse,137.195.211.213,4157.663710355759,2268000,405,28,2ed37c9e,0.27,0.0,1.0,11.054907693119587,0.9905360047594831,1.4902811643411735,2229120,2268000,3055.015,5.679,7235.188,18.45,1.5187499523162842,4.999999873689376e-05,73172.9921875,-0.026558520272374153,73173.0,0.3439517021179199,0.010260325856506824,1.9065275192260742,0.0
3638.8696200544205,-513.8512315790194,266.574393993667,100.0,56,5600,False,2273600,22736,406,ae3b9b3532214bc3bad13e7ea9518ddf,2020-03-20_22-27-15,1584743235,10.27126169204712,4167.934972047806,23993,eclipse,137.195.211.213,4167.934972047806,2273600,406,28,2ed37c9e,0.25,0.0,1.0,11.055726550361271,0.9905130829731175,1.4902205174360768,2234624,2273600,3047.406,5.617,7225.073,18.65,1.5187499523162842,4.999999873689376e-05,132347.484375,-0.034419234842061996,132347.5,0.2396874576807022,0.011092069558799267,1.7121927738189697,0.0
2873.484508963718,-513.8512315790194,263.53936671434013,100.0,56,5600,False,2279200,22792,407,ae3b9b3532214bc3bad13e7ea9518ddf,2020-03-20_22-27-26,1584743246,10.451725244522095,4178.386697292328,23993,eclipse,137.195.211.213,4178.386697292328,2279200,407,28,2ed37c9e,0.3,0.0,1.0,11.056707007458456,0.9904902547251251,1.4901647670226306,2240128,2279200,3050.059,5.583,7229.391,18.484,1.5187499523162842,4.999999873689376e-05,129692.953125,-0.02497006021440029,129692.953125,0.3205322325229645,0.015380989760160446,1.4984267950057983,0.0
2760.6906253990273,-56.78293548148971,364.9035973740097,100.0,56,5600,False,2284800,22848,408,ae3b9b3532214bc3bad13e7ea9518ddf,2020-03-20_22-27-36,1584743256,10.391383647918701,4188.778080940247,23993,eclipse,137.195.211.213,4188.778080940247,2284800,408,28,2ed37c9e,0.37,0.0,1.0,11.058028829134711,0.9904552230366478,1.4901198497383752,2245632,2284800,3047.705,5.607,7235.618,18.405,1.5187499523162842,4.999999873689376e-05,129627.953125,-0.02794794924557209,129627.9765625,0.28528639674186707,0.011573996394872665,1.5981271266937256,0.0
2696.8319511264126,-56.78293548148971,282.90961162968244,100.0,56,5600,False,2290400,22904,409,ae3b9b3532214bc3bad13e7ea9518ddf,2020-03-20_22-27-47,1584743267,10.43330717086792,4199.2113881111145,23993,eclipse,137.195.211.213,4199.2113881111145,2290400,409,28,2ed37c9e,0.24,0.0,1.0,11.059360898155823,0.9904404605361177,1.4900894742332238,2251136,2290400,3048.183,5.55,7237.248,18.401,1.5187499523162842,4.999999873689376e-05,79315.609375,-0.02559511922299862,79315.609375,0.26964229345321655,0.011650670319795609,1.521173119544983,0.0
2435.9134547280782,-29.334536794623833,219.34133062474487,100.0,56,5600,False,2296000,22960,410,ae3b9b3532214bc3bad13e7ea9518ddf,2020-03-20_22-27-57,1584743277,10.337888240814209,4209.549276351929,23993,eclipse,137.195.211.213,4209.549276351929,2296000,410,28,2ed37c9e,0.2,0.0,1.0,11.06056705927137,0.9904279217711368,1.490060797058272,2256640,2296000,3043.988,5.428,7243.84,17.431,1.5187499523162842,4.999999873689376e-05,86741.2578125,-0.02849661558866501,86741.2734375,0.28611811995506287,0.009866240434348583,1.7874046564102173,0.0
2357.3745463441487,-32.29953349774466,243.10321659293194,100.0,56,5600,False,2301600,23016,411,ae3b9b3532214bc3bad13e7ea9518ddf,2020-03-20_22-28-07,1584743287,10.091691255569458,4219.640967607498,23993,eclipse,137.195.211.213,4219.640967607498,2301600,411,28,2ed37c9e,0.24,0.0,1.0,11.061425900375507,0.9904085329513059,1.4900142229968545,2262144,2301600,3035.752,5.452,7223.456,16.939,1.5187499523162842,4.999999873689376e-05,70823.7421875,-0.02908310294151306,70823.75,0.31896933913230896,0.01092736516147852,1.7994682788848877,0.0
2884.3126131622553,-334.02458611590407,282.9298967475846,100.0,56,5600,False,2307200,23072,412,ae3b9b3532214bc3bad13e7ea9518ddf,2020-03-20_22-28-17,1584743297,9.984028100967407,4229.624995708466,23993,eclipse,137.195.211.213,4229.624995708466,2307200,412,28,2ed37c9e,0.23,0.0,1.0,11.062693205494078,0.9903941689020435,1.4900278571347925,2267648,2307200,3041.593,5.472,7177.901,16.946,1.5187499523162842,4.999999873689376e-05,167150.015625,-0.027516871690750122,167150.015625,0.29106616973876953,0.01147068664431572,1.5967460870742798,0.0
2781.1630311685644,-59.88719970409414,281.823641375372,100.0,56,5600,False,2312800,23128,413,ae3b9b3532214bc3bad13e7ea9518ddf,2020-03-20_22-28-27,1584743307,10.002009868621826,4239.627005577087,23993,eclipse,137.195.211.213,4239.627005577087,2312800,413,28,2ed37c9e,0.23,0.0,1.0,11.06412353784384,0.9904211723113554,1.4901313282560193,2273152,2312800,3046.432,5.444,7142.555,16.424,1.5187499523162842,4.999999873689376e-05,96904.8359375,-0.029773829504847527,96904.859375,0.3268980085849762,0.011550980620086193,1.9929685592651367,0.0
2569.632798764012,-59.88719970409414,241.23563857088178,100.0,56,5600,False,2318400,23184,414,ae3b9b3532214bc3bad13e7ea9518ddf,2020-03-20_22-28-38,1584743318,10.489523887634277,4250.116529464722,23993,eclipse,137.195.211.213,4250.116529464722,2318400,414,28,2ed37c9e,0.22,0.0,1.0,11.066096421240413,0.9905353666268453,1.490375529316056,2278656,2318400,3078.794,5.523,7117.384,16.901,1.5187499523162842,4.999999873689376e-05,110617.09375,-0.027747903019189835,110617.09375,0.3088891804218292,0.011876463890075684,1.7839020490646362,0.0
2643.0427783734644,-33.28183266272794,181.91008834384238,100.0,56,5600,False,2324000,23240,415,ae3b9b3532214bc3bad13e7ea9518ddf,2020-03-20_22-28-48,1584743328,10.354846477508545,4260.47137594223,23993,eclipse,137.195.211.213,4260.47137594223,2324000,415,28,2ed37c9e,0.19,0.0,1.0,11.067701929601325,0.9905928491729594,1.490586072354568,2284160,2324000,3091.435,5.494,7106.846,16.848,1.5187499523162842,4.999999873689376e-05,79048.5546875,-0.02346944808959961,79048.5546875,0.3494122624397278,0.014105022884905338,2.0398170948028564,0.0
2643.0427783734644,-37.239348555435065,217.72135223973046,100.0,56,5600,False,2329600,23296,416,ae3b9b3532214bc3bad13e7ea9518ddf,2020-03-20_22-28-59,1584743339,10.383484601974487,4270.854860544205,23993,eclipse,137.195.211.213,4270.854860544205,2329600,416,28,2ed37c9e,0.22,0.0,1.0,11.069048643802406,0.9905598102083947,1.4905882356822355,2289664,2329600,3093.294,5.431,7119.67,16.282,1.5187499523162842,4.999999873689376e-05,69817.984375,-0.03375325724482536,69817.9921875,0.2617451548576355,0.011666437610983849,1.640947937965393,0.0
3329.1866570784537,-37.239348555435065,186.901015722557,100.0,56,5600,False,2335200,23352,417,ae3b9b3532214bc3bad13e7ea9518ddf,2020-03-20_22-29-09,1584743349,10.344404697418213,4281.199265241623,23993,eclipse,137.195.211.213,4281.199265241623,2335200,417,28,2ed37c9e,0.2,0.0,1.0,11.06994916410934,0.9905325989133402,1.4905035293453102,2295168,2335200,3084.098,5.399,7117.592,16.464,1.5187499523162842,4.999999873689376e-05,71719.1640625,-0.026659773662686348,71719.171875,0.37570229172706604,0.01347658783197403,1.9517412185668945,0.0
3329.1866570784537,-28.041112372040384,292.386020828591,100.0,56,5600,False,2340800,23408,418,ae3b9b3532214bc3bad13e7ea9518ddf,2020-03-20_22-29-19,1584743359,10.292810440063477,4291.492075681686,23993,eclipse,137.195.211.213,4291.492075681686,2340800,418,28,2ed37c9e,0.28,0.0,1.0,11.070826905256741,0.990520460758377,1.4904149232770252,2300672,2340800,3080.809,5.385,7110.834,15.508,1.5187499523162842,4.999999873689376e-05,117601.3125,-0.03127447888255119,117601.3359375,0.3075411915779114,0.013747538439929485,1.5801507234573364,0.0
2539.4136597432603,-33.84902182070501,280.6772717650795,100.0,56,5600,False,2346400,23464,419,ae3b9b3532214bc3bad13e7ea9518ddf,2020-03-20_22-29-30,1584743370,10.305940866470337,4301.798016548157,23993,eclipse,137.195.211.213,4301.798016548157,2346400,419,28,2ed37c9e,0.33,0.0,1.0,11.071528706482852,0.9905374078444217,1.4903420955821602,2306176,2346400,3072.363,5.361,7105.555,14.804,1.5187499523162842,4.999999873689376e-05,92074.390625,-0.030075861141085625,92074.40625,0.3559281527996063,0.011056473478674889,2.029320001602173,0.0
3001.159180128881,-410.931650996796,276.0647076030722,100.0,56,5600,False,2352000,23520,420,ae3b9b3532214bc3bad13e7ea9518ddf,2020-03-20_22-29-40,1584743380,10.363214015960693,4312.161230564117,23993,eclipse,137.195.211.213,4312.161230564117,2352000,420,28,2ed37c9e,0.27,0.0,1.0,11.072096742292617,0.9905548547325806,1.4902713297832684,2311680,2352000,3080.483,5.473,7097.965,14.975,1.5187499523162842,4.999999873689376e-05,96767.328125,-0.025566788390278816,96767.34375,0.3304652273654938,0.013031493872404099,1.6212871074676514,0.0
3001.159180128881,-410.931650996796,275.7832095474858,100.0,56,5600,False,2357600,23576,421,ae3b9b3532214bc3bad13e7ea9518ddf,2020-03-20_22-29-51,1584743391,10.357484579086304,4322.518715143204,23993,eclipse,137.195.211.213,4322.518715143204,2357600,421,28,2ed37c9e,0.28,0.0,1.0,11.073304379636895,0.9905463846261204,1.4902021927831788,2317184,2357600,3088.526,5.446,7114.161,15.48,1.5187499523162842,4.999999873689376e-05,56216.85546875,-0.03105875477194786,56216.87109375,0.34328168630599976,0.012429887428879738,1.4765281677246094,0.0
3648.301444612013,-144.4464433522973,291.7899100869578,100.0,56,5600,False,2363200,23632,422,ae3b9b3532214bc3bad13e7ea9518ddf,2020-03-20_22-30-01,1584743401,10.535304069519043,4333.054019212723,23993,eclipse,137.195.211.213,4333.054019212723,2363200,422,28,2ed37c9e,0.28,0.0,1.0,11.074401150550843,0.9905368591395575,1.4901570237212143,2322688,2363200,3091.249,5.557,7164.326,16.403,1.5187499523162842,4.999999873689376e-05,190086.75,-0.026411056518554688,190086.734375,0.2958107888698578,0.011273316107690334,1.5084500312805176,0.0
3648.301444612013,-403.8724774123838,332.92461855103613,100.0,56,5600,False,2368800,23688,423,ae3b9b3532214bc3bad13e7ea9518ddf,2020-03-20_22-30-12,1584743412,10.349872589111328,4343.403891801834,23993,eclipse,137.195.211.213,4343.403891801834,2368800,423,28,2ed37c9e,0.28,0.0,1.0,11.07559447770509,0.9905191215563184,1.4901231423799015,2328192,2368800,3086.453,5.721,7200.803,16.866,1.5187499523162842,4.999999873689376e-05,89272.875,-0.02802533283829689,89272.890625,0.24888361990451813,0.011876390315592289,1.5519405603408813,0.0
3560.482775159464,-458.9848280935848,277.9661599783048,100.0,56,5600,False,2374400,23744,424,ae3b9b3532214bc3bad13e7ea9518ddf,2020-03-20_22-30-22,1584743422,10.425112247467041,4353.829004049301,23993,eclipse,137.195.211.213,4353.829004049301,2374400,424,28,2ed37c9e,0.24,0.0,1.0,11.076724823874578,0.9905138450925736,1.4901314760011335,2333696,2374400,3058.804,5.741,7221.53,17.109,1.5187499523162842,4.999999873689376e-05,136994.375,-0.03420418128371239,136994.390625,0.299908846616745,0.011568967252969742,1.7312793731689453,0.0
3560.482775159464,-458.9848280935848,329.45780232114225,100.0,56,5600,False,2380000,23800,425,ae3b9b3532214bc3bad13e7ea9518ddf,2020-03-20_22-30-32,1584743432,10.41893219947815,4364.247936248779,23993,eclipse,137.195.211.213,4364.247936248779,2380000,425,28,2ed37c9e,0.3,0.0,1.0,11.077952787746959,0.9904969057215689,1.4901214417490565,2339200,2380000,3053.784,5.92,7234.799,16.322,1.5187499523162842,4.999999873689376e-05,98741.640625,-0.02746826596558094,98741.640625,0.3511698842048645,0.012573394924402237,1.5248435735702515,0.0
2648.363360504782,-418.50670322737153,278.90887568524425,100.0,56,5600,False,2385600,23856,426,ae3b9b3532214bc3bad13e7ea9518ddf,2020-03-20_22-30-43,1584743443,10.692917108535767,4374.940853357315,23993,eclipse,137.195.211.213,4374.940853357315,2385600,426,28,2ed37c9e,0.26,0.0,1.0,11.078959190611068,0.9905015023828893,1.490122243952256,2344704,2385600,3078.634,6.002,7239.412,16.559,1.5187499523162842,4.999999873689376e-05,108119.5234375,-0.028712835162878036,108119.5078125,0.29263386130332947,0.014067494310438633,1.3546115159988403,0.0
2550.8872880785275,-32.731391312846256,161.74824581303577,100.0,56,5600,False,2391200,23912,427,ae3b9b3532214bc3bad13e7ea9518ddf,2020-03-20_22-30-54,1584743454,10.331928968429565,4385.272782325745,23993,eclipse,137.195.211.213,4385.272782325745,2391200,427,28,2ed37c9e,0.15,0.0,1.0,11.079679071211212,0.990516965287136,1.4901073366341506,2350208,2391200,3079.889,6.304,7236.084,16.452,1.5187499523162842,4.999999873689376e-05,33184.0546875,-0.03195502236485481,33184.0625,0.12248125672340393,0.013166938908398151,1.7793869972229004,0.0
2870.5019138891494,-31.011206306709475,199.31628536709167,100.0,56,5600,False,2396800,23968,428,ae3b9b3532214bc3bad13e7ea9518ddf,2020-03-20_22-31-04,1584743464,10.429978132247925,4395.702760457993,23993,eclipse,137.195.211.213,4395.702760457993,2396800,428,28,2ed37c9e,0.18,0.0,1.0,11.080629568944392,0.9905272313464708,1.4900617267137723,2355712,2396800,3096.06,6.404,7230.676,17.551,1.5187499523162842,4.999999873689376e-05,115020.4296875,-0.029474083334207535,115020.4296875,0.2824748158454895,0.01348070241510868,1.4341732263565063,0.0
3096.976768381476,-29.272053369347535,291.5709032721365,100.0,56,5600,False,2402400,24024,429,ae3b9b3532214bc3bad13e7ea9518ddf,2020-03-20_22-31-15,1584743475,10.468250036239624,4406.171010494232,23993,eclipse,137.195.211.213,4406.171010494232,2402400,429,28,2ed37c9e,0.26,0.0,1.0,11.081732565644023,0.9905284417989172,1.4899941063941833,2361216,2402400,3109.284,6.507,7235.496,18.484,1.5187499523162842,4.999999873689376e-05,126574.140625,-0.027675962075591087,126574.1484375,0.2706602215766907,0.011793333105742931,1.4649713039398193,0.0
3096.976768381476,-31.706485236237093,368.54304364970136,100.0,56,5600,False,2408000,24080,430,ae3b9b3532214bc3bad13e7ea9518ddf,2020-03-20_22-31-25,1584743485,10.477126598358154,4416.64813709259,23993,eclipse,137.195.211.213,4416.64813709259,2408000,430,28,2ed37c9e,0.34,0.0,1.0,11.082770832325364,0.990509705322229,1.4899372530780652,2366720,2408000,3109.912,6.769,7245.68,19.501,1.5187499523162842,4.999999873689376e-05,179035.875,-0.03376077115535736,179035.890625,0.2976314425468445,0.01267955917865038,1.4881441593170166,0.0
3084.7810991398474,-31.706485236237093,340.08202711706616,100.0,56,5600,False,2413600,24136,431,ae3b9b3532214bc3bad13e7ea9518ddf,2020-03-20_22-31-35,1584743495,10.296215295791626,4426.944352388382,23993,eclipse,137.195.211.213,4426.944352388382,2413600,431,28,2ed37c9e,0.27,0.0,1.0,11.08365551595471,0.9905054186626552,1.4898850358861073,2372224,2413600,3102.279,6.923,7246.011,20.571,1.5187499523162842,4.999999873689376e-05,115414.3984375,-0.02718588151037693,115414.3828125,0.31036829948425293,0.013480035588145256,1.586577296257019,0.0
2653.9000399694305,-30.249357746356857,251.5743425186489,100.0,56,5600,False,2419200,24192,432,ae3b9b3532214bc3bad13e7ea9518ddf,2020-03-20_22-31-46,1584743506,10.410648584365845,4437.355000972748,23993,eclipse,137.195.211.213,4437.355000972748,2419200,432,28,2ed37c9e,0.2,0.0,1.0,11.084454770031352,0.9904675233221307,1.4898507732008568,2377728,2419200,3090.441,6.601,7245.846,20.63,1.5187499523162842,4.999999873689376e-05,47810.74609375,-0.03128165006637573,47810.7578125,0.32752299308776855,0.011027268134057522,1.4395244121551514,0.0
2872.6213305339493,-27.804194765615787,322.8714158450268,100.0,56,5600,False,2424800,24248,433,ae3b9b3532214bc3bad13e7ea9518ddf,2020-03-20_22-31-56,1584743516,10.435953855514526,4447.790954828262,23993,eclipse,137.195.211.213,4447.790954828262,2424800,433,28,2ed37c9e,0.27,0.0,1.0,11.085483422588736,0.9904534656610032,1.4898141843092807,2383232,2424800,3093.994,6.481,7253.025,20.655,1.5187499523162842,4.999999873689376e-05,162872.234375,-0.03191708028316498,162872.234375,0.2929050922393799,0.010799581184983253,1.2906498908996582,0.0
2872.6213305339493,-32.6236895576767,292.5662845424347,100.0,56,5600,False,2430400,24304,434,ae3b9b3532214bc3bad13e7ea9518ddf,2020-03-20_22-32-07,1584743527,10.727264881134033,4458.518219709396,23993,eclipse,137.195.211.213,4458.518219709396,2430400,434,28,2ed37c9e,0.26,0.0,1.0,11.086653775344667,0.9905203711870356,1.489858778767252,2388736,2430400,3123.088,6.421,7253.828,20.551,1.5187499523162842,4.999999873689376e-05,91611.5625,-0.02584170736372471,91611.578125,0.2775059938430786,0.013348537497222424,1.4923038482666016,0.0
4021.3212685555027,-33.06343932413848,241.3125789321165,100.0,56,5600,False,2436000,24360,435,ae3b9b3532214bc3bad13e7ea9518ddf,2020-03-20_22-32-18,1584743538,10.468860626220703,4468.987080335617,23993,eclipse,137.195.211.213,4468.987080335617,2436000,435,28,2ed37c9e,0.23,0.0,1.0,11.087994100702067,0.9905639720537271,1.489915846341641,2394240,2436000,3126.42,6.372,7253.519,21.288,1.5187499523162842,4.999999873689376e-05,142516.15625,-0.026794547215104103,142516.15625,0.2106647938489914,0.013327359221875668,1.2012726068496704,0.0
4021.3212685555027,-169.76723105576286,212.96303782347618,100.0,56,5600,False,2441600,24416,436,ae3b9b3532214bc3bad13e7ea9518ddf,2020-03-20_22-32-28,1584743548,10.4177885055542,4479.404868841171,23993,eclipse,137.195.211.213,4479.404868841171,2441600,436,28,2ed37c9e,0.24,0.0,1.0,11.089096373942132,0.9905500074592591,1.489902191401294,2399744,2441600,3097.827,6.151,7254.823,21.04,1.5187499523162842,4.999999873689376e-05,52177.9609375,-0.029620056971907616,52177.9765625,0.3186163902282715,0.011347874999046326,1.3668968677520752,0.0
3104.942412532145,-169.76723105576286,232.29191459419897,100.0,56,5600,False,2447200,24472,437,ae3b9b3532214bc3bad13e7ea9518ddf,2020-03-20_22-32-39,1584743559,10.32886290550232,4489.733731746674,23993,eclipse,137.195.211.213,4489.733731746674,2447200,437,28,2ed37c9e,0.29,0.0,1.0,11.089622799942022,0.9905361819289975,1.4898385648969275,2405248,2447200,3095.563,6.028,7256.971,20.944,1.5187499523162842,4.999999873689376e-05,127112.6953125,-0.025767792016267776,127112.7109375,0.28654414415359497,0.012032125145196915,1.6333740949630737,0.0
2424.233438765583,-234.3397581029528,205.69222105651784,100.0,56,5600,False,2452800,24528,438,ae3b9b3532214bc3bad13e7ea9518ddf,2020-03-20_22-32-49,1584743569,10.392330408096313,4500.12606215477,23993,eclipse,137.195.211.213,4500.12606215477,2452800,438,28,2ed37c9e,0.23,0.0,1.0,11.090208998290642,0.9905325041843648,1.4897773927064133,2410752,2452800,3082.545,5.953,7266.356,21.06,1.5187499523162842,4.999999873689376e-05,63374.08203125,-0.03216541185975075,63374.09375,0.3389137089252472,0.014874177053570747,1.4709111452102661,0.0
2424.233438765583,-589.0134992951807,253.30516634149367,100.0,56,5600,False,2458400,24584,439,ae3b9b3532214bc3bad13e7ea9518ddf,2020-03-20_22-32-59,1584743579,10.450647592544556,4510.576709747314,23993,eclipse,137.195.211.213,4510.576709747314,2458400,439,28,2ed37c9e,0.28,0.0,1.0,11.09108100502072,0.9905095309317136,1.4897178087645673,2416256,2458400,3073.819,5.978,7272.215,21.339,1.5187499523162842,4.999999873689376e-05,84462.0703125,-0.027633924037218094,84462.078125,0.31284981966018677,0.014048900455236435,1.417879343032837,0.0
3311.5907969603577,-589.0134992951807,252.5603311367508,100.0,56,5600,False,2464000,24640,440,ae3b9b3532214bc3bad13e7ea9518ddf,2020-03-20_22-33-10,1584743590,10.261961936950684,4520.838671684265,23993,eclipse,137.195.211.213,4520.838671684265,2464000,440,28,2ed37c9e,0.3,0.0,1.0,11.092262093170099,0.9904894698324456,1.4896588353977922,2421760,2464000,3074.221,5.833,7251.431,21.203,1.5187499523162842,4.999999873689376e-05,85304.2421875,-0.03046335093677044,85304.25,0.30349332094192505,0.012063250876963139,1.0672664642333984,0.0
3311.5907969603577,-28.958553441598667,267.3730424499863,100.0,56,5600,False,2469600,24696,441,ae3b9b3532214bc3bad13e7ea9518ddf,2020-03-20_22-33-20,1584743600,10.183405637741089,4531.022077322006,23993,eclipse,137.195.211.213,4531.022077322006,2469600,441,28,2ed37c9e,0.29,0.0,1.0,11.093933489299065,0.9904608691450513,1.489677142211449,2427264,2469600,3097.623,5.75,7219.287,20.029,1.5187499523162842,4.999999873689376e-05,89452.7109375,-0.029770730063319206,89452.71875,0.2913368046283722,0.0138334259390831,1.343133568763733,0.0
3094.8538879127254,-411.600570994746,241.41476941750872,100.0,56,5600,False,2475200,24752,442,ae3b9b3532214bc3bad13e7ea9518ddf,2020-03-20_22-33-30,1584743610,10.264941692352295,4541.2870190143585,23993,eclipse,137.195.211.213,4541.2870190143585,2475200,442,28,2ed37c9e,0.26,0.0,1.0,11.095347715667886,0.9904494115957567,1.4898165855039462,2432768,2475200,3108.382,6.141,7192.973,20.013,1.5187499523162842,4.999999873689376e-05,70989.984375,-0.029100799933075905,70989.9921875,0.3369530737400055,0.014326492324471474,1.7024108171463013,0.0
3601.753147684188,-411.600570994746,262.6164033113803,100.0,56,5600,False,2480800,24808,443,ae3b9b3532214bc3bad13e7ea9518ddf,2020-03-20_22-33-41,1584743621,10.233892917633057,4551.520911931992,23993,eclipse,137.195.211.213,4551.520911931992,2480800,443,28,2ed37c9e,0.31,0.0,1.0,11.096845046833113,0.9905085218092409,1.4900698964452936,2438272,2480800,3126.394,6.077,7153.515,19.443,1.5187499523162842,4.999999873689376e-05,143600.734375,-0.0250508114695549,143600.75,0.2416669726371765,0.011944464407861233,1.514427661895752,0.0
3601.753147684188,-35.968848002181105,291.5622298491579,100.0,56,5600,False,2486400,24864,444,ae3b9b3532214bc3bad13e7ea9518ddf,2020-03-20_22-33-51,1584743631,10.437652111053467,4561.958564043045,23993,eclipse,137.195.211.213,4561.958564043045,2486400,444,28,2ed37c9e,0.26,0.0,1.0,11.098731562485677,0.9906303436545967,1.4903938271222585,2443776,2486400,3107.486,6.009,7145.146,19.591,1.5187499523162842,4.999999873689376e-05,132308.34375,-0.027652092278003693,132308.359375,0.3195192515850067,0.013395899906754494,1.439429521560669,0.0
3072.9240584271815,-31.438488196921163,379.13368917651087,100.0,56,5600,False,2492000,24920,445,ae3b9b3532214bc3bad13e7ea9518ddf,2020-03-20_22-34-02,1584743642,10.447137117385864,4572.405701160431,23993,eclipse,137.195.211.213,4572.405701160431,2492000,445,28,2ed37c9e,0.32,0.0,1.0,11.100185533210288,0.9906988840251185,1.4905499038064116,2449280,2492000,3107.476,5.832,7145.751,19.072,1.5187499523162842,4.999999873689376e-05,161964.234375,-0.033953454345464706,161964.25,0.32681918144226074,0.01144919078797102,1.5283735990524292,0.0
3072.9240584271815,-29.56326066558003,269.5148470129042,100.0,56,5600,False,2497600,24976,446,ae3b9b3532214bc3bad13e7ea9518ddf,2020-03-20_22-34-12,1584743652,10.41636323928833,4582.822064399719,23993,eclipse,137.195.211.213,4582.822064399719,2497600,446,28,2ed37c9e,0.33,0.0,1.0,11.101020339398492,0.9907071203864156,1.490485984738927,2454784,2497600,3118.71,5.985,7135.541,18.938,1.5187499523162842,4.999999873689376e-05,41382.8359375,-0.026348557323217392,41382.84765625,0.35441267490386963,0.013548282906413078,1.3610745668411255,0.0
2444.5140323495452,-110.27352095339126,235.93693381409474,100.0,56,5600,False,2503200,25032,447,ae3b9b3532214bc3bad13e7ea9518ddf,2020-03-20_22-34-22,1584743662,10.277417659759521,4593.099482059479,23993,eclipse,137.195.211.213,4593.099482059479,2503200,447,28,2ed37c9e,0.25,0.0,1.0,11.101907268626928,0.9906942496815212,1.490427085813255,2460288,2503200,3118.534,5.817,7131.845,19.171,1.5187499523162842,4.999999873689376e-05,90009.1953125,-0.0218628142029047,90009.1953125,0.30203038454055786,0.014508468098938465,1.5252169370651245,0.0
2315.093826857551,-256.40937575209176,217.07541582715646,100.0,56,5600,False,2508800,25088,448,ae3b9b3532214bc3bad13e7ea9518ddf,2020-03-20_22-34-33,1584743673,10.374662160873413,4603.474144220352,23993,eclipse,137.195.211.213,4603.474144220352,2508800,448,28,2ed37c9e,0.28,0.0,1.0,11.10275343437519,0.99069352864448,1.490408328536123,2465792,2508800,3123.834,5.979,7126.663,18.917,1.5187499523162842,4.999999873689376e-05,41365.5078125,-0.03410656377673149,41365.5234375,0.3303070366382599,0.012398838065564632,1.471563696861267,0.0
3208.8677505215855,-256.40937575209176,297.2941930159896,100.0,56,5600,False,2514400,25144,449,ae3b9b3532214bc3bad13e7ea9518ddf,2020-03-20_22-34-43,1584743683,10.419082403182983,4613.893226623535,23993,eclipse,137.195.211.213,4613.893226623535,2514400,449,28,2ed37c9e,0.34,0.0,1.0,11.103544400837798,0.9906854305423961,1.4903807442791777,2471296,2514400,3123.119,5.874,7124.242,18.291,1.5187499523162842,4.999999873689376e-05,144537.21875,-0.029939936473965645,144537.234375,0.3485355079174042,0.012947182171046734,1.5920883417129517,0.0
3208.8677505215855,-550.7184219199822,301.44629192995757,100.0,56,5600,False,2520000,25200,450,ae3b9b3532214bc3bad13e7ea9518ddf,2020-03-20_22-34-54,1584743694,10.361347436904907,4624.25457406044,23993,eclipse,137.195.211.213,4624.25457406044,2520000,450,28,2ed37c9e,0.36,0.0,1.0,11.104228266637005,0.9906756943174153,1.4903265941065305,2476800,2520000,3118.507,5.756,7139.082,17.776,1.5187499523162842,4.999999873689376e-05,56437.21484375,-0.0352482832968235,56437.2265625,0.3649505376815796,0.015027880668640137,1.4784908294677734,0.0
2648.914876951367,-550.7184219199822,254.49434854402236,100.0,56,5600,False,2525600,25256,451,ae3b9b3532214bc3bad13e7ea9518ddf,2020-03-20_22-35-04,1584743704,10.426217555999756,4634.68079161644,23993,eclipse,137.195.211.213,4634.68079161644,2525600,451,28,2ed37c9e,0.3,0.0,1.0,11.105209619077336,0.9906563889119863,1.4902575405683565,2482304,2525600,3103.174,5.422,7178.71,17.6,1.5187499523162842,4.999999873689376e-05,98519.171875,-0.030138976871967316,98519.1875,0.29770171642303467,0.01209549605846405,1.3819913864135742,0.0
2648.914876951367,-32.154211036133,273.46057104288263,100.0,56,5600,False,2531200,25312,452,ae3b9b3532214bc3bad13e7ea9518ddf,2020-03-20_22-35-15,1584743715,10.41084599494934,4645.091637611389,23993,eclipse,137.195.211.213,4645.091637611389,2531200,452,28,2ed37c9e,0.3,0.0,1.0,11.106064877949745,0.9906363597705393,1.490182318803029,2487808,2531200,3093.553,5.275,7203.368,17.103,1.5187499523162842,4.999999873689376e-05,80583.015625,-0.034723911434412,80583.0234375,0.32762789726257324,0.012113550677895546,1.5523704290390015,0.0
2977.543402115353,-32.154211036133,278.21543797867025,100.0,56,5600,False,2536800,25368,453,ae3b9b3532214bc3bad13e7ea9518ddf,2020-03-20_22-35-25,1584743725,10.527221918106079,4655.618859529495,23993,eclipse,137.195.211.213,4655.618859529495,2536800,453,28,2ed37c9e,0.27,0.0,1.0,11.107073354838322,0.9906358536258938,1.4901167902811492,2493312,2536800,3079.935,5.279,7247.236,17.722,1.5187499523162842,4.999999873689376e-05,164338.0,-0.033413365483284,164338.015625,0.27498146891593933,0.014254593290388584,1.1866127252578735,0.0
2900.846184506654,-32.12318031341123,263.28798198265827,100.0,56,5600,False,2542400,25424,454,ae3b9b3532214bc3bad13e7ea9518ddf,2020-03-20_22-35-36,1584743736,10.472148656845093,4666.09100818634,23993,eclipse,137.195.211.213,4666.09100818634,2542400,454,28,2ed37c9e,0.23,0.0,1.0,11.10803613768198,0.9906293867849627,1.490026793561355,2498816,2542400,3069.641,5.342,7258.35,16.96,1.5187499523162842,4.999999873689376e-05,78677.8125,-0.033380329608917236,78677.828125,0.355694979429245,0.013197987340390682,1.461182713508606,0.0
2549.505889265201,-531.4942122740383,288.3851529127759,100.0,56,5600,False,2548000,25480,455,ae3b9b3532214bc3bad13e7ea9518ddf,2020-03-20_22-35-46,1584743746,10.554070711135864,4676.645078897476,23993,eclipse,137.195.211.213,4676.645078897476,2548000,455,28,2ed37c9e,0.28,0.0,1.0,11.108686212275884,0.990627380829317,1.4899880410507984,2504320,2548000,3075.445,5.567,7262.006,17.633,1.5187499523162842,4.999999873689376e-05,105863.0234375,-0.02589804120361805,105863.03125,0.3214761018753052,0.012478530406951904,1.4536672830581665,0.0
2902.879415144153,-531.4942122740383,313.31767040231085,100.0,56,5600,False,2553600,25536,456,ae3b9b3532214bc3bad13e7ea9518ddf,2020-03-20_22-35-57,1584743757,10.569023847579956,4687.214102745056,23993,eclipse,137.195.211.213,4687.214102745056,2553600,456,28,2ed37c9e,0.32,0.0,1.0,11.110255211200636,0.9906230435761949,1.4900763800492445,2509824,2553600,3084.971,5.338,7267.26,17.535,1.5187499523162842,4.999999873689376e-05,137799.25,-0.032683148980140686,137799.28125,0.2782287895679474,0.01351431105285883,0.8542117476463318,0.0
2902.879415144153,-530.8128613297673,247.87809677289763,100.0,56,5600,False,2559200,25592,457,ae3b9b3532214bc3bad13e7ea9518ddf,2020-03-20_22-36-07,1584743767,10.353537797927856,4697.567640542984,23993,eclipse,137.195.211.213,4697.567640542984,2559200,457,28,2ed37c9e,0.32,0.0,1.0,11.111310964278,0.9906156952161967,1.4900808047268819,2515328,2559200,3083.551,5.384,7275.731,17.203,1.5187499523162842,4.999999873689376e-05,44937.3828125,-0.03238360956311226,44937.40234375,0.3949362635612488,0.010659364052116871,1.722794771194458,0.0
2956.0506399316214,-204.49083546780082,310.2199085534334,100.0,56,5600,False,2564800,25648,458,ae3b9b3532214bc3bad13e7ea9518ddf,2020-03-20_22-36-18,1584743778,10.319013833999634,4707.886654376984,23993,eclipse,137.195.211.213,4707.886654376984,2564800,458,28,2ed37c9e,0.33,0.0,1.0,11.11197388613807,0.9906220988458416,1.4899669968293723,2520832,2564800,3078.122,5.227,7276.305,16.37,1.5187499523162842,4.999999873689376e-05,160060.796875,-0.02653099223971367,160060.796875,0.33372044563293457,0.014663840644061565,1.3813470602035522,0.0
3860.6112553671987,-148.08541339283298,401.02086934902394,100.0,56,5600,False,2570400,25704,459,ae3b9b3532214bc3bad13e7ea9518ddf,2020-03-20_22-36-28,1584743788,10.393962860107422,4718.280617237091,23993,eclipse,137.195.211.213,4718.280617237091,2570400,459,28,2ed37c9e,0.38,0.0,1.0,11.11276727316685,0.9906405945302716,1.4898881982312153,2526336,2570400,3077.202,5.16,7274.931,16.775,1.5187499523162842,4.999999873689376e-05,177269.09375,-0.03585383668541908,177269.109375,0.26333239674568176,0.011658577248454094,1.3571373224258423,0.0
3860.6112553671987,-577.6456212291413,412.6562259639125,100.0,56,5600,False,2576000,25760,460,ae3b9b3532214bc3bad13e7ea9518ddf,2020-03-20_22-36-39,1584743799,10.380907535552979,4728.661524772644,23993,eclipse,137.195.211.213,4728.661524772644,2576000,460,28,2ed37c9e,0.39,0.0,1.0,11.113591973487114,0.990631324876472,1.4898163241642965,2531840,2576000,3077.292,5.325,7276.053,16.609,1.5187499523162842,4.999999873689376e-05,168253.84375,-0.03384356573224068,168253.84375,0.3216438293457031,0.013961161486804485,1.2363688945770264,0.0
3749.9397177424944,-577.6456212291413,388.7611826745987,100.0,56,5600,False,2581600,25816,461,ae3b9b3532214bc3bad13e7ea9518ddf,2020-03-20_22-36-49,1584743809,10.468234777450562,4739.129759550095,23993,eclipse,137.195.211.213,4739.129759550095,2581600,461,28,2ed37c9e,0.35,0.0,1.0,11.114159521375889,0.9906283543634458,1.4897289382551984,2537344,2581600,3078.089,5.633,7277.394,16.944,1.5187499523162842,4.999999873689376e-05,207403.140625,-0.03980550542473793,207403.140625,0.2660451829433441,0.011815764009952545,1.4717159271240234,0.0
4208.671829747575,-548.6178666798357,389.723642505777,100.0,56,5600,False,2587200,25872,462,ae3b9b3532214bc3bad13e7ea9518ddf,2020-03-20_22-37-00,1584743820,10.39064621925354,4749.520405769348,23993,eclipse,137.195.211.213,4749.520405769348,2587200,462,28,2ed37c9e,0.33,0.0,1.0,11.114672390021795,0.9906207640617773,1.489618718880103,2542848,2587200,3073.896,5.538,7281.479,17.28,1.5187499523162842,4.999999873689376e-05,179752.84375,-0.02770083211362362,179752.84375,0.317830353975296,0.013247380033135414,1.7204463481903076,0.0
4208.671829747575,-364.94750849705815,348.10755681756876,100.0,56,5600,False,2592800,25928,463,ae3b9b3532214bc3bad13e7ea9518ddf,2020-03-20_22-37-10,1584743830,10.520930051803589,4760.041335821152,23993,eclipse,137.195.211.213,4760.041335821152,2592800,463,28,2ed37c9e,0.34,0.0,1.0,11.1151672596461,0.9905894052390652,1.4895156579704902,2548352,2592800,3073.892,5.56,7280.312,16.606,1.5187499523162842,4.999999873689376e-05,85151.78125,-0.032392729073762894,85151.78125,0.4063591957092285,0.01469553355127573,1.6064430475234985,0.0
2432.5391766580938,-272.69968255180515,172.49961128609255,100.0,56,5600,False,2598400,25984,464,ae3b9b3532214bc3bad13e7ea9518ddf,2020-03-20_22-37-20,1584743840,10.330100059509277,4770.371435880661,23993,eclipse,137.195.211.213,4770.371435880661,2598400,464,28,2ed37c9e,0.24,0.0,1.0,11.115385500998995,0.9905572228989675,1.4894582426809813,2553856,2598400,3060.015,5.487,7281.001,17.411,1.5187499523162842,4.999999873689376e-05,20309.291015625,-0.028765805065631866,20309.302734375,0.31098705530166626,0.011513963341712952,1.975878119468689,0.0
3531.107322964206,-110.65897759667106,202.80834209186483,100.0,56,5600,False,2604000,26040,465,ae3b9b3532214bc3bad13e7ea9518ddf,2020-03-20_22-37-31,1584743851,10.429840803146362,4780.801276683807,23993,eclipse,137.195.211.213,4780.801276683807,2604000,465,28,2ed37c9e,0.2,0.0,1.0,11.115831291954718,0.9905440269016568,1.4893884398270518,2559360,2604000,3045.912,5.385,7281.416,17.315,1.5187499523162842,4.999999873689376e-05,144162.9375,-0.027118468657135963,144162.9375,0.2529422640800476,0.01340906135737896,1.3501415252685547,0.0
3531.107322964206,-528.0101010791315,282.53749901391876,100.0,56,5600,False,2609600,26096,466,ae3b9b3532214bc3bad13e7ea9518ddf,2020-03-20_22-37-41,1584743861,10.371362686157227,4791.172639369965,23993,eclipse,137.195.211.213,4791.172639369965,2609600,466,28,2ed37c9e,0.3,0.0,1.0,11.116708158216575,0.9905275777423864,1.4892764889691466,2564864,2609600,3027.405,5.625,7280.616,17.575,1.5187499523162842,4.999999873689376e-05,99110.4765625,-0.025342581793665886,99110.4921875,0.330156534910202,0.017199436202645302,1.43275785446167,0.0
3532.821773638777,-488.579180884302,364.2783175481537,100.0,56,5600,False,2615200,26152,467,ae3b9b3532214bc3bad13e7ea9518ddf,2020-03-20_22-37-52,1584743872,10.384078979492188,4801.556718349457,23993,eclipse,137.195.211.213,4801.556718349457,2615200,467,28,2ed37c9e,0.38,0.0,1.0,11.117286455962518,0.9905204739986948,1.4892125241852563,2570368,2615200,3032.734,5.724,7277.673,17.612,1.5187499523162842,4.999999873689376e-05,200208.625,-0.02895502746105194,200208.65625,0.3170863389968872,0.013287433423101902,1.4823578596115112,0.0
3532.821773638777,-32.89678498469044,315.7481430851819,100.0,56,5600,False,2620800,26208,468,ae3b9b3532214bc3bad13e7ea9518ddf,2020-03-20_22-38-02,1584743882,10.4414381980896,4811.998156547546,23993,eclipse,137.195.211.213,4811.998156547546,2620800,468,28,2ed37c9e,0.29,0.0,1.0,11.1177060298499,0.9905087161464496,1.4891618671727485,2575872,2620800,3038.743,5.503,7284.375,18.376,1.5187499523162842,4.999999873689376e-05,89102.875,-0.035407789051532745,89102.890625,0.3457087278366089,0.012488183565437794,1.7059248685836792,0.0
2732.83939520205,-31.044695408474336,344.00655514248024,100.0,56,5600,False,2626400,26264,469,ae3b9b3532214bc3bad13e7ea9518ddf,2020-03-20_22-38-12,1584743892,10.073899030685425,4822.072055578232,23993,eclipse,137.195.211.213,4822.072055578232,2626400,469,28,2ed37c9e,0.29,0.0,1.0,11.118358887093853,0.9904781630474733,1.4890911188755476,2581376,2626400,3044.342,5.558,7247.442,18.125,1.5187499523162842,4.999999873689376e-05,165397.890625,-0.036649737507104874,165397.90625,0.2915685474872589,0.01328736636787653,1.2165297269821167,0.0
3993.010353285551,-31.419288241056957,392.9938165709294,100.0,56,5600,False,2632000,26320,470,ae3b9b3532214bc3bad13e7ea9518ddf,2020-03-20_22-38-23,1584743903,10.231856346130371,4832.303911924362,23993,eclipse,137.195.211.213,4832.303911924362,2632000,470,28,2ed37c9e,0.37,0.0,1.0,11.11909925398981,0.9904830493668035,1.489102597875926,2586880,2632000,3061.376,5.379,7216.476,17.63,1.5187499523162842,4.999999873689376e-05,193241.15625,-0.0307446476072073,193241.15625,0.3163241147994995,0.014989775605499744,1.713147521018982,0.0
3309.5319405251757,-416.8661528447667,258.62739771603026,100.0,56,5600,False,2637600,26376,471,ae3b9b3532214bc3bad13e7ea9518ddf,2020-03-20_22-38-33,1584743913,10.300605773925781,4842.604517698288,23993,eclipse,137.195.211.213,4842.604517698288,2637600,471,28,2ed37c9e,0.3,0.0,1.0,11.119887782572397,0.9905288210073492,1.4891648293194237,2592384,2637600,3079.747,5.354,7183.789,17.213,1.5187499523162842,4.999999873689376e-05,77124.125,-0.03126253932714462,77124.1328125,0.26145750284194946,0.01260782778263092,1.7054951190948486,0.0
3207.3964095210904,-416.8661528447667,197.44438776575365,100.0,56,5600,False,2643200,26432,472,ae3b9b3532214bc3bad13e7ea9518ddf,2020-03-20_22-38-43,1584743923,10.289559602737427,4852.894077301025,23993,eclipse,137.195.211.213,4852.894077301025,2643200,472,28,2ed37c9e,0.24,0.0,1.0,11.121007373729121,0.9905448620080836,1.4892306579720693,2597888,2643200,3094.821,5.738,7154.037,16.84,1.5187499523162842,4.999999873689376e-05,72509.53125,-0.02849520370364189,72509.546875,0.3442753851413727,0.01316002756357193,1.5539958477020264,0.0
2534.0750421137736,-363.4442081503919,347.8055875455146,100.0,56,5600,False,2648800,26488,473,ae3b9b3532214bc3bad13e7ea9518ddf,2020-03-20_22-38-54,1584743934,10.401138544082642,4863.295215845108,23993,eclipse,137.195.211.213,4863.295215845108,2648800,473,28,2ed37c9e,0.35,0.0,1.0,11.121926072558976,0.9905358572083384,1.4892018925203763,2603392,2648800,3086.139,5.8,7152.335,16.757,1.5187499523162842,4.999999873689376e-05,166493.921875,-0.03155852109193802,166493.9375,0.3117109537124634,0.012317503802478313,0.9843049049377441,0.0
2534.0750421137736,-215.3002474516725,334.84572682311193,100.0,56,5600,False,2654400,26544,474,ae3b9b3532214bc3bad13e7ea9518ddf,2020-03-20_22-39-04,1584743944,10.379430532455444,4873.6746463775635,23993,eclipse,137.195.211.213,4873.6746463775635,2654400,474,28,2ed37c9e,0.34,0.0,1.0,11.122455594617527,0.9905045022975805,1.489107885288108,2608896,2654400,3090.551,5.861,7151.809,15.804,1.5187499523162842,4.999999873689376e-05,73257.8046875,-0.03603717312216759,73257.828125,0.34576550126075745,0.015576312318444252,1.6971014738082886,0.0
4316.450187118126,-307.57154572862095,178.54792373594717,100.0,56,5600,False,2660000,26600,475,ae3b9b3532214bc3bad13e7ea9518ddf,2020-03-20_22-39-15,1584743955,10.436225652694702,4884.110872030258,23993,eclipse,137.195.211.213,4884.110872030258,2660000,475,28,2ed37c9e,0.18,0.0,1.0,11.122750762494002,0.9904782087152849,1.4889994660277444,2614400,2660000,3093.972,5.841,7149.91,15.81,1.5187499523162842,4.999999873689376e-05,95513.171875,-0.026998724788427353,95513.1875,0.21492253243923187,0.008758925832808018,1.7497588396072388,0.0
4316.450187118126,-618.2504160608518,243.9805111206075,100.0,56,5600,False,2665600,26656,476,ae3b9b3532214bc3bad13e7ea9518ddf,2020-03-20_22-39-25,1584743965,10.381272554397583,4894.492144584656,23993,eclipse,137.195.211.213,4894.492144584656,2665600,476,28,2ed37c9e,0.21,0.0,1.0,11.123222252481956,0.9904558376497454,1.4888996174073847,2619904,2665600,3090.342,5.636,7152.73,16.324,1.5187499523162842,4.999999873689376e-05,159916.5625,-0.03699590265750885,159916.59375,0.3188958764076233,0.014341932721436024,1.2920067310333252,0.0
3223.049594859462,-413.65615760719356,270.78036836952634,100.0,56,5600,False,2671200,26712,477,ae3b9b3532214bc3bad13e7ea9518ddf,2020-03-20_22-39-35,1584743975,10.32287859916687,4904.815023183823,23993,eclipse,137.195.211.213,4904.815023183823,2671200,477,28,2ed37c9e,0.25,0.0,1.0,11.123501749322294,0.9904259514547862,1.4888120526562414,2625408,2671200,3086.679,5.502,7151.599,16.674,1.5187499523162842,4.999999873689376e-05,105667.28125,-0.03205697238445282,105667.2890625,0.3136877417564392,0.01093382015824318,1.87871515750885,0.0
3223.049594859462,-159.5413189856091,302.120650997386,100.0,56,5600,False,2676800,26768,478,ae3b9b3532214bc3bad13e7ea9518ddf,2020-03-20_22-39-46,1584743986,10.569040298461914,4915.384063482285,23993,eclipse,137.195.211.213,4915.384063482285,2676800,478,28,2ed37c9e,0.33,0.0,1.0,11.123949305837636,0.9903858913670192,1.48872972076879,2630912,2676800,3088.291,5.712,7161.977,15.677,1.5187499523162842,4.999999873689376e-05,107586.7578125,-0.03476153314113617,107586.78125,0.2897631525993347,0.011909655295312405,1.4108339548110962,0.0
2794.684293846995,-566.2000656502859,253.66224309755415,100.0,56,5600,False,2682400,26824,479,ae3b9b3532214bc3bad13e7ea9518ddf,2020-03-20_22-39-56,1584743996,10.371763944625854,4925.75582742691,23993,eclipse,137.195.211.213,4925.75582742691,2682400,479,28,2ed37c9e,0.26,0.0,1.0,11.124583440499146,0.9903562851250634,1.4886794366498923,2636416,2682400,3078.207,5.769,7201.458,16.139,1.5187499523162842,4.999999873689376e-05,78119.0546875,-0.028440136462450027,78119.0625,0.29239848256111145,0.0107117323204875,1.6970657110214233,0.0
3540.5535970361725,-566.2000656502859,272.8241083894765,100.0,56,5600,False,2688000,26880,480,ae3b9b3532214bc3bad13e7ea9518ddf,2020-03-20_22-40-07,1584744007,10.410086393356323,4936.165913820267,23993,eclipse,137.195.211.213,4936.165913820267,2688000,480,28,2ed37c9e,0.2,0.0,1.0,11.12510375277214,0.9903318380140902,1.4886068027216715,2641920,2688000,3055.128,6.035,7239.784,17.501,1.5187499523162842,4.999999873689376e-05,156814.359375,-0.03207843005657196,156814.375,0.3439137935638428,0.012129672802984715,1.5381786823272705,0.0
4094.239722931305,-512.170036499674,339.7081298905937,100.0,56,5600,False,2693600,26936,481,ae3b9b3532214bc3bad13e7ea9518ddf,2020-03-20_22-40-17,1584744017,10.473025798797607,4946.638939619064,23993,eclipse,137.195.211.213,4946.638939619064,2693600,481,28,2ed37c9e,0.3,0.0,1.0,11.125825290971747,0.9903022624441365,1.4885496356680086,2647424,2693600,3039.232,6.312,7272.051,16.964,1.5187499523162842,4.999999873689376e-05,164291.5,-0.028267638757824898,164291.5,0.2930919826030731,0.012569986283779144,1.3894065618515015,0.0
4094.239722931305,-450.358248995589,308.4192463836713,100.0,56,5600,False,2699200,26992,482,ae3b9b3532214bc3bad13e7ea9518ddf,2020-03-20_22-40-28,1584744028,10.475560426712036,4957.114500045776,23993,eclipse,137.195.211.213,4957.114500045776,2699200,482,28,2ed37c9e,0.39,0.0,1.0,11.12652578668803,0.9902903320829395,1.488487498295429,2652928,2699200,3031.115,6.169,7301.524,17.555,1.5187499523162842,4.999999873689376e-05,59506.09375,-0.031110001727938652,59506.09765625,0.4144424498081207,0.013118624687194824,1.3346843719482422,0.0
1767.518507959656,-534.4239152915275,183.32429347352522,100.0,56,5600,False,2704800,27048,483,ae3b9b3532214bc3bad13e7ea9518ddf,2020-03-20_22-40-38,1584744038,10.396971464157104,4967.5114715099335,23993,eclipse,137.195.211.213,4967.5114715099335,2704800,483,28,2ed37c9e,0.28,0.0,1.0,11.126955616833241,0.9902776255228042,1.4884135455599887,2658432,2704800,3032.75,6.15,7298.772,18.499,1.5187499523162842,4.999999873689376e-05,26223.482421875,-0.020398663356900215,26223.474609375,0.3560652434825897,0.01727171242237091,1.9696930646896362,0.0
4655.742139279152,-534.4239152915275,185.13924598012966,100.0,56,5600,False,2710400,27104,484,ae3b9b3532214bc3bad13e7ea9518ddf,2020-03-20_22-40-49,1584744049,10.461997509002686,4977.973469018936,23993,eclipse,137.195.211.213,4977.973469018936,2710400,484,28,2ed37c9e,0.18,0.0,1.0,11.12734142552224,0.990267577473671,1.4883310215808712,2663936,2710400,3042.531,5.959,7298.933,18.872,1.5187499523162842,4.999999873689376e-05,148904.46875,-0.02907685935497284,148904.46875,0.2853975296020508,0.015243586152791977,1.4435443878173828,0.0
4655.742139279152,-31.71585387452215,338.9329126574192,100.0,56,5600,False,2716000,27160,485,ae3b9b3532214bc3bad13e7ea9518ddf,2020-03-20_22-40-59,1584744059,10.375261545181274,4988.348730564117,23993,eclipse,137.195.211.213,4988.348730564117,2716000,485,28,2ed37c9e,0.33,0.0,1.0,11.127736643809484,0.9902488477398262,1.4882497100307654,2669440,2716000,3042.702,6.03,7291.527,18.646,1.5187499523162842,4.999999873689376e-05,96615.890625,-0.033114224672317505,96615.90625,0.3471195697784424,0.011994769796729088,1.3876012563705444,0.0
2770.615444675746,-291.63055717683153,305.1283669040629,100.0,56,5600,False,2721600,27216,486,ae3b9b3532214bc3bad13e7ea9518ddf,2020-03-20_22-41-10,1584744070,10.349887132644653,4998.698617696762,23993,eclipse,137.195.211.213,4998.698617696762,2721600,486,28,2ed37c9e,0.29,0.0,1.0,11.12784913386326,0.9902364907822256,1.4881346886426068,2674944,2721600,3042.084,6.377,7290.42,17.995,1.5187499523162842,4.999999873689376e-05,109286.0234375,-0.03308115527033806,109286.0234375,0.3300257921218872,0.013751822523772717,1.6105382442474365,0.0
3956.0075056482483,-291.63055717683153,274.4303664707378,100.0,56,5600,False,2727200,27272,487,ae3b9b3532214bc3bad13e7ea9518ddf,2020-03-20_22-41-20,1584744080,10.394725799560547,5009.093343496323,23993,eclipse,137.195.211.213,5009.093343496323,2727200,487,28,2ed37c9e,0.19,0.0,1.0,11.128088163381678,0.9902045821936829,1.4880507162474816,2680448,2727200,3048.249,6.552,7290.056,18.089,1.5187499523162842,4.999999873689376e-05,151095.875,-0.030684005469083786,151095.890625,0.2314022034406662,0.009583468548953533,1.5333448648452759,0.0
3956.0075056482483,-503.97753527563407,265.33852554079726,100.0,56,5600,False,2732800,27328,488,ae3b9b3532214bc3bad13e7ea9518ddf,2020-03-20_22-41-31,1584744091,10.46622109413147,5019.559564590454,23993,eclipse,137.195.211.213,5019.559564590454,2732800,488,28,2ed37c9e,0.18,0.0,1.0,11.128597187453611,0.9901799355571685,1.4879866821601768,2685952,2732800,3044.575,6.631,7283.408,19.53,1.5187499523162842,4.999999873689376e-05,110518.6953125,-0.0342935286462307,110518.734375,0.29685690999031067,0.014183334074914455,1.3786743879318237,0.0
2656.5511962326514,-503.97753527563407,250.65196029925374,100.0,56,5600,False,2738400,27384,489,ae3b9b3532214bc3bad13e7ea9518ddf,2020-03-20_22-41-41,1584744101,10.332314491271973,5029.891879081726,23993,eclipse,137.195.211.213,5029.891879081726,2738400,489,28,2ed37c9e,0.22,0.0,1.0,11.128939719648843,0.9901893519008715,1.4879186020739177,2691456,2738400,3044.582,6.591,7279.805,18.484,1.5187499523162842,4.999999873689376e-05,76854.625,-0.03033621422946453,76854.6328125,0.3101162016391754,0.010857093147933483,1.492437720298767,0.0
2228.5636703458613,-616.2782401319067,249.94937498693918,100.0,56,5600,False,2744000,27440,490,ae3b9b3532214bc3bad13e7ea9518ddf,2020-03-20_22-41-52,1584744112,10.473914861679077,5040.365793943405,23993,eclipse,137.195.211.213,5040.365793943405,2744000,490,28,2ed37c9e,0.24,0.0,1.0,11.129344258946228,0.9901982287814907,1.4878502994099032,2696960,2744000,3049.466,6.121,7283.672,18.049,1.5187499523162842,4.999999873689376e-05,74189.0625,-0.03271349146962166,74189.078125,0.3720379173755646,0.012991037219762802,1.4186887741088867,0.0
2250.2877948531063,-616.2782401319067,274.9117899967271,100.0,56,5600,False,2749600,27496,491,ae3b9b3532214bc3bad13e7ea9518ddf,2020-03-20_22-42-02,1584744122,10.428901195526123,5050.794695138931,23993,eclipse,137.195.211.213,5050.794695138931,2749600,491,28,2ed37c9e,0.28,0.0,1.0,11.130008495154195,0.990191414486149,1.487760255599484,2702464,2749600,3043.126,5.857,7284.455,19.182,1.5187499523162842,4.999999873689376e-05,92170.8125,-0.03669728711247444,92170.828125,0.3060730993747711,0.012316932901740074,1.145641565322876,0.0
2436.769729492332,-32.309108248859076,298.7248606495167,100.0,56,5600,False,2755200,27552,492,ae3b9b3532214bc3bad13e7ea9518ddf,2020-03-20_22-42-12,1584744132,10.382185697555542,5061.176880836487,23993,eclipse,137.195.211.213,5061.176880836487,2755200,492,28,2ed37c9e,0.25,0.0,1.0,11.130338415263623,0.9901511330059632,1.4876846051653363,2707968,2755200,3031.131,5.61,7287.111,18.66,1.5187499523162842,4.999999873689376e-05,116340.234375,-0.026299549266695976,116340.234375,0.3226540982723236,0.012341324239969254,1.698317289352417,0.0
3113.9729095408725,-29.98653277148787,340.4471913893704,100.0,56,5600,False,2760800,27608,493,ae3b9b3532214bc3bad13e7ea9518ddf,2020-03-20_22-42-23,1584744143,10.274513483047485,5071.451394319534,23993,eclipse,137.195.211.213,5071.451394319534,2760800,493,28,2ed37c9e,0.32,0.0,1.0,11.130670142793184,0.9901158271129179,1.4876246724083193,2713472,2760800,3024.552,5.576,7279.691,18.298,1.5187499523162842,4.999999873689376e-05,131887.9375,-0.031190436333417892,131887.9375,0.34863489866256714,0.01368215773254633,1.224686861038208,0.0
3113.9729095408725,-37.288868338097416,340.422077052989,100.0,56,5600,False,2766400,27664,494,ae3b9b3532214bc3bad13e7ea9518ddf,2020-03-20_22-42-33,1584744153,10.357094049453735,5081.808488368988,23993,eclipse,137.195.211.213,5081.808488368988,2766400,494,28,2ed37c9e,0.33,0.0,1.0,11.131001050719428,0.9900916772671448,1.4875571470457103,2718976,2766400,3020.023,5.774,7273.022,17.712,1.5187499523162842,4.999999873689376e-05,122170.9921875,-0.026578199118375778,122170.9921875,0.3248094618320465,0.015114531852304935,1.3417245149612427,0.0
2553.6325607233953,-37.288868338097416,301.72506021519223,100.0,56,5600,False,2772000,27720,495,ae3b9b3532214bc3bad13e7ea9518ddf,2020-03-20_22-42-44,1584744164,10.395647048950195,5092.204135417938,23993,eclipse,137.195.211.213,5092.204135417938,2772000,495,28,2ed37c9e,0.29,0.0,1.0,11.131468222645521,0.9900666173425351,1.4874558187555524,2724480,2772000,3014.714,5.893,7279.719,18.193,1.5187499523162842,4.999999873689376e-05,106535.2109375,-0.026671648025512695,106535.2109375,0.3265463709831238,0.012533324770629406,1.0832395553588867,0.0
2533.7476899588296,-571.9402747533361,275.9566246836095,100.0,56,5600,False,2777600,27776,496,ae3b9b3532214bc3bad13e7ea9518ddf,2020-03-20_22-42-54,1584744174,10.30875849723816,5102.512893915176,23993,eclipse,137.195.211.213,5102.512893915176,2777600,496,28,2ed37c9e,0.3,0.0,1.0,11.132148561078571,0.9900573596257426,1.4873597530495197,2729984,2777600,3014.531,5.76,7275.359,18.535,1.5187499523162842,4.999999873689376e-05,82971.625,-0.03192439302802086,82971.640625,0.26832064986228943,0.012529163621366024,1.1483038663864136,0.0
4298.339817712626,-571.9402747533361,298.6030561543476,100.0,56,5600,False,2783200,27832,497,ae3b9b3532214bc3bad13e7ea9518ddf,2020-03-20_22-43-04,1584744184,10.395937442779541,5112.908831357956,23993,eclipse,137.195.211.213,5112.908831357956,2783200,497,28,2ed37c9e,0.25,0.0,1.0,11.132549641487804,0.990073672163602,1.4872906959326138,2735488,2783200,3007.226,5.612,7282.437,18.077,1.5187499523162842,4.999999873689376e-05,259889.5625,-0.024435928091406822,259889.515625,0.24079203605651855,0.019812842831015587,1.4608579874038696,0.0
4123.017426427496,-441.9019572383655,219.9361732627917,100.0,56,5600,False,2788800,27888,498,ae3b9b3532214bc3bad13e7ea9518ddf,2020-03-20_22-43-15,1584744195,10.0543372631073,5122.963168621063,23993,eclipse,137.195.211.213,5122.963168621063,2788800,498,28,2ed37c9e,0.25,0.0,1.0,11.13308657532284,0.9900977077093642,1.487279296265516,2740992,2788800,3009.152,5.253,7240.776,17.158,1.5187499523162842,4.999999873689376e-05,32088.576171875,-0.032667193561792374,32088.59375,0.2941560447216034,0.01263511460274458,1.6519651412963867,0.0
1994.9843655635552,-40.193548353862845,155.1451157090353,100.0,56,5600,False,2794400,27944,499,ae3b9b3532214bc3bad13e7ea9518ddf,2020-03-20_22-43-25,1584744205,10.146742820739746,5133.109911441803,23993,eclipse,137.195.211.213,5133.109911441803,2794400,499,28,2ed37c9e,0.2,0.0,1.0,11.134173898207345,0.9901144078964573,1.487335342464407,2746496,2794400,3027.564,5.193,7204.726,17.98,1.5187499523162842,4.999999873689376e-05,42781.5390625,-0.026157692074775696,42781.54296875,0.3326440751552582,0.016357414424419403,1.2887890338897705,0.0
2336.8895235102577,-33.22835195481077,191.07610784004737,100.0,56,5600,False,2800000,28000,500,ae3b9b3532214bc3bad13e7ea9518ddf,2020-03-20_22-43-35,1584744215,10.69163465499878,5143.801546096802,23993,eclipse,137.195.211.213,5143.801546096802,2800000,500,28,2ed37c9e,0.22,0.0,1.0,11.135588560479373,0.9901361543829055,1.4874083664436608,2752000,2800000,3075.968,5.385,7176.695,17.659,1.5187499523162842,4.999999873689376e-05,60269.8125,-0.03604663908481598,60269.8203125,0.29628223180770874,0.010684496723115444,1.0009384155273438,0.0
3822.614661117506,-32.91311781219763,290.6331207630651,100.0,56,5600,False,2805600,28056,501,ae3b9b3532214bc3bad13e7ea9518ddf,2020-03-20_22-43-46,1584744226,10.478931188583374,5154.280477285385,23993,eclipse,137.195.211.213,5154.280477285385,2805600,501,28,2ed37c9e,0.29,0.0,1.0,11.136960402514008,0.9901483258251262,1.4874534496223157,2757504,2805600,3111.331,5.365,7144.256,16.767,1.5187499523162842,4.999999873689376e-05,160967.421875,-0.030078774318099022,160967.4375,0.24856603145599365,0.013148633763194084,1.3376820087432861,0.0
3822.614661117506,-32.91311781219763,306.2679521960183,100.0,56,5600,False,2811200,28112,502,ae3b9b3532214bc3bad13e7ea9518ddf,2020-03-20_22-43-56,1584744236,10.384658336639404,5164.6651356220245,23993,eclipse,137.195.211.213,5164.6651356220245,2811200,502,28,2ed37c9e,0.25,0.0,1.0,11.137856341125577,0.990137362348734,1.4874768793390303,2763008,2811200,3117.99,5.413,7139.332,16.949,1.5187499523162842,4.999999873689376e-05,118513.21875,-0.03382847085595131,118513.21875,0.26379790902137756,0.010967644862830639,1.6186378002166748,0.0
3974.753136789693,-267.31134420554696,295.517596725391,100.0,56,5600,False,2816800,28168,503,ae3b9b3532214bc3bad13e7ea9518ddf,2020-03-20_22-44-07,1584744247,10.547794342041016,5175.212929964066,23993,eclipse,137.195.211.213,5175.212929964066,2816800,503,28,2ed37c9e,0.23,0.0,1.0,11.13847485484278,0.9901079852450075,1.4874310735621572,2768512,2816800,3139.902,5.428,7145.726,16.513,1.5187499523162842,4.999999873689376e-05,144135.25,-0.033711664378643036,144135.265625,0.2987109422683716,0.015015465207397938,1.41835355758667,0.0
2656.4583023247415,-267.31134420554696,229.5345172592896,100.0,56,5600,False,2822400,28224,504,ae3b9b3532214bc3bad13e7ea9518ddf,2020-03-20_22-44-17,1584744257,10.285494089126587,5185.498424053192,23993,eclipse,137.195.211.213,5185.498424053192,2822400,504,28,2ed37c9e,0.24,0.0,1.0,11.138779697082391,0.990059233671559,1.4873448090515047,2774016,2822400,3133.92,5.392,7146.031,17.151,1.5187499523162842,4.999999873689376e-05,47489.66796875,-0.037829671055078506,47489.6875,0.40032851696014404,0.013825087808072567,1.4747884273529053,0.0
1997.8645003355346,-149.27870489670013,186.99089410843916,100.0,56,5600,False,2828000,28280,505,ae3b9b3532214bc3bad13e7ea9518ddf,2020-03-20_22-44-28,1584744268,10.328727722167969,5195.82715177536,23993,eclipse,137.195.211.213,5195.82715177536,2828000,505,28,2ed37c9e,0.17,0.0,1.0,11.139074571867049,0.9900262711550338,1.4872618695422717,2779520,2828000,3125.441,4.881,7150.433,16.963,1.5187499523162842,4.999999873689376e-05,54987.58203125,-0.032358501106500626,54987.5859375,0.3573140501976013,0.014071390964090824,1.738261342048645,0.0
3123.303049357883,-149.27870489670013,316.38086253844546,100.0,56,5600,False,2833600,28336,506,ae3b9b3532214bc3bad13e7ea9518ddf,2020-03-20_22-44-38,1584744278,10.307126522064209,5206.134278297424,23993,eclipse,137.195.211.213,5206.134278297424,2833600,506,28,2ed37c9e,0.23,0.0,1.0,11.139606933572614,0.9899884502648624,1.4871842912314546,2785024,2833600,3125.34,4.834,7149.414,17.105,1.5187499523162842,4.999999873689376e-05,182065.78125,-0.030998844653367996,182065.78125,0.32004204392433167,0.014405176974833012,1.203971266746521,0.0
3123.303049357883,-346.87643603932986,330.12145688061946,100.0,56,5600,False,2839200,28392,507,ae3b9b3532214bc3bad13e7ea9518ddf,2020-03-20_22-44-48,1584744288,10.378838539123535,5216.513116836548,23993,eclipse,137.195.211.213,5216.513116836548,2839200,507,28,2ed37c9e,0.32,0.0,1.0,11.140228547104805,0.989962588218617,1.4871208901164072,2790528,2839200,3124.912,4.569,7149.247,17.447,1.5187499523162842,4.999999873689376e-05,72480.21875,-0.031039847061038017,72480.2421875,0.3375157415866852,0.012808251194655895,1.3476074934005737,0.0
3421.4954739664377,-346.87643603932986,229.06080867112382,100.0,56,5600,False,2844800,28448,508,ae3b9b3532214bc3bad13e7ea9518ddf,2020-03-20_22-44-59,1584744299,10.581777572631836,5227.09489440918,23993,eclipse,137.195.211.213,5227.09489440918,2844800,508,28,2ed37c9e,0.23,0.0,1.0,11.140929040350988,0.9899382999218739,1.4870389212237558,2796032,2844800,3126.674,4.969,7195.97,18.383,1.5187499523162842,4.999999873689376e-05,101708.4296875,-0.023455627262592316,101708.4296875,0.3220987617969513,0.01274735014885664,1.050770878791809,0.0
1673.1129772763454,-251.70382361137138,178.05739824845494,100.0,56,5600,False,2850400,28504,509,ae3b9b3532214bc3bad13e7ea9518ddf,2020-03-20_22-45-10,1584744310,10.3963143825531,5237.491208791733,23993,eclipse,137.195.211.213,5237.491208791733,2850400,509,28,2ed37c9e,0.21,0.0,1.0,11.14153587119749,0.9899205635030546,1.4869348991962124,2801536,2850400,3114.695,5.1,7232.5,17.851,1.5187499523162842,4.999999873689376e-05,40036.73828125,-0.031920287758111954,40036.75,0.33533143997192383,0.015563340857625008,1.2139794826507568,0.0
4323.905956746698,-289.5764480570355,280.6698525624078,100.0,56,5600,False,2856000,28560,510,ae3b9b3532214bc3bad13e7ea9518ddf,2020-03-20_22-45-20,1584744320,10.476744413375854,5247.967953205109,23993,eclipse,137.195.211.213,5247.967953205109,2856000,510,28,2ed37c9e,0.25,0.0,1.0,11.142194231096147,0.9898952262483829,1.486842271271174,2807040,2856000,3070.9,5.231,7256.095,18.268,1.5187499523162842,4.999999873689376e-05,240629.765625,-0.022175239399075508,240629.75,0.26769736409187317,0.018823402002453804,1.1389389038085938,0.0
4323.905956746698,-544.6481523432909,472.80898814559805,100.0,56,5600,False,2861600,28616,511,ae3b9b3532214bc3bad13e7ea9518ddf,2020-03-20_22-45-31,1584744331,10.435155391693115,5258.403108596802,23993,eclipse,137.195.211.213,5258.403108596802,2861600,511,28,2ed37c9e,0.43,0.0,1.0,11.142977368793636,0.989865482425026,1.486778218484706,2812544,2861600,3037.762,5.395,7289.076,18.197,1.5187499523162842,4.999999873689376e-05,256118.796875,-0.026359762996435165,256118.796875,0.30164670944213867,0.01752585358917713,0.886117696762085,0.0
3347.520481831293,-544.6481523432909,424.16836004741833,100.0,56,5600,False,2867200,28672,512,ae3b9b3532214bc3bad13e7ea9518ddf,2020-03-20_22-45-41,1584744341,10.345024347305298,5268.748132944107,23993,eclipse,137.195.211.213,5268.748132944107,2867200,512,28,2ed37c9e,0.42,0.0,1.0,11.143688618480702,0.9898383859442629,1.4867293671921187,2818048,2867200,3032.72,5.388,7289.207,18.34,1.5187499523162842,4.999999873689376e-05,155165.765625,-0.028224218636751175,155165.765625,0.3272235691547394,0.012925832532346249,1.0211617946624756,0.0
2885.256425841779,-33.396185710272,249.24212395323633,100.0,56,5600,False,2872800,28728,513,ae3b9b3532214bc3bad13e7ea9518ddf,2020-03-20_22-45-51,1584744351,10.427279949188232,5279.175412893295,23993,eclipse,137.195.211.213,5279.175412893295,2872800,513,28,2ed37c9e,0.27,0.0,1.0,11.14417778171061,0.9898243872224292,1.4866513003349846,2823552,2872800,3019.663,5.466,7289.327,19.335,1.5187499523162842,4.999999873689376e-05,66406.2578125,-0.02804594486951828,66406.265625,0.2634732723236084,0.013014046475291252,1.2547119855880737,0.0
3210.302121106929,-31.28276916124272,409.8143923492842,100.0,56,5600,False,2878400,28784,514,ae3b9b3532214bc3bad13e7ea9518ddf,2020-03-20_22-46-02,1584744362,10.418080806732178,5289.5934937000275,23993,eclipse,137.195.211.213,5289.5934937000275,2878400,514,28,2ed37c9e,0.35,0.0,1.0,11.144887274405072,0.9897905761860609,1.4865654542634996,2829056,2878400,3034.404,5.678,7287.643,18.49,1.5187499523162842,4.999999873689376e-05,192979.8125,-0.03253291919827461,192979.84375,0.3375656306743622,0.015363250859081745,0.9249505996704102,0.0
3210.302121106929,-33.28792399923452,341.9704717189654,100.0,56,5600,False,2884000,28840,515,ae3b9b3532214bc3bad13e7ea9518ddf,2020-03-20_22-46-12,1584744372,10.283972024917603,5299.877465724945,23993,eclipse,137.195.211.213,5299.877465724945,2884000,515,28,2ed37c9e,0.29,0.0,1.0,11.14557419733358,0.9897810161002077,1.486493963618633,2834560,2884000,3045.722,6.17,7270.669,18.476,1.5187499523162842,4.999999873689376e-05,80913.296875,-0.03246128186583519,80913.3046875,0.3656672239303589,0.01105651818215847,1.2388286590576172,0.0
4306.98432036352,-33.28792399923452,232.36917213801752,100.0,56,5600,False,2889600,28896,516,ae3b9b3532214bc3bad13e7ea9518ddf,2020-03-20_22-46-23,1584744383,10.463208436965942,5310.340674161911,23993,eclipse,137.195.211.213,5310.340674161911,2889600,516,28,2ed37c9e,0.19,0.0,1.0,11.145958282289211,0.9898000679841453,1.4864203280994746,2840064,2889600,3051.688,6.351,7279.515,18.706,1.5187499523162842,4.999999873689376e-05,134126.0625,-0.03092135116457939,134126.078125,0.22831544280052185,0.012172735296189785,1.5655180215835571,0.0
4306.98432036352,-32.93715864544424,234.63185861502265,100.0,56,5600,False,2895200,28952,517,ae3b9b3532214bc3bad13e7ea9518ddf,2020-03-20_22-46-33,1584744393,10.306538105010986,5320.647212266922,23993,eclipse,137.195.211.213,5320.647212266922,2895200,517,28,2ed37c9e,0.22,0.0,1.0,11.146398174928045,0.9897769581080977,1.4863653130978938,2845568,2895200,3057.807,6.684,7265.116,18.872,1.5187499523162842,4.999999873689376e-05,111767.5234375,-0.0257877167314291,111767.5078125,0.25876396894454956,0.01937614195048809,1.2556567192077637,0.0
3197.097211906056,-251.27227132437974,306.6650021093583,100.0,56,5600,False,2900800,29008,518,ae3b9b3532214bc3bad13e7ea9518ddf,2020-03-20_22-46-44,1584744404,10.447227716445923,5331.094439983368,23993,eclipse,137.195.211.213,5331.094439983368,2900800,518,28,2ed37c9e,0.32,0.0,1.0,11.147100769449999,0.9897422252734751,1.4862895760629546,2851072,2900800,3055.662,6.586,7255.419,18.504,1.5187499523162842,4.999999873689376e-05,115681.53125,-0.024298030883073807,115681.546875,0.31374478340148926,0.01755456253886223,0.9346151947975159,0.0
2875.69880127378,-251.27227132437974,314.547078500556,100.0,56,5600,False,2906400,29064,519,ae3b9b3532214bc3bad13e7ea9518ddf,2020-03-20_22-46-54,1584744414,10.370086908340454,5341.464526891708,23993,eclipse,137.195.211.213,5341.464526891708,2906400,519,28,2ed37c9e,0.35,0.0,1.0,11.147484477441703,0.9897123124037134,1.4862061023763886,2856576,2906400,3052.478,6.517,7254.414,18.585,1.5187499523162842,4.999999873689376e-05,76237.7734375,-0.026904605329036713,76237.78125,0.35748159885406494,0.011045758612453938,1.4335466623306274,0.0
3433.0295763652853,-33.065151800006106,271.1220813964282,100.0,56,5600,False,2912000,29120,520,ae3b9b3532214bc3bad13e7ea9518ddf,2020-03-20_22-47-04,1584744424,10.376667737960815,5351.841194629669,23993,eclipse,137.195.211.213,5351.841194629669,2912000,520,28,2ed37c9e,0.24,0.0,1.0,11.147859670127273,0.989676128009767,1.4861340133369958,2862080,2912000,3044.45,6.453,7252.508,18.348,1.5187499523162842,4.999999873689376e-05,120658.7421875,-0.03414062038064003,120658.7578125,0.3402388393878937,0.012489196844398975,1.3608555793762207,0.0
3433.0295763652853,-30.099121990933096,230.9029787926299,100.0,56,5600,False,2917600,29176,521,ae3b9b3532214bc3bad13e7ea9518ddf,2020-03-20_22-47-15,1584744435,10.563642263412476,5362.404836893082,23993,eclipse,137.195.211.213,5362.404836893082,2917600,521,28,2ed37c9e,0.19,0.0,1.0,11.148268837634102,0.9896388833623129,1.4860672399528414,2867584,2917600,3052.222,6.282,7254.687,19.238,1.5187499523162842,4.999999873689376e-05,38691.625,-0.0332358255982399,38691.640625,0.41299939155578613,0.011611712165176868,1.500536322593689,0.0
3331.477641790531,-29.839192402845324,245.106391638982,100.0,56,5600,False,2923200,29232,522,ae3b9b3532214bc3bad13e7ea9518ddf,2020-03-20_22-47-25,1584744445,10.342716693878174,5372.74755358696,23993,eclipse,137.195.211.213,5372.74755358696,2923200,522,28,2ed37c9e,0.28,0.0,1.0,11.148605127232875,0.9896107807836966,1.4859968439782392,2873088,2923200,3051.609,6.286,7256.067,19.214,1.5187499523162842,4.999999873689376e-05,112759.8828125,-0.029133882373571396,112759.8984375,0.34443193674087524,0.013904299587011337,1.1022380590438843,0.0
3428.833572898894,-35.52026682568275,325.05630212422955,100.0,56,5600,False,2928800,29288,523,ae3b9b3532214bc3bad13e7ea9518ddf,2020-03-20_22-47-36,1584744456,10.316374063491821,5383.063927650452,23993,eclipse,137.195.211.213,5383.063927650452,2928800,523,28,2ed37c9e,0.33,0.0,1.0,11.148757737747365,0.9896006365403962,1.4859197836032565,2878592,2928800,3036.709,6.416,7260.599,18.224,1.5187499523162842,4.999999873689376e-05,140670.25,-0.030221275985240936,140670.25,0.3112955391407013,0.015837689861655235,1.5872923135757446,0.0
3428.833572898894,-144.17036388648518,332.0774587233677,100.0,56,5600,False,2934400,29344,524,ae3b9b3532214bc3bad13e7ea9518ddf,2020-03-20_22-47-46,1584744466,10.364405632019043,5393.428333282471,23993,eclipse,137.195.211.213,5393.428333282471,2934400,524,28,2ed37c9e,0.32,0.0,1.0,11.149048773377451,0.9896040930936573,1.48584413917341,2884096,2934400,3019.647,6.238,7269.558,19.195,1.5187499523162842,4.999999873689376e-05,139520.640625,-0.0277243722230196,139520.65625,0.33240967988967896,0.013707172125577927,1.2149555683135986,0.0
3193.483758860477,-30.66112021000215,294.77940066925896,100.0,56,5600,False,2940000,29400,525,ae3b9b3532214bc3bad13e7ea9518ddf,2020-03-20_22-47-57,1584744477,10.368082284927368,5403.796415567398,23993,eclipse,137.195.211.213,5403.796415567398,2940000,525,28,2ed37c9e,0.28,0.0,1.0,11.149504301670868,0.9896096064308262,1.4857909224283483,2889600,2940000,3016.943,6.16,7279.846,18.905,1.5187499523162842,4.999999873689376e-05,76154.1328125,-0.03183767572045326,76154.140625,0.23620840907096863,0.013223259709775448,1.1273906230926514,0.0
2244.6803693438706,-32.22040963812824,241.63703531505615,100.0,56,5600,False,2945600,29456,526,ae3b9b3532214bc3bad13e7ea9518ddf,2020-03-20_22-48-07,1584744487,10.269277811050415,5414.0656933784485,23993,eclipse,137.195.211.213,5414.0656933784485,2945600,526,28,2ed37c9e,0.24,0.0,1.0,11.15006071209317,0.9895941362778538,1.4857053219764265,2895104,2945600,3013.917,6.049,7266.137,18.315,1.5187499523162842,4.999999873689376e-05,45710.2578125,-0.029103051871061325,45710.26171875,0.36466965079307556,0.015807460993528366,1.0722899436950684,0.0
2973.404814688324,-220.10861122853137,167.99656154065465,100.0,56,5600,False,2951200,29512,527,ae3b9b3532214bc3bad13e7ea9518ddf,2020-03-20_22-48-17,1584744497,9.964816570281982,5424.0305099487305,23993,eclipse,137.195.211.213,5424.0305099487305,2951200,527,28,2ed37c9e,0.17,0.0,1.0,11.150727338759422,0.9896136505059283,1.485719562453849,2900608,2951200,3014.12,6.249,7231.625,18.425,1.5187499523162842,4.999999873689376e-05,74455.8125,-0.03018142469227314,74455.8203125,0.26512497663497925,0.014754182659089565,1.7535499334335327,0.0
3781.5520903143743,-592.7978523448471,239.70088964586847,100.0,56,5600,False,2956800,29568,528,ae3b9b3532214bc3bad13e7ea9518ddf,2020-03-20_22-48-27,1584744507,10.185845136642456,5434.216355085373,23993,eclipse,137.195.211.213,5434.216355085373,2956800,528,28,2ed37c9e,0.19,0.0,1.0,11.151588180143872,0.989659742711188,1.4858234651395947,2906112,2956800,3025.296,6.355,7195.374,18.784,1.5187499523162842,4.999999873689376e-05,149731.75,-0.02953013777732849,149731.75,0.25425079464912415,0.013688777573406696,1.4465067386627197,0.0
3781.5520903143743,-592.7978523448471,355.9631686077649,100.0,56,5600,False,2962400,29624,529,ae3b9b3532214bc3bad13e7ea9518ddf,2020-03-20_22-48-38,1584744518,10.587214469909668,5444.803569555283,23993,eclipse,137.195.211.213,5444.803569555283,2962400,529,28,2ed37c9e,0.34,0.0,1.0,11.15287445550458,0.9897500947066734,1.4858963118987834,2911616,2962400,3074.209,6.516,7167.151,19.66,1.5187499523162842,4.999999873689376e-05,135846.609375,-0.030825205147266388,135846.640625,0.30522921681404114,0.01466063130646944,0.9566101431846619,0.0
2830.739534269952,-43.8929414815494,278.66938979971377,100.0,56,5600,False,2968000,29680,530,ae3b9b3532214bc3bad13e7ea9518ddf,2020-03-20_22-48-48,1584744528,10.364822626113892,5455.1683921813965,23993,eclipse,137.195.211.213,5455.1683921813965,2968000,530,28,2ed37c9e,0.28,0.0,1.0,11.153801794539405,0.9898124037707825,1.4859555507163915,2917120,2968000,3094.371,6.679,7144.644,19.945,1.5187499523162842,4.999999873689376e-05,80837.90625,-0.023700101301074028,80837.890625,0.31948956847190857,0.018760336562991142,1.5551652908325195,0.0
2830.739534269952,-33.40258074644461,197.51533857472367,100.0,56,5600,False,2973600,29736,531,ae3b9b3532214bc3bad13e7ea9518ddf,2020-03-20_22-48-59,1584744539,10.391960382461548,5465.560352563858,23993,eclipse,137.195.211.213,5465.560352563858,2973600,531,28,2ed37c9e,0.24,0.0,1.0,11.154094001153574,0.9898064583751476,1.4859390867206037,2922624,2973600,3082.766,6.793,7140.059,19.708,1.5187499523162842,4.999999873689376e-05,45126.71875,-0.023986857384443283,45126.71484375,0.37374499440193176,0.01679798774421215,1.4656952619552612,0.0
1889.5443662761904,-617.1668475563386,176.42987338673836,100.0,56,5600,False,2979200,29792,532,ae3b9b3532214bc3bad13e7ea9518ddf,2020-03-20_22-49-09,1584744549,10.121063470840454,5475.6814160346985,23993,eclipse,137.195.211.213,5475.6814160346985,2979200,532,28,2ed37c9e,0.24,0.0,1.0,11.154588200627073,0.98977874111183,1.4859399817181969,2928128,2979200,3091.196,6.863,7110.771,19.114,1.5187499523162842,4.999999873689376e-05,28829.560546875,-0.020244697108864784,28829.55859375,0.3719192147254944,0.017563296481966972,1.2525951862335205,0.0
2995.8298746385785,-617.1668475563386,163.985548694145,100.0,56,5600,False,2984800,29848,533,ae3b9b3532214bc3bad13e7ea9518ddf,2020-03-20_22-49-20,1584744560,10.779465198516846,5486.460881233215,23993,eclipse,137.195.211.213,5486.460881233215,2984800,533,28,2ed37c9e,0.22,0.0,1.0,11.155711240632215,0.9898093932211168,1.4861886346067832,2933632,2984800,3145.377,6.637,7102.918,19.27,1.5187499523162842,4.999999873689376e-05,87787.3515625,-0.033449750393629074,87787.3671875,0.3320730924606323,0.013291336596012115,1.5912294387817383,0.0
4416.829999075521,-387.7649117177125,223.9951077055326,100.0,56,5600,False,2990400,29904,534,ae3b9b3532214bc3bad13e7ea9518ddf,2020-03-20_22-49-30,1584744570,10.526337623596191,5496.9872188568115,23993,eclipse,137.195.211.213,5496.9872188568115,2990400,534,28,2ed37c9e,0.24,0.0,1.0,11.156849060302621,0.9898269222360514,1.4863533219471214,2939136,2990400,3165.95,6.705,7100.87,19.357,1.5187499523162842,4.999999873689376e-05,175166.25,-0.032380372285842896,175166.265625,0.26293420791625977,0.013182069174945354,0.8929672837257385,0.0
4416.829999075521,-31.212392291349378,243.0276540347604,100.0,56,5600,False,2996000,29960,535,ae3b9b3532214bc3bad13e7ea9518ddf,2020-03-20_22-49-41,1584744581,10.431527614593506,5507.418746471405,23993,eclipse,137.195.211.213,5507.418746471405,2996000,535,28,2ed37c9e,0.21,0.0,1.0,11.157398926006671,0.9898131942593458,1.4863119073196345,2944640,2996000,3166.639,6.659,7107.318,19.051,1.5187499523162842,4.999999873689376e-05,88573.90625,-0.03570236638188362,88573.9375,0.27569493651390076,0.01307644136250019,1.2890145778656006,0.0
2547.0059059458076,-34.64330781135335,201.6122162340081,100.0,56,5600,False,3001600,30016,536,ae3b9b3532214bc3bad13e7ea9518ddf,2020-03-20_22-49-51,1584744591,10.533675909042358,5517.952422380447,23993,eclipse,137.195.211.213,5517.952422380447,3001600,536,28,2ed37c9e,0.2,0.0,1.0,11.15783903083789,0.9898183877037491,1.486271894481722,2950144,3001600,3173.712,6.708,7124.468,19.445,1.5187499523162842,4.999999873689376e-05,94441.359375,-0.031513575464487076,94441.375,0.32693615555763245,0.012402229942381382,1.2363636493682861,0.0
2865.551494708133,-31.462540263394178,265.4779687871889,100.0,56,5600,False,3007200,30072,537,ae3b9b3532214bc3bad13e7ea9518ddf,2020-03-20_22-50-02,1584744602,10.372841835021973,5528.325264215469,23993,eclipse,137.195.211.213,5528.325264215469,3007200,537,28,2ed37c9e,0.27,0.0,1.0,11.15817063344838,0.9898005821390854,1.486224276279411,2955648,3007200,3167.278,6.854,7170.154,19.208,1.5187499523162842,4.999999873689376e-05,93640.046875,-0.026208044961094856,93640.0546875,0.3189307749271393,0.015198244713246822,1.5990644693374634,0.0
2865.551494708133,-513.7909196351079,311.10379317145765,100.0,56,5600,False,3012800,30128,538,ae3b9b3532214bc3bad13e7ea9518ddf,2020-03-20_22-50-12,1584744612,10.351669073104858,5538.676933288574,23993,eclipse,137.195.211.213,5538.676933288574,3012800,538,28,2ed37c9e,0.31,0.0,1.0,11.158411679731726,0.9897471514810411,1.4861703870409746,2961152,3012800,3146.117,6.655,7208.052,19.076,1.5187499523162842,4.999999873689376e-05,132414.84375,-0.03212345018982887,132414.84375,0.34234151244163513,0.015100084245204926,1.2899044752120972,0.0
3767.5506361828984,-513.7909196351079,492.29075524528423,100.0,56,5600,False,3018400,30184,539,ae3b9b3532214bc3bad13e7ea9518ddf,2020-03-20_22-50-23,1584744623,10.494426965713501,5549.171360254288,23993,eclipse,137.195.211.213,5549.171360254288,3018400,539,28,2ed37c9e,0.38,0.0,1.0,11.159035449473192,0.9897208614683833,1.4860986963366591,2966656,3018400,3108.164,6.55,7238.305,19.057,1.5187499523162842,4.999999873689376e-05,315912.21875,-0.033211592584848404,315912.25,0.28240966796875,0.014123793691396713,0.8833459615707397,0.0
3767.5506361828984,-139.54671109898635,389.97923090933915,100.0,56,5600,False,3024000,30240,540,ae3b9b3532214bc3bad13e7ea9518ddf,2020-03-20_22-50-33,1584744633,10.453367471694946,5559.624727725983,23993,eclipse,137.195.211.213,5559.624727725983,3024000,540,28,2ed37c9e,0.36,0.0,1.0,11.159404112178445,0.9897136785187959,1.4860185874761016,2972160,3024000,3086.572,6.394,7267.77,18.87,1.5187499523162842,4.999999873689376e-05,113531.90625,-0.028316689655184746,113531.921875,0.2721654772758484,0.01117753703147173,1.4647256135940552,0.0
3981.3711033267505,-139.54671109898635,361.8013410743334,100.0,56,5600,False,3029600,30296,541,ae3b9b3532214bc3bad13e7ea9518ddf,2020-03-20_22-50-44,1584744644,10.543624877929688,5570.168352603912,23993,eclipse,137.195.211.213,5570.168352603912,3029600,541,28,2ed37c9e,0.28,0.0,1.0,11.159848323006294,0.9896816950570266,1.4859479166047027,2977664,3029600,3095.957,6.333,7273.12,19.055,1.5187499523162842,4.999999873689376e-05,252501.578125,-0.02848181314766407,252501.609375,0.28745993971824646,0.01399942860007286,1.2196006774902344,0.0
4206.912003841947,-60.15810645046208,412.4086184560209,100.0,56,5600,False,3035200,30352,542,ae3b9b3532214bc3bad13e7ea9518ddf,2020-03-20_22-50-54,1584744654,10.419797658920288,5580.588150262833,23993,eclipse,137.195.211.213,5580.588150262833,3035200,542,28,2ed37c9e,0.3,0.0,1.0,11.160221657676157,0.9896427730679019,1.4858833561529305,2983168,3035200,3095.338,6.25,7302.052,18.973,1.5187499523162842,4.999999873689376e-05,229538.15625,-0.026256395503878593,229538.109375,0.2383640706539154,0.012338604778051376,0.860739529132843,0.0
3307.529035964163,-174.2945245530051,369.21551255601577,100.0,56,5600,False,3040800,30408,543,ae3b9b3532214bc3bad13e7ea9518ddf,2020-03-20_22-51-05,1584744665,10.436173439025879,5591.0243237018585,23993,eclipse,137.195.211.213,5591.0243237018585,3040800,543,28,2ed37c9e,0.38,0.0,1.0,11.160838138650611,0.9896061834833576,1.4858017261199838,2988672,3040800,3051.857,6.409,7307.985,19.534,1.5187499523162842,4.999999873689376e-05,119669.9765625,-0.02616262435913086,119669.9765625,0.3480280935764313,0.016473503783345222,0.9891359806060791,0.0
2871.1561563260493,-32.4642612057109,263.30423438583307,100.0,56,5600,False,3046400,30464,544,ae3b9b3532214bc3bad13e7ea9518ddf,2020-03-20_22-51-15,1584744675,10.520305156707764,5601.544628858566,23993,eclipse,137.195.211.213,5601.544628858566,3046400,544,28,2ed37c9e,0.27,0.0,1.0,11.161344738793787,0.9895774390789407,1.4857103046775801,2994176,3046400,3045.026,6.173,7312.342,18.99,1.5187499523162842,4.999999873689376e-05,37695.09765625,-0.030423855409026146,37695.11328125,0.21681135892868042,0.01307953055948019,1.3847321271896362,0.0
5088.852477820351,-288.52087337902236,302.72701366930664,100.0,56,5600,False,3052000,30520,545,ae3b9b3532214bc3bad13e7ea9518ddf,2020-03-20_22-51-26,1584744686,10.476368188858032,5612.020997047424,23993,eclipse,137.195.211.213,5612.020997047424,3052000,545,28,2ed37c9e,0.22,0.0,1.0,11.161678515599784,0.9895753390333593,1.4856473499489302,2999680,3052000,3049.466,6.154,7312.102,19.362,1.5187499523162842,4.999999873689376e-05,303227.34375,-0.03356500715017319,303227.34375,0.225821852684021,0.014768769964575768,1.139933705329895,0.0
5088.852477820351,-288.52087337902236,346.74504345939664,100.0,56,5600,False,3057600,30576,546,ae3b9b3532214bc3bad13e7ea9518ddf,2020-03-20_22-51-36,1584744696,10.386573076248169,5622.4075701236725,23993,eclipse,137.195.211.213,5622.4075701236725,3057600,546,28,2ed37c9e,0.3,0.0,1.0,11.161910365694636,0.9895572866471983,1.4855904360592818,3005184,3057600,3038.95,6.16,7307.437,19.328,1.5187499523162842,4.999999873689376e-05,118863.359375,-0.023161275312304497,118863.359375,0.332540899515152,0.015621165744960308,1.4549000263214111,0.0
3418.875483592079,-200.5620587748446,333.1154401522619,100.0,56,5600,False,3063200,30632,547,ae3b9b3532214bc3bad13e7ea9518ddf,2020-03-20_22-51-47,1584744707,10.419554233551025,5632.8271243572235,23993,eclipse,137.195.211.213,5632.8271243572235,3063200,547,28,2ed37c9e,0.28,0.0,1.0,11.162049901037799,0.9895413029634997,1.4855453084177936,3010688,3063200,3042.484,5.714,7312.526,18.635,1.5187499523162842,4.999999873689376e-05,192371.625,-0.032132867723703384,192371.65625,0.3221532702445984,0.013139648362994194,1.3016993999481201,0.0
3655.289004193424,-595.3498855552359,386.2426874008265,100.0,56,5600,False,3068800,30688,548,ae3b9b3532214bc3bad13e7ea9518ddf,2020-03-20_22-51-57,1584744717,10.431164264678955,5643.2582886219025,23993,eclipse,137.195.211.213,5643.2582886219025,3068800,548,28,2ed37c9e,0.32,0.0,1.0,11.16234738146154,0.989506753243434,1.4854777158030013,3016192,3068800,3047.831,5.855,7313.303,18.271,1.5187499523162842,4.999999873689376e-05,234054.53125,-0.030374011024832726,234054.5625,0.2942393124103546,0.016638558357954025,1.3125649690628052,0.0
5227.639941626673,-105.33529832188344,408.335263554427,100.0,56,5600,False,3074400,30744,549,ae3b9b3532214bc3bad13e7ea9518ddf,2020-03-20_22-52-08,1584744728,10.426368713378906,5653.684657335281,23993,eclipse,137.195.211.213,5653.684657335281,3074400,549,28,2ed37c9e,0.29,0.0,1.0,11.162826771451513,0.989476181161081,1.485406795007578,3021696,3074400,3040.591,5.756,7314.363,16.742,1.5187499523162842,4.999999873689376e-05,198408.109375,-0.034905195236206055,198408.140625,0.2741719186306,0.014781605452299118,1.2525969743728638,0.0
5227.639941626673,-162.7579939270393,347.6345355087995,100.0,56,5600,False,3080000,30800,550,ae3b9b3532214bc3bad13e7ea9518ddf,2020-03-20_22-52-18,1584744738,10.368675708770752,5664.053333044052,23993,eclipse,137.195.211.213,5664.053333044052,3080000,550,28,2ed37c9e,0.26,0.0,1.0,11.163437395742823,0.9894608818655829,1.4853750735197064,3027200,3080000,3042.041,5.735,7303.647,16.696,1.5187499523162842,4.999999873689376e-05,175061.28125,-0.032290343195199966,175061.296875,0.29801589250564575,0.015033367089927197,1.2566449642181396,0.0
4641.5830478132575,-162.7579939270393,333.1865172092044,100.0,56,5600,False,3085600,30856,551,ae3b9b3532214bc3bad13e7ea9518ddf,2020-03-20_22-52-29,1584744749,10.542196989059448,5674.595530033112,23993,eclipse,137.195.211.213,5674.595530033112,3085600,551,28,2ed37c9e,0.27,0.0,1.0,11.16395540202494,0.9894597107362328,1.4853506652366784,3032704,3085600,3040.593,5.838,7306.814,16.259,1.5187499523162842,4.999999873689376e-05,170438.421875,-0.031528789550065994,170438.4375,0.3004217743873596,0.013797822408378124,1.1166783571243286,0.0
4641.5830478132575,-549.3819623442231,284.7544013416242,100.0,56,5600,False,3091200,30912,552,ae3b9b3532214bc3bad13e7ea9518ddf,2020-03-20_22-52-39,1584744759,10.303594827651978,5684.899124860764,23993,eclipse,137.195.211.213,5684.899124860764,3091200,552,28,2ed37c9e,0.26,0.0,1.0,11.164184959425722,0.9894527991400125,1.4852877576427657,3038208,3091200,3033.811,6.022,7300.925,17.161,1.5187499523162842,4.999999873689376e-05,93156.2578125,-0.03758958727121353,93156.2734375,0.3137788772583008,0.012022384442389011,1.6551792621612549,0.0
3552.365220898015,-607.9259489965171,228.20477498286354,100.0,56,5600,False,3096800,30968,553,ae3b9b3532214bc3bad13e7ea9518ddf,2020-03-20_22-52-49,1584744769,10.456672191619873,5695.355797052383,23993,eclipse,137.195.211.213,5695.355797052383,3096800,553,28,2ed37c9e,0.22,0.0,1.0,11.164340885976308,0.989436293048067,1.4852325923543317,3043712,3096800,3036.993,5.999,7303.621,16.442,1.5187499523162842,4.999999873689376e-05,103704.78125,-0.029057133942842484,103704.7890625,0.29227590560913086,0.014787103049457073,1.3209643363952637,0.0
3552.365220898015,-607.9259489965171,189.66797181106878,100.0,56,5600,False,3102400,31024,554,ae3b9b3532214bc3bad13e7ea9518ddf,2020-03-20_22-53-00,1584744780,10.437313795089722,5705.793110847473,23993,eclipse,137.195.211.213,5705.793110847473,3102400,554,28,2ed37c9e,0.22,0.0,1.0,11.164525148884705,0.9894239735164463,1.4851899443148602,3049216,3102400,3024.954,6.193,7306.432,16.871,1.5187499523162842,4.999999873689376e-05,60265.2734375,-0.02295960672199726,60265.2734375,0.3629430830478668,0.015993664041161537,1.3896034955978394,0.0
2410.0844223324725,-372.5460896180025,304.0411834270338,100.0,56,5600,False,3108000,31080,555,ae3b9b3532214bc3bad13e7ea9518ddf,2020-03-20_22-53-10,1584744790,10.113972425460815,5715.907083272934,23993,eclipse,137.195.211.213,5715.907083272934,3108000,555,28,2ed37c9e,0.34,0.0,1.0,11.164658436757746,0.9894157530717629,1.485143000705541,3054720,3108000,3015.314,6.278,7280.575,17.269,1.5187499523162842,4.999999873689376e-05,88691.25,-0.03172031790018082,88691.2421875,0.42104873061180115,0.01420657429844141,1.445560336112976,0.0
2410.0844223324725,-554.4113923798982,283.201855584991,100.0,56,5600,False,3113600,31136,556,ae3b9b3532214bc3bad13e7ea9518ddf,2020-03-20_22-53-20,1584744800,10.212357521057129,5726.119440793991,23993,eclipse,137.195.211.213,5726.119440793991,3113600,556,28,2ed37c9e,0.3,0.0,1.0,11.165242207630211,0.9894175217480624,1.4851688302971402,3060224,3113600,3035.951,6.34,7243.983,17.191,1.5187499523162842,4.999999873689376e-05,62487.51171875,-0.02560952678322792,62487.51171875,0.3591340184211731,0.01439205463975668,1.4396616220474243,0.0
2637.5545664815404,-554.4113923798982,274.66728660723777,100.0,56,5600,False,3119200,31192,557,ae3b9b3532214bc3bad13e7ea9518ddf,2020-03-20_22-53-31,1584744811,10.25269103050232,5736.372131824493,23993,eclipse,137.195.211.213,5736.372131824493,3119200,557,28,2ed37c9e,0.25,0.0,1.0,11.16658539865782,0.9894609187759594,1.4853635486041474,3065728,3119200,3057.708,6.488,7201.377,17.611,1.5187499523162842,4.999999873689376e-05,132450.09375,-0.035167280584573746,132450.109375,0.2697111666202545,0.012629675678908825,0.9861965775489807,0.0
2800.716798078801,-447.3151047780786,405.83891233043374,100.0,56,5600,False,3124800,31248,558,ae3b9b3532214bc3bad13e7ea9518ddf,2020-03-20_22-53-41,1584744821,10.654102802276611,5747.02623462677,23993,eclipse,137.195.211.213,5747.02623462677,3124800,558,28,2ed37c9e,0.38,0.0,1.0,11.168889772411253,0.9895830978037111,1.4857681901405442,3071232,3124800,3114.073,6.698,7168.431,17.422,1.5187499523162842,4.999999873689376e-05,121293.671875,-0.028046119958162308,121293.671875,0.4207592010498047,0.018026771023869514,1.002260684967041,0.0
3202.580879406124,-33.48932095297568,295.3062648765081,100.0,56,5600,False,3130400,31304,559,ae3b9b3532214bc3bad13e7ea9518ddf,2020-03-20_22-53-52,1584744832,10.40209698677063,5757.428331613541,23993,eclipse,137.195.211.213,5757.428331613541,3130400,559,28,2ed37c9e,0.34,0.0,1.0,11.170399348561581,0.9896691284780801,1.4860667105407401,3076736,3130400,3126.032,6.727,7153.896,18.096,1.5187499523162842,4.999999873689376e-05,72744.0546875,-0.032253921031951904,72744.078125,0.35062748193740845,0.010821099393069744,1.7270630598068237,0.0
3202.580879406124,-514.352510950154,199.1393614540383,100.0,56,5600,False,3136000,31360,560,ae3b9b3532214bc3bad13e7ea9518ddf,2020-03-20_22-54-02,1584744842,10.407802104949951,5767.836133718491,23993,eclipse,137.195.211.213,5767.836133718491,3136000,560,28,2ed37c9e,0.24,0.0,1.0,11.170934058738448,0.9896695093933511,1.4860675637178988,3082240,3136000,3126.957,6.891,7159.842,18.375,1.5187499523162842,4.999999873689376e-05,61322.75390625,-0.032354336231946945,61322.765625,0.3166620135307312,0.01702319271862507,1.0147318840026855,0.0
2099.024862625192,-36.13878324542713,293.1616296345074,100.0,56,5600,False,3141600,31416,561,ae3b9b3532214bc3bad13e7ea9518ddf,2020-03-20_22-54-13,1584744853,10.384771823883057,5778.220905542374,23993,eclipse,137.195.211.213,5778.220905542374,3141600,561,28,2ed37c9e,0.34,0.0,1.0,11.171644304563488,0.9896477202642919,1.4859904369194776,3087744,3141600,3118.631,6.832,7151.935,17.923,1.5187499523162842,4.999999873689376e-05,72841.046875,-0.03491812199354172,72841.0546875,0.3538941442966461,0.016509387642145157,0.9373697638511658,0.0
2877.7666835755153,-36.2196164251236,280.47583888514345,100.0,56,5600,False,3147200,31472,562,ae3b9b3532214bc3bad13e7ea9518ddf,2020-03-20_22-54-23,1584744863,10.431552648544312,5788.652458190918,23993,eclipse,137.195.211.213,5788.652458190918,3147200,562,28,2ed37c9e,0.28,0.0,1.0,11.172065097725492,0.9896555209595005,1.4859435091058497,3093248,3147200,3123.582,6.756,7159.776,17.887,1.5187499523162842,4.999999873689376e-05,114786.1640625,-0.03486365079879761,114786.1640625,0.29147791862487793,0.012067940086126328,1.2108302116394043,0.0
2196.3369684891727,-36.2196164251236,265.0398887429893,100.0,56,5600,False,3152800,31528,563,ae3b9b3532214bc3bad13e7ea9518ddf,2020-03-20_22-54-34,1584744874,10.50697922706604,5799.159437417984,23993,eclipse,137.195.211.213,5799.159437417984,3152800,563,28,2ed37c9e,0.25,0.0,1.0,11.172344549918959,0.9896228455708086,1.4858877251945068,3098752,3152800,3127.298,7.058,7160.251,17.616,1.5187499523162842,4.999999873689376e-05,64679.47265625,-0.032841600477695465,64679.4765625,0.3984225392341614,0.012213111855089664,1.0835455656051636,0.0
2196.3369684891727,-33.36379102168475,235.86117038645924,100.0,56,5600,False,3158400,31584,564,ae3b9b3532214bc3bad13e7ea9518ddf,2020-03-20_22-54-44,1584744884,10.440674304962158,5809.600111722946,23993,eclipse,137.195.211.213,5809.600111722946,3158400,564,28,2ed37c9e,0.24,0.0,1.0,11.172670239036496,0.989604967855053,1.4858175107805889,3104256,3158400,3134.778,7.216,7152.769,17.407,1.5187499523162842,4.999999873689376e-05,65805.171875,-0.033255137503147125,65805.1875,0.3151503801345825,0.015589103102684021,1.4090046882629395,0.0
3333.8951952522852,-33.36379102168475,237.77489115183843,100.0,56,5600,False,3164000,31640,565,ae3b9b3532214bc3bad13e7ea9518ddf,2020-03-20_22-54-55,1584744895,10.417707920074463,5820.017819643021,23993,eclipse,137.195.211.213,5820.017819643021,3164000,565,28,2ed37c9e,0.24,0.0,1.0,11.172775999573025,0.9895938471136771,1.4857357495270036,3109760,3164000,3138.742,7.21,7178.552,17.178,1.5187499523162842,4.999999873689376e-05,105539.875,-0.03347458317875862,105539.8984375,0.26527634263038635,0.011772320605814457,1.2483067512512207,0.0
4314.164578982849,-99.64096113677658,291.27856970770347,100.0,56,5600,False,3169600,31696,566,ae3b9b3532214bc3bad13e7ea9518ddf,2020-03-20_22-55-05,1584744905,10.450135231018066,5830.467954874039,23993,eclipse,137.195.211.213,5830.467954874039,3169600,566,28,2ed37c9e,0.21,0.0,1.0,11.172968478496069,0.9895646394269312,1.485650717124737,3115264,3169600,3120.522,7.206,7220.354,16.872,1.5187499523162842,4.999999873689376e-05,211973.015625,-0.030875954777002335,211973.046875,0.2843335270881653,0.01278145331889391,1.3891749382019043,0.0
4314.164578982849,-105.1901376128802,227.37905349462818,100.0,56,5600,False,3175200,31752,567,ae3b9b3532214bc3bad13e7ea9518ddf,2020-03-20_22-55-16,1584744916,10.497044324874878,5840.964999198914,23993,eclipse,137.195.211.213,5840.964999198914,3175200,567,28,2ed37c9e,0.16,0.0,1.0,11.173226587661672,0.9895338866320403,1.4855746553539353,3120768,3175200,3107.362,7.166,7261.443,16.113,1.5187499523162842,4.999999873689376e-05,80407.7421875,-0.024456961080431938,80407.734375,0.29146188497543335,0.013536673970520496,1.2559574842453003,0.0
3077.300957602327,-105.1901376128802,272.92671960909365,100.0,56,5600,False,3180800,31808,568,ae3b9b3532214bc3bad13e7ea9518ddf,2020-03-20_22-55-26,1584744926,10.423554420471191,5851.388553619385,23993,eclipse,137.195.211.213,5851.388553619385,3180800,568,28,2ed37c9e,0.25,0.0,1.0,11.173399251414507,0.9895171647540922,1.485531251081862,3126272,3180800,3048.686,7.048,7295.938,16.331,1.5187499523162842,4.999999873689376e-05,126348.171875,-0.03628331422805786,126348.1953125,0.351836234331131,0.01318332739174366,1.2599399089813232,0.0
2870.120836298185,-32.96064048343222,272.8556775012422,100.0,56,5600,False,3186400,31864,569,ae3b9b3532214bc3bad13e7ea9518ddf,2020-03-20_22-55-36,1584744936,10.365931272506714,5861.7544848918915,23993,eclipse,137.195.211.213,5861.7544848918915,3186400,569,28,2ed37c9e,0.32,0.0,1.0,11.173568589961155,0.9895065322307945,1.4854834564168993,3131776,3186400,3029.734,7.203,7309.938,17.092,1.5187499523162842,4.999999873689376e-05,65391.6796875,-0.03856451436877251,65391.703125,0.31446436047554016,0.013718899339437485,1.4444648027420044,0.0
2002.1831175442892,-32.96064048343222,235.53562333880083,100.0,56,5600,False,3192000,31920,570,ae3b9b3532214bc3bad13e7ea9518ddf,2020-03-20_22-55-47,1584744947,10.421699523925781,5872.176184415817,23993,eclipse,137.195.211.213,5872.176184415817,3192000,570,28,2ed37c9e,0.27,0.0,1.0,11.173778149713904,0.9895084459325085,1.4854397256831744,3137280,3192000,3028.508,7.145,7309.172,17.168,1.5187499523162842,4.999999873689376e-05,66439.9296875,-0.028489647433161736,66439.9453125,0.28955280780792236,0.012589461170136929,1.3743541240692139,0.0
2427.9659872505244,-572.250348556575,317.76896992823765,100.0,56,5600,False,3197600,31976,571,ae3b9b3532214bc3bad13e7ea9518ddf,2020-03-20_22-55-58,1584744958,10.523213386535645,5882.699397802353,23993,eclipse,137.195.211.213,5882.699397802353,3197600,571,28,2ed37c9e,0.35,0.0,1.0,11.17433300663506,0.9894974338819377,1.4853906708098692,3142784,3197600,3039.437,7.155,7311.57,18.426,1.5187499523162842,4.999999873689376e-05,121924.140625,-0.034867770969867706,121924.1640625,0.33935341238975525,0.014992044307291508,0.8163408637046814,0.0
2427.9659872505244,-572.250348556575,367.98771948516986,100.0,56,5600,False,3203200,32032,572,ae3b9b3532214bc3bad13e7ea9518ddf,2020-03-20_22-56-08,1584744968,10.412870168685913,5893.112267971039,23993,eclipse,137.195.211.213,5893.112267971039,3203200,572,28,2ed37c9e,0.37,0.0,1.0,11.174958509079467,0.9894909886650821,1.4853257403459752,3148288,3203200,3035.072,7.244,7312.655,18.367,1.5187499523162842,4.999999873689376e-05,102584.828125,-0.03640297055244446,102584.8515625,0.3373483717441559,0.013706939294934273,0.9697290658950806,0.0
4557.555365053263,-204.32027203140865,277.1882373884197,100.0,56,5600,False,3208800,32088,573,ae3b9b3532214bc3bad13e7ea9518ddf,2020-03-20_22-56-18,1584744978,10.39819073677063,5903.510458707809,23993,eclipse,137.195.211.213,5903.510458707809,3208800,573,28,2ed37c9e,0.3,0.0,1.0,11.175448146747314,0.9894578097659632,1.4852642906830207,3153792,3208800,3027.272,7.045,7308.85,19.007,1.5187499523162842,4.999999873689376e-05,156311.484375,-0.03112819790840149,156311.5,0.25894108414649963,0.014652234502136707,1.202481985092163,0.0
4557.555365053263,-204.32027203140865,269.2973228441654,100.0,56,5600,False,3214400,32144,574,ae3b9b3532214bc3bad13e7ea9518ddf,2020-03-20_22-56-29,1584744989,10.380613327026367,5913.891072034836,23993,eclipse,137.195.211.213,5913.891072034836,3214400,574,28,2ed37c9e,0.25,0.0,1.0,11.17601992122542,0.9894424514822301,1.4852102641799036,3159296,3214400,3024.464,6.963,7309.524,18.747,1.5187499523162842,4.999999873689376e-05,78091.484375,-0.030230732634663582,78091.5,0.29125702381134033,0.014417951926589012,0.7447295188903809,0.0
3765.716485017578,-375.54902203731956,275.2094218528807,100.0,56,5600,False,3220000,32200,575,ae3b9b3532214bc3bad13e7ea9518ddf,2020-03-20_22-56-39,1584744999,10.420975923538208,5924.312047958374,23993,eclipse,137.195.211.213,5924.312047958374,3220000,575,28,2ed37c9e,0.22,0.0,1.0,11.176538688815727,0.9894405629020124,1.4851469002601148,3164800,3220000,3027.274,7.069,7307.86,18.59,1.5187499523162842,4.999999873689376e-05,178052.578125,-0.034192584455013275,178052.578125,0.3108540177345276,0.015068361535668373,1.3348439931869507,0.0
3765.716485017578,-375.54902203731956,236.02893964127418,100.0,56,5600,False,3225600,32256,576,ae3b9b3532214bc3bad13e7ea9518ddf,2020-03-20_22-56-50,1584745010,10.404608964920044,5934.716656923294,23993,eclipse,137.195.211.213,5934.716656923294,3225600,576,28,2ed37c9e,0.22,0.0,1.0,11.176691923263839,0.9894469643643111,1.4850881391113346,3170304,3225600,3024.48,6.924,7305.039,19.255,1.5187499523162842,4.999999873689376e-05,35105.34765625,-0.029138967394828796,35105.359375,0.30232855677604675,0.013610700145363808,1.3002967834472656,0.0
2777.528410205944,-34.128495296879386,333.12727956238547,100.0,56,5600,False,3231200,32312,577,ae3b9b3532214bc3bad13e7ea9518ddf,2020-03-20_22-57-00,1584745020,10.510441780090332,5945.227098703384,23993,eclipse,137.195.211.213,5945.227098703384,3231200,577,28,2ed37c9e,0.32,0.0,1.0,11.17706475609211,0.9894340020991063,1.4850329593650935,3175808,3231200,3020.739,7.053,7308.349,20.519,1.5187499523162842,4.999999873689376e-05,185691.265625,-0.028648925945162773,185691.265625,0.34358417987823486,0.014110767282545567,1.0062801837921143,0.0
4587.359541833603,-35.051220469451046,463.5558574333299,100.0,56,5600,False,3236800,32368,578,ae3b9b3532214bc3bad13e7ea9518ddf,2020-03-20_22-57-11,1584745031,10.348429679870605,5955.575528383255,23993,eclipse,137.195.211.213,5955.575528383255,3236800,578,28,2ed37c9e,0.35,0.0,1.0,11.177622911633794,0.9894190382498286,1.4849794351699979,3181312,3236800,3026.001,7.123,7297.341,20.347,1.5187499523162842,4.999999873689376e-05,199814.609375,-0.024155283346772194,199814.578125,0.2742270827293396,0.014282972551882267,1.0499401092529297,0.0
4587.359541833603,-39.61894568555574,466.36014709355135,100.0,56,5600,False,3242400,32424,579,ae3b9b3532214bc3bad13e7ea9518ddf,2020-03-20_22-57-21,1584745041,10.513113260269165,5966.088641643524,23993,eclipse,137.195.211.213,5966.088641643524,3242400,579,28,2ed37c9e,0.29,0.0,1.0,11.178027742553857,0.9894089233367792,1.4849244269232331,3186816,3242400,3035.098,7.105,7301.594,20.115,1.5187499523162842,4.999999873689376e-05,285189.3125,-0.031615614891052246,285189.3125,0.2867078483104706,0.014823623932898045,1.2697665691375732,0.0
4197.14732884386,-39.61894568555574,385.3852395239865,100.0,56,5600,False,3248000,32480,580,ae3b9b3532214bc3bad13e7ea9518ddf,2020-03-20_22-57-32,1584745052,10.447705507278442,5976.536347150803,23993,eclipse,137.195.211.213,5976.536347150803,3248000,580,28,2ed37c9e,0.32,0.0,1.0,11.178304554557648,0.9893958165953249,1.4848700545368683,3192320,3248000,3033.984,6.832,7307.85,20.722,1.5187499523162842,4.999999873689376e-05,160579.1875,-0.037398308515548706,160579.203125,0.31480610370635986,0.012212871573865414,1.1862660646438599,0.0
3433.6076248372783,-156.64290841878687,319.2661545835814,100.0,56,5600,False,3253600,32536,581,ae3b9b3532214bc3bad13e7ea9518ddf,2020-03-20_22-57-42,1584745062,10.479873657226562,5987.016220808029,23993,eclipse,137.195.211.213,5987.016220808029,3253600,581,28,2ed37c9e,0.28,0.0,1.0,11.178553977668262,0.9893683944002598,1.4848054758189426,3197824,3253600,3019.679,6.884,7315.549,20.187,1.5187499523162842,4.999999873689376e-05,117270.125,-0.027785181999206543,117270.125,0.3171386420726776,0.014809985645115376,1.0770068168640137,0.0
3754.3927601658766,-156.64290841878687,348.8551572593928,100.0,56,5600,False,3259200,32592,582,ae3b9b3532214bc3bad13e7ea9518ddf,2020-03-20_22-57-53,1584745073,10.337418556213379,5997.353639364243,23993,eclipse,137.195.211.213,5997.353639364243,3259200,582,28,2ed37c9e,0.27,0.0,1.0,11.178787131944881,0.989350457511346,1.484736758760963,3203328,3259200,3017.383,6.771,7311.237,20.364,1.5187499523162842,4.999999873689376e-05,226285.15625,-0.03795720636844635,226285.1875,0.2920244336128235,0.011560329236090183,1.317249059677124,0.0
3754.3927601658766,-31.352480834046283,391.9479849437069,100.0,56,5600,False,3264800,32648,583,ae3b9b3532214bc3bad13e7ea9518ddf,2020-03-20_22-58-03,1584745083,10.372987985610962,6007.7266273498535,23993,eclipse,137.195.211.213,6007.7266273498535,3264800,583,28,2ed37c9e,0.36,0.0,1.0,11.17897175879488,0.989355179267601,1.4846812823587348,3208832,3264800,3016.214,6.652,7310.068,20.549,1.5187499523162842,4.999999873689376e-05,69877.015625,-0.03245671093463898,69877.015625,0.32140815258026123,0.015117725357413292,1.1615357398986816,0.0
2542.668959481892,-33.348414516679796,222.28742435533562,100.0,56,5600,False,3270400,32704,584,ae3b9b3532214bc3bad13e7ea9518ddf,2020-03-20_22-58-13,1584745093,10.053880453109741,6017.780507802963,23993,eclipse,137.195.211.213,6017.780507802963,3270400,584,28,2ed37c9e,0.26,0.0,1.0,11.179437450913044,0.9893704337075917,1.4846483499048213,3214336,3270400,3023.394,6.414,7268.602,21.483,1.5187499523162842,4.999999873689376e-05,65646.8515625,-0.03637104853987694,65646.8671875,0.36525803804397583,0.012382595799863338,1.0251734256744385,0.0
3985.0212291882376,-32.509974530363834,361.87075562428953,100.0,56,5600,False,3276000,32760,585,ae3b9b3532214bc3bad13e7ea9518ddf,2020-03-20_22-58-24,1584745104,10.287964344024658,6028.068472146988,23993,eclipse,137.195.211.213,6028.068472146988,3276000,585,28,2ed37c9e,0.33,0.0,1.0,11.180445670302003,0.9893621534537993,1.4847421389038933,3219840,3276000,3049.583,6.151,7230.255,20.923,1.5187499523162842,4.999999873689376e-05,175472.109375,-0.03164929896593094,175472.15625,0.3112665116786957,0.01329205371439457,0.9132333993911743,0.0
3985.0212291882376,-35.39950300170136,432.6111217236632,100.0,56,5600,False,3281600,32816,586,ae3b9b3532214bc3bad13e7ea9518ddf,2020-03-20_22-58-34,1584745114,10.180682182312012,6038.2491543293,23993,eclipse,137.195.211.213,6038.2491543293,3281600,586,28,2ed37c9e,0.37,0.0,1.0,11.181175372172246,0.989375292497258,1.4848310778588698,3225344,3281600,3055.009,6.367,7203.779,19.838,1.5187499523162842,4.999999873689376e-05,181622.3125,-0.03366976976394653,181622.328125,0.32067087292671204,0.013668527826666832,1.269081950187683,0.0
3306.0696420933673,-35.39950300170136,423.7790360972684,100.0,56,5600,False,3287200,32872,587,ae3b9b3532214bc3bad13e7ea9518ddf,2020-03-20_22-58-44,1584745124,10.426553964614868,6048.675708293915,23993,eclipse,137.195.211.213,6048.675708293915,3287200,587,28,2ed37c9e,0.34,0.0,1.0,11.182089619567714,0.9893997332763186,1.484888309024422,3230848,3287200,3092.928,6.236,7158.622,19.445,1.5187499523162842,4.999999873689376e-05,152839.53125,-0.030958442017436028,152839.53125,0.30019378662109375,0.01597677916288376,0.7523894309997559,0.0
3306.0696420933673,-549.7086555965482,395.8018102779684,100.0,56,5600,False,3292800,32928,588,ae3b9b3532214bc3bad13e7ea9518ddf,2020-03-20_22-58-55,1584745135,10.832633256912231,6059.508341550827,23993,eclipse,137.195.211.213,6059.508341550827,3292800,588,28,2ed37c9e,0.38,0.0,1.0,11.18358582517797,0.9894519074310345,1.4849761062776314,3236352,3292800,3126.05,6.184,7172.767,19.471,1.5187499523162842,4.999999873689376e-05,137694.109375,-0.03423893451690674,137694.109375,0.25688523054122925,0.01473355945199728,0.6514862775802612,0.0
2332.3740518446957,-549.7086555965482,337.263268985568,100.0,56,5600,False,3298400,32984,589,ae3b9b3532214bc3bad13e7ea9518ddf,2020-03-20_22-59-06,1584745146,10.4620840549469,6069.970425605774,23993,eclipse,137.195.211.213,6069.970425605774,3298400,589,28,2ed37c9e,0.35,0.0,1.0,11.184826885217886,0.9894818519400838,1.485005309383216,3241856,3298400,3122.727,5.896,7172.539,18.677,1.5187499523162842,4.999999873689376e-05,112824.5,-0.033152464777231216,112824.5078125,0.3616718053817749,0.01297811046242714,0.9196973443031311,0.0
4758.212163925655,-29.300108271416004,431.4649437664055,100.0,56,5600,False,3304000,33040,590,ae3b9b3532214bc3bad13e7ea9518ddf,2020-03-20_22-59-16,1584745156,10.551831245422363,6080.522256851196,23993,eclipse,137.195.211.213,6080.522256851196,3304000,590,28,2ed37c9e,0.42,0.0,1.0,11.185610498632746,0.9894795061459638,1.484915630228477,3247360,3304000,3136.534,6.07,7169.727,17.641,1.5187499523162842,4.999999873689376e-05,175508.328125,-0.025954557582736015,175508.296875,0.3223203122615814,0.02157404273748398,0.5364869832992554,0.0
4758.212163925655,-34.52848883689157,413.7618815200773,100.0,56,5600,False,3309600,33096,591,ae3b9b3532214bc3bad13e7ea9518ddf,2020-03-20_22-59-27,1584745167,10.51441502571106,6091.036671876907,23993,eclipse,137.195.211.213,6091.036671876907,3309600,591,28,2ed37c9e,0.38,0.0,1.0,11.186286096784775,0.9894720406169345,1.484841258930411,3252864,3309600,3148.002,6.01,7162.309,17.469,2.278125047683716,4.999999873689376e-05,166230.109375,-0.033688344061374664,166230.109375,0.3188903331756592,0.012957831844687462,0.9033363461494446,0.0
3096.111648020605,-34.52848883689157,274.47289946587296,100.0,56,5600,False,3315200,33152,592,ae3b9b3532214bc3bad13e7ea9518ddf,2020-03-20_22-59-37,1584745177,10.31688141822815,6101.3535532951355,23993,eclipse,137.195.211.213,6101.3535532951355,3315200,592,28,2ed37c9e,0.26,0.0,1.0,11.186824548444404,0.9894705221159035,1.4847820595632226,3258368,3315200,3149.801,6.078,7158.004,16.981,2.278125047683716,4.999999873689376e-05,42892.1953125,-0.026619378477334976,42892.1953125,0.38099542260169983,0.011702369898557663,1.2253482341766357,0.0
2763.3105655454356,-280.39499107770285,306.1738601517678,100.0,56,5600,False,3320800,33208,593,ae3b9b3532214bc3bad13e7ea9518ddf,2020-03-20_22-59-48,1584745188,10.350849390029907,6111.704402685165,23993,eclipse,137.195.211.213,6111.704402685165,3320800,593,28,2ed37c9e,0.3,0.0,1.0,11.187270795860018,0.9894792752775966,1.4847248105528577,3263872,3320800,3150.992,6.082,7155.439,16.378,2.278125047683716,4.999999873689376e-05,156627.0625,-0.025762079283595085,156627.0625,0.34835493564605713,0.01069372333586216,0.9107805490493774,0.0
2763.3105655454356,-280.39499107770285,301.143193096241,100.0,56,5600,False,3326400,33264,594,ae3b9b3532214bc3bad13e7ea9518ddf,2020-03-20_22-59-58,1584745198,10.423064947128296,6122.127467632294,23993,eclipse,137.195.211.213,6122.127467632294,3326400,594,28,2ed37c9e,0.32,0.0,1.0,11.187656595493769,0.9894847409007452,1.4846766212350218,3269376,3326400,3148.762,6.338,7196.823,15.175,2.278125047683716,4.999999873689376e-05,66262.59375,-0.03148879110813141,66262.6015625,0.30987608432769775,0.009391391649842262,1.0787925720214844,0.0
3291.11292205808,-31.97796851194642,242.56232890513272,100.0,56,5600,False,3332000,33320,595,ae3b9b3532214bc3bad13e7ea9518ddf,2020-03-20_23-00-09,1584745209,10.481638431549072,6132.609106063843,23993,eclipse,137.195.211.213,6132.609106063843,3332000,595,28,2ed37c9e,0.27,0.0,1.0,11.188168725158025,0.9894556662524903,1.484597132669051,3274880,3332000,3130.942,6.665,7230.135,15.784,2.278125047683716,4.999999873689376e-05,105062.140625,-0.02650057151913643,105062.1640625,0.2591879367828369,0.008960164152085781,1.026991367340088,0.0
4295.538058443603,-61.17399327618764,376.14584258451686,100.0,56,5600,False,3337600,33376,596,ae3b9b3532214bc3bad13e7ea9518ddf,2020-03-20_23-00-19,1584745219,10.412770509719849,6143.021876573563,23993,eclipse,137.195.211.213,6143.021876573563,3337600,596,28,2ed37c9e,0.37,0.0,1.0,11.188542716973465,0.9894149984578381,1.4845081292582103,3280384,3337600,3131.254,6.554,7253.077,16.56,2.278125047683716,4.999999873689376e-05,207453.84375,-0.033394332975149155,207453.84375,0.3239702880382538,0.011521276086568832,0.9617336392402649,0.0
4312.216597010594,-61.17399327618764,269.820400946107,100.0,56,5600,False,3343200,33432,597,ae3b9b3532214bc3bad13e7ea9518ddf,2020-03-20_23-00-29,1584745229,10.41050100326538,6153.432377576828,23993,eclipse,137.195.211.213,6153.432377576828,3343200,597,28,2ed37c9e,0.3,0.0,1.0,11.188805394555468,0.9893866822722228,1.4844417857605905,3285888,3343200,3088.673,6.557,7293.407,16.258,2.278125047683716,4.999999873689376e-05,103828.6953125,-0.0336458757519722,103828.7109375,0.284750372171402,0.009319937787950039,1.4478696584701538,0.0
4312.216597010594,-34.13517166465679,234.78465775054505,100.0,56,5600,False,3348800,33488,598,ae3b9b3532214bc3bad13e7ea9518ddf,2020-03-20_23-00-40,1584745240,10.3008553981781,6163.733232975006,23993,eclipse,137.195.211.213,6163.733232975006,3348800,598,28,2ed37c9e,0.22,0.0,1.0,11.189077986105353,0.989344430644068,1.4843782062980757,3291392,3348800,3050.357,6.427,7280.164,15.616,2.278125047683716,4.999999873689376e-05,108631.546875,-0.03281770646572113,108631.546875,0.2863117754459381,0.010493087582290173,1.3591464757919312,0.0
4308.806119759403,-30.818402565821216,289.326286098403,100.0,56,5600,False,3354400,33544,599,ae3b9b3532214bc3bad13e7ea9518ddf,2020-03-20_23-00-50,1584745250,10.487096071243286,6174.220329046249,23993,eclipse,137.195.211.213,6174.220329046249,3354400,599,28,2ed37c9e,0.25,0.0,1.0,11.189541447544585,0.9893303166884482,1.4843771375132309,3296896,3354400,3055.501,6.673,7277.956,15.832,2.278125047683716,4.999999873689376e-05,139670.59375,-0.02993781678378582,139670.59375,0.32257673144340515,0.011397058144211769,1.2467541694641113,0.0
4308.806119759403,-30.752412414293005,355.635210164198,100.0,56,5600,False,3360000,33600,600,ae3b9b3532214bc3bad13e7ea9518ddf,2020-03-20_23-01-01,1584745261,10.472476243972778,6184.692805290222,23993,eclipse,137.195.211.213,6184.692805290222,3360000,600,28,2ed37c9e,0.32,0.0,1.0,11.190172080154685,0.989337458814419,1.4843460167985285,3302400,3360000,3048.066,6.918,7277.834,15.54,2.278125047683716,4.999999873689376e-05,111483.0,-0.025508835911750793,111482.9921875,0.33723220229148865,0.00894248578697443,0.7892463803291321,0.0
3315.394956360996,-28.765128065077242,331.63505689993514,100.0,56,5600,False,3365600,33656,601,ae3b9b3532214bc3bad13e7ea9518ddf,2020-03-20_23-01-11,1584745271,10.50560975074768,6195.19841504097,23993,eclipse,137.195.211.213,6195.19841504097,3365600,601,28,2ed37c9e,0.33,0.0,1.0,11.190910474259045,0.9893248242453521,1.4842838679571833,3307904,3365600,3046.591,6.904,7279.277,16.007,2.278125047683716,4.999999873689376e-05,138000.859375,-0.03047899901866913,138000.875,0.3714357018470764,0.011051502078771591,0.8046713471412659,0.0
3323.541955237868,-166.65998856424207,332.5996084223313,100.0,56,5600,False,3371200,33712,602,ae3b9b3532214bc3bad13e7ea9518ddf,2020-03-20_23-01-22,1584745282,10.361469745635986,6205.559884786606,23993,eclipse,137.195.211.213,6205.559884786606,3371200,602,28,2ed37c9e,0.28,0.0,1.0,11.191322320257118,0.9893188794323972,1.4842271435879537,3313408,3371200,3051.275,6.591,7280.586,16.268,2.278125047683716,4.999999873689376e-05,109853.5546875,-0.03152367100119591,109853.578125,0.3157361149787903,0.009793495759367943,1.1694179773330688,0.0
2456.081930097098,-137.07013974119317,223.91594033423775,100.0,56,5600,False,3376800,33768,603,ae3b9b3532214bc3bad13e7ea9518ddf,2020-03-20_23-01-32,1584745292,10.494475841522217,6216.054360628128,23993,eclipse,137.195.211.213,6216.054360628128,3376800,603,28,2ed37c9e,0.21,0.0,1.0,11.19154914706201,0.9893018491861534,1.4841650276693885,3318912,3376800,3058.939,6.594,7287.813,16.212,2.278125047683716,4.999999873689376e-05,84257.2578125,-0.031307004392147064,84257.2734375,0.32679206132888794,0.009335941635072231,1.4902859926223755,0.0
3791.6427492917737,-137.07013974119317,282.07351161954324,100.0,56,5600,False,3382400,33824,604,ae3b9b3532214bc3bad13e7ea9518ddf,2020-03-20_23-01-43,1584745303,10.445089340209961,6226.499449968338,23993,eclipse,137.195.211.213,6226.499449968338,3382400,604,28,2ed37c9e,0.22,0.0,1.0,11.19179996371144,0.9892924624840441,1.4841020785154324,3324416,3382400,3054.029,6.413,7290.581,17.679,2.278125047683716,4.999999873689376e-05,134970.359375,-0.03023097664117813,134970.359375,0.34200039505958557,0.011255459859967232,1.0812880992889404,0.0
3791.6427492917737,-203.8903432255952,334.7618537711322,100.0,56,5600,False,3388000,33880,605,ae3b9b3532214bc3bad13e7ea9518ddf,2020-03-20_23-01-53,1584745313,10.367044925689697,6236.866494894028,23993,eclipse,137.195.211.213,6236.866494894028,3388000,605,28,2ed37c9e,0.3,0.0,1.0,11.192197778336453,0.9892901149643428,1.4840572341243836,3329920,3388000,3053.479,6.404,7282.229,18.085,2.278125047683716,4.999999873689376e-05,122087.53125,-0.03791634738445282,122087.53125,0.32529008388519287,0.011068234220147133,1.0463582277297974,0.0
2447.406368093628,-203.8903432255952,302.04987315029604,100.0,56,5600,False,3393600,33936,606,ae3b9b3532214bc3bad13e7ea9518ddf,2020-03-20_23-02-04,1584745324,10.544894218444824,6247.4113891124725,23993,eclipse,137.195.211.213,6247.4113891124725,3393600,606,28,2ed37c9e,0.37,0.0,1.0,11.192912597646561,0.9892765547853634,1.483995998448438,3335424,3393600,3069.166,6.302,7280.288,17.588,2.278125047683716,4.999999873689376e-05,100955.0,-0.032421525567770004,100955.0078125,0.2963016629219055,0.012075775302946568,0.7623027563095093,0.0
2435.8275742112633,-187.5369178468396,314.039871477543,100.0,56,5600,False,3399200,33992,607,ae3b9b3532214bc3bad13e7ea9518ddf,2020-03-20_23-02-14,1584745334,10.406482934951782,6257.817872047424,23993,eclipse,137.195.211.213,6257.817872047424,3399200,607,28,2ed37c9e,0.35,0.0,1.0,11.193423772953988,0.9892816388892406,1.4839223672239858,3340928,3399200,3078.365,6.34,7270.02,18.296,2.278125047683716,4.999999873689376e-05,98086.1171875,-0.025892335921525955,98086.125,0.39740055799484253,0.012367574498057365,1.0389231443405151,0.0
3188.9491535172965,-267.26578240942706,265.50578169949694,100.0,56,5600,False,3404800,34048,608,ae3b9b3532214bc3bad13e7ea9518ddf,2020-03-20_23-02-25,1584745345,10.410916090011597,6268.228788137436,23993,eclipse,137.195.211.213,6268.228788137436,3404800,608,28,2ed37c9e,0.25,0.0,1.0,11.193701463814536,0.9892990958323707,1.4838701139293533,3346432,3404800,3083.921,6.106,7274.838,19.463,2.278125047683716,4.999999873689376e-05,145095.84375,-0.02920101396739483,145095.859375,0.28566959500312805,0.00978069193661213,1.2435616254806519,0.0
3188.9491535172965,-267.26578240942706,217.92704990756144,100.0,56,5600,False,3410400,34104,609,ae3b9b3532214bc3bad13e7ea9518ddf,2020-03-20_23-02-35,1584745355,10.247671127319336,6278.476459264755,23993,eclipse,137.195.211.213,6278.476459264755,3410400,609,28,2ed37c9e,0.26,0.0,1.0,11.19388308624848,0.9892917215980064,1.483817762240559,3351936,3410400,3067.916,5.814,7268.189,19.836,2.278125047683716,4.999999873689376e-05,46155.87109375,-0.03350001573562622,46155.87890625,0.3397514820098877,0.009499851614236832,1.4768701791763306,0.0
2567.2527395268335,-528.6623580697807,224.99983329541305,100.0,56,5600,False,3416000,34160,610,ae3b9b3532214bc3bad13e7ea9518ddf,2020-03-20_23-02-45,1584745365,10.368152379989624,6288.844611644745,23993,eclipse,137.195.211.213,6288.844611644745,3416000,610,28,2ed37c9e,0.27,0.0,1.0,11.193808154195127,0.9892850278330733,1.483773939064465,3357440,3416000,3057.265,5.539,7267.352,20.627,2.278125047683716,4.999999873689376e-05,91554.8046875,-0.032145045697689056,91554.8125,0.33230727910995483,0.00891246646642685,1.8246064186096191,0.0
2903.152799008277,-528.6623580697807,267.9335807494836,100.0,56,5600,False,3421600,34216,611,ae3b9b3532214bc3bad13e7ea9518ddf,2020-03-20_23-02-56,1584745376,10.481439352035522,6299.32605099678,23993,eclipse,137.195.211.213,6299.32605099678,3421600,611,28,2ed37c9e,0.23,0.0,1.0,11.194173894133987,0.9892572579907504,1.4837162693060946,3362944,3421600,3058.212,5.512,7264.253,20.782,2.278125047683716,4.999999873689376e-05,110600.140625,-0.028526997193694115,110600.140625,0.33580243587493896,0.011335665360093117,0.9950756430625916,0.0
2903.152799008277,-31.104019535563147,281.24223751695644,100.0,56,5600,False,3427200,34272,612,ae3b9b3532214bc3bad13e7ea9518ddf,2020-03-20_23-03-06,1584745386,10.274702787399292,6309.60075378418,23993,eclipse,137.195.211.213,6309.60075378418,3427200,612,28,2ed37c9e,0.25,0.0,1.0,11.194481155958167,0.9892558749582043,1.4836873718733619,3368448,3427200,3053.674,5.739,7260.487,20.317,2.278125047683716,4.999999873689376e-05,81980.7734375,-0.034067053347826004,81980.78125,0.36248886585235596,0.00848704669624567,1.3476860523223877,0.0
2657.3991837747462,-34.73973938306035,276.18336334015254,100.0,56,5600,False,3432800,34328,613,ae3b9b3532214bc3bad13e7ea9518ddf,2020-03-20_23-03-17,1584745397,10.245104312896729,6319.845858097076,23993,eclipse,137.195.211.213,6319.845858097076,3432800,613,28,2ed37c9e,0.3,0.0,1.0,11.19516447483003,0.9892614796566217,1.483714037756434,3373952,3432800,3071.135,5.92,7217.169,21.326,2.278125047683716,4.999999873689376e-05,97434.03125,-0.03458160161972046,97434.046875,0.34463590383529663,0.01142345555126667,1.1146831512451172,0.0
3986.6417813315174,-44.95186554652396,325.3676506540143,100.0,56,5600,False,3438400,34384,614,ae3b9b3532214bc3bad13e7ea9518ddf,2020-03-20_23-03-27,1584745407,10.118847846984863,6329.964705944061,23993,eclipse,137.195.211.213,6329.964705944061,3438400,614,28,2ed37c9e,0.35,0.0,1.0,11.195904888558061,0.9892539590720013,1.4837682643545538,3379456,3438400,3086.054,6.071,7171.187,20.723,2.278125047683716,4.999999873689376e-05,171815.5625,-0.030825722962617874,171815.578125,0.3697064220905304,0.011387175880372524,1.3653876781463623,0.0
3986.6417813315174,-138.6368025564225,243.24372730723206,100.0,56,5600,False,3444000,34440,615,ae3b9b3532214bc3bad13e7ea9518ddf,2020-03-20_23-03-37,1584745417,10.26135516166687,6340.226061105728,23993,eclipse,137.195.211.213,6340.226061105728,3444000,615,28,2ed37c9e,0.23,0.0,1.0,11.196441187018081,0.9892503741508224,1.4838152001784815,3384960,3444000,3083.334,5.832,7164.018,19.856,2.278125047683716,4.999999873689376e-05,38637.41015625,-0.0325426310300827,38637.42578125,0.14342303574085236,0.007827733643352985,1.7252717018127441,0.0
4835.516217547045,-274.2518802353981,282.1076194130282,100.0,56,5600,False,3449600,34496,616,ae3b9b3532214bc3bad13e7ea9518ddf,2020-03-20_23-03-47,1584745427,9.929938554763794,6350.155999660492,23993,eclipse,137.195.211.213,6350.155999660492,3449600,616,28,2ed37c9e,0.23,0.0,1.0,11.196969253458521,0.9892526571005084,1.4838450084066954,3390464,3449600,3073.249,5.808,7112.362,20.351,2.278125047683716,4.999999873689376e-05,249096.703125,-0.031665969640016556,249096.671875,0.28511571884155273,0.0139358751475811,1.3538223505020142,0.0
6613.316755741145,-274.2518802353981,367.06326470257204,100.0,56,5600,False,3455200,34552,617,ae3b9b3532214bc3bad13e7ea9518ddf,2020-03-20_23-03-58,1584745438,10.939651250839233,6361.095650911331,23993,eclipse,137.195.211.213,6361.095650911331,3455200,617,28,2ed37c9e,0.25,0.0,1.0,11.198615353271418,0.9892978665789688,1.484181864492517,3395968,3455200,3126.671,5.704,7113.444,19.84,2.278125047683716,4.999999873689376e-05,234427.390625,-0.03084099479019642,234427.421875,0.22464194893836975,0.0086460430175066,1.1499122381210327,0.0
6613.316755741145,-204.36647457492424,319.6441893376524,100.0,56,5600,False,3460800,34608,618,ae3b9b3532214bc3bad13e7ea9518ddf,2020-03-20_23-04-08,1584745448,10.245623350143433,6371.341274261475,23993,eclipse,137.195.211.213,6371.341274261475,3460800,618,28,2ed37c9e,0.22,0.0,1.0,11.199826931928946,0.9893309803166153,1.4844101695237288,3401472,3460800,3114.429,6.061,7106.6,19.322,2.278125047683716,4.999999873689376e-05,190761.046875,-0.03429220989346504,190761.0625,0.2813933491706848,0.009769037365913391,1.3096381425857544,0.0
4212.36927342171,-159.31094220519086,415.45265297252206,100.0,56,5600,False,3466400,34664,619,ae3b9b3532214bc3bad13e7ea9518ddf,2020-03-20_23-04-19,1584745459,10.454757690429688,6381.796031951904,23993,eclipse,137.195.211.213,6381.796031951904,3466400,619,28,2ed37c9e,0.36,0.0,1.0,11.200225426585869,0.9893189255483077,1.4843740271926984,3406976,3466400,3132.058,6.407,7108.666,19.776,2.278125047683716,4.999999873689376e-05,213493.671875,-0.029852090403437614,213493.671875,0.297821581363678,0.011984309181571007,1.1360801458358765,0.0
4212.36927342171,-159.31094220519086,450.4779253957082,100.0,56,5600,False,3472000,34720,620,ae3b9b3532214bc3bad13e7ea9518ddf,2020-03-20_23-04-29,1584745469,10.45407247543335,6392.250104427338,23993,eclipse,137.195.211.213,6392.250104427338,3472000,620,28,2ed37c9e,0.38,0.0,1.0,11.200821252906904,0.9893102482900052,1.4843169657893283,3412480,3472000,3142.382,6.66,7106.876,19.347,2.278125047683716,4.999999873689376e-05,128181.5078125,-0.026201965287327766,128181.4921875,0.27999743819236755,0.01479324046522379,0.6510823965072632,0.0
3746.8307006237847,-90.53821445101013,224.5643479544282,100.0,56,5600,False,3477600,34776,621,ae3b9b3532214bc3bad13e7ea9518ddf,2020-03-20_23-04-40,1584745480,10.519656419754028,6402.769760847092,23993,eclipse,137.195.211.213,6402.769760847092,3477600,621,28,2ed37c9e,0.26,0.0,1.0,11.201346328944284,0.9892993172659007,1.484245493945565,3417984,3477600,3152.939,6.765,7101.01,18.395,2.278125047683716,4.999999873689376e-05,133142.15625,-0.030643446370959282,133142.1875,0.32864904403686523,0.009018519893288612,1.3053200244903564,0.0
3746.8307006237847,-515.8275990650751,280.2959870932062,100.0,56,5600,False,3483200,34832,622,ae3b9b3532214bc3bad13e7ea9518ddf,2020-03-20_23-04-50,1584745490,10.41206407546997,6413.181824922562,23993,eclipse,137.195.211.213,6413.181824922562,3483200,622,28,2ed37c9e,0.27,0.0,1.0,11.201831490578929,0.9892702690264511,1.4841880363584017,3423488,3483200,3161.601,6.708,7104.533,18.855,2.278125047683716,4.999999873689376e-05,94219.203125,-0.02664252184331417,94219.203125,0.33727821707725525,0.010061194188892841,1.3349485397338867,0.0
3532.115502184011,-515.8275990650751,314.2440607577149,100.0,56,5600,False,3488800,34888,623,ae3b9b3532214bc3bad13e7ea9518ddf,2020-03-20_23-05-01,1584745501,10.458274602890015,6423.640099525452,23993,eclipse,137.195.211.213,6423.640099525452,3488800,623,28,2ed37c9e,0.28,0.0,1.0,11.202135847025717,0.9892567571569075,1.4841272620562354,3428992,3488800,3143.635,6.422,7143.887,18.584,2.278125047683716,4.999999873689376e-05,151572.4375,-0.030394013971090317,151572.453125,0.3421271741390228,0.011266615241765976,1.5344024896621704,0.0
4741.978615761385,-157.72934478986164,337.01776778310045,100.0,56,5600,False,3494400,34944,624,ae3b9b3532214bc3bad13e7ea9518ddf,2020-03-20_23-05-11,1584745511,10.38077449798584,6434.0208740234375,23993,eclipse,137.195.211.213,6434.0208740234375,3494400,624,28,2ed37c9e,0.29,0.0,1.0,11.202413116327467,0.9892622048408413,1.4840634604449086,3434496,3494400,3127.723,6.322,7186.666,18.648,2.278125047683716,4.999999873689376e-05,181906.6875,-0.02475939318537712,181906.671875,0.3245430886745453,0.0112940464168787,1.3588694334030151,0.0
4741.978615761385,-34.46105053249306,390.87258680076224,100.0,56,5600,False,3500000,35000,625,ae3b9b3532214bc3bad13e7ea9518ddf,2020-03-20_23-05-22,1584745522,10.36775803565979,6444.388632059097,23993,eclipse,137.195.211.213,6444.388632059097,3500000,625,28,2ed37c9e,0.32,0.0,1.0,11.20284532956749,0.9892603800026956,1.484001705081481,3440000,3500000,3123.385,6.251,7199.344,19.304,2.278125047683716,4.999999873689376e-05,144861.078125,-0.031015930697321892,144861.078125,0.3509196937084198,0.0105349225923419,0.9460826516151428,0.0
3321.897588848722,-36.773428356589214,410.87846150907933,100.0,56,5600,False,3505600,35056,626,ae3b9b3532214bc3bad13e7ea9518ddf,2020-03-20_23-05-32,1584745532,10.374316692352295,6454.76294875145,23993,eclipse,137.195.211.213,6454.76294875145,3505600,626,28,2ed37c9e,0.36,0.0,1.0,11.203321728324802,0.9892650598631145,1.483932700307867,3445504,3505600,3119.61,6.279,7247.939,19.488,2.278125047683716,4.999999873689376e-05,149419.90625,-0.031049681827425957,149419.890625,0.29870322346687317,0.009006948210299015,0.8240559697151184,0.0
3531.630263454956,-36.773428356589214,369.9570942186061,100.0,56,5600,False,3511200,35112,627,ae3b9b3532214bc3bad13e7ea9518ddf,2020-03-20_23-05-43,1584745543,10.342512130737305,6465.105460882187,23993,eclipse,137.195.211.213,6465.105460882187,3511200,627,28,2ed37c9e,0.33,0.0,1.0,11.203829797706108,0.989261207996424,1.4838717256079716,3451008,3511200,3056.997,6.26,7250.18,19.614,2.278125047683716,4.999999873689376e-05,180145.609375,-0.031963445246219635,180145.625,0.28319522738456726,0.0108730997890234,1.200814962387085,0.0
3531.630263454956,-122.49594365461894,333.1844815176049,100.0,56,5600,False,3516800,35168,628,ae3b9b3532214bc3bad13e7ea9518ddf,2020-03-20_23-05-53,1584745553,10.485397338867188,6475.590858221054,23993,eclipse,137.195.211.213,6475.590858221054,3516800,628,28,2ed37c9e,0.29,0.0,1.0,11.204274868474856,0.9892468446924718,1.4838171745919317,3456512,3516800,3068.066,6.297,7265.29,19.684,2.278125047683716,4.999999873689376e-05,99524.765625,-0.030352648347616196,99524.7578125,0.3507772386074066,0.011794614605605602,1.055296540260315,0.0
3216.4671709340982,-122.49594365461894,403.50099076226746,100.0,56,5600,False,3522400,35224,629,ae3b9b3532214bc3bad13e7ea9518ddf,2020-03-20_23-06-04,1584745564,10.561886072158813,6486.152744293213,23993,eclipse,137.195.211.213,6486.152744293213,3522400,629,28,2ed37c9e,0.31,0.0,1.0,11.204784393083457,0.989225144442462,1.4837669020817637,3462016,3522400,3074.545,5.86,7267.307,19.63,2.278125047683716,4.999999873689376e-05,182752.75,-0.03279738873243332,182752.75,0.37815386056900024,0.01147338654845953,0.752291738986969,0.0
3216.4671709340982,-201.00481246278989,376.546448142467,100.0,56,5600,False,3528000,35280,630,ae3b9b3532214bc3bad13e7ea9518ddf,2020-03-20_23-06-14,1584745574,10.382868766784668,6496.535613059998,23993,eclipse,137.195.211.213,6496.535613059998,3528000,630,28,2ed37c9e,0.33,0.0,1.0,11.205077204612607,0.9892119956561447,1.48370830156254,3467520,3528000,3066.034,5.707,7268.029,19.844,2.278125047683716,4.999999873689376e-05,93408.40625,-0.03516627848148346,93408.40625,0.3427269458770752,0.010564339347183704,1.4868022203445435,0.0
3861.5789504365257,-201.00481246278989,308.5943770414051,100.0,56,5600,False,3533600,35336,631,ae3b9b3532214bc3bad13e7ea9518ddf,2020-03-20_23-06-25,1584745585,10.389472246170044,6506.925085306168,23993,eclipse,137.195.211.213,6506.925085306168,3533600,631,28,2ed37c9e,0.28,0.0,1.0,11.205318352894551,0.9892156520831356,1.4836616379951848,3473024,3533600,3050.391,5.575,7270.336,20.406,2.278125047683716,4.999999873689376e-05,140055.984375,-0.02918127551674843,140055.984375,0.34479478001594543,0.008992326445877552,1.0525370836257935,0.0
3861.5789504365257,-37.21747468913673,335.5632499148034,100.0,56,5600,False,3539200,35392,632,ae3b9b3532214bc3bad13e7ea9518ddf,2020-03-20_23-06-35,1584745595,10.422021389007568,6517.347106695175,23993,eclipse,137.195.211.213,6517.347106695175,3539200,632,28,2ed37c9e,0.34,0.0,1.0,11.205537344523515,0.9892071543019878,1.4836121458055995,3478528,3539200,3043.289,5.41,7278.441,19.645,2.278125047683716,4.999999873689376e-05,93319.8046875,-0.03317520394921303,93319.8046875,0.3688212037086487,0.01080499030649662,1.5022227764129639,0.0
3532.051982872762,-41.80606661827078,345.31434462819857,100.0,56,5600,False,3544800,35448,633,ae3b9b3532214bc3bad13e7ea9518ddf,2020-03-20_23-06-45,1584745605,10.463427782058716,6527.810534477234,23993,eclipse,137.195.211.213,6527.810534477234,3544800,633,28,2ed37c9e,0.35,0.0,1.0,11.205756109132171,0.9891899071760512,1.4835552742884248,3484032,3544800,3040.382,5.229,7282.682,19.038,2.278125047683716,4.999999873689376e-05,114918.09375,-0.026971731334924698,114918.09375,0.3074946403503418,0.010031496174633503,1.195906639099121,0.0
3532.051982872762,-119.08364849704033,285.3551617278474,100.0,56,5600,False,3550400,35504,634,ae3b9b3532214bc3bad13e7ea9518ddf,2020-03-20_23-06-56,1584745616,10.464751958847046,6538.275286436081,23993,eclipse,137.195.211.213,6538.275286436081,3550400,634,28,2ed37c9e,0.29,0.0,1.0,11.20608014999283,0.9891707621405598,1.4834986905427139,3489536,3550400,3048.151,5.37,7282.538,19.291,2.278125047683716,4.999999873689376e-05,73168.234375,-0.033115826547145844,73168.25,0.3479823172092438,0.00919173751026392,1.4303386211395264,0.0
3907.122203098918,-400.76141681621874,213.81687808678754,100.0,56,5600,False,3556000,35560,635,ae3b9b3532214bc3bad13e7ea9518ddf,2020-03-20_23-07-06,1584745626,10.408399820327759,6548.683686256409,23993,eclipse,137.195.211.213,6548.683686256409,3556000,635,28,2ed37c9e,0.17,0.0,1.0,11.206048206726244,0.9891560127728148,1.483439466318364,3495040,3556000,3045.807,5.45,7290.545,18.748,2.278125047683716,4.999999873689376e-05,129336.078125,-0.024662761017680168,129336.078125,0.2717994451522827,0.011225107125937939,1.8217377662658691,0.0
3184.1987175384083,-400.76141681621874,204.75526488517505,100.0,56,5600,False,3561600,35616,636,ae3b9b3532214bc3bad13e7ea9518ddf,2020-03-20_23-07-17,1584745637,10.395694494247437,6559.079380750656,23993,eclipse,137.195.211.213,6559.079380750656,3561600,636,28,2ed37c9e,0.21,0.0,1.0,11.206159498854404,0.9891285150353768,1.483385006037604,3500544,3561600,3040.043,5.53,7296.056,19.031,2.278125047683716,4.999999873689376e-05,60806.99609375,-0.03370538353919983,60807.0,0.3644009232521057,0.009665810503065586,1.278471827507019,0.0
3089.940309779305,-35.2975731023117,289.7945050637338,100.0,56,5600,False,3567200,35672,637,ae3b9b3532214bc3bad13e7ea9518ddf,2020-03-20_23-07-27,1584745647,10.463978290557861,6569.543359041214,23993,eclipse,137.195.211.213,6569.543359041214,3567200,637,28,2ed37c9e,0.3,0.0,1.0,11.206543791219696,0.9891145324300358,1.4833364047402484,3506048,3567200,3047.706,5.871,7300.451,19.015,2.278125047683716,4.999999873689376e-05,100586.828125,-0.03272688388824463,100586.8359375,0.31408706307411194,0.009455650113523006,1.113587498664856,0.0
3089.940309779305,-308.82504010513435,266.07463462887597,100.0,56,5600,False,3572800,35728,638,ae3b9b3532214bc3bad13e7ea9518ddf,2020-03-20_23-07-38,1584745658,10.50913381576538,6580.052492856979,23993,eclipse,137.195.211.213,6580.052492856979,3572800,638,28,2ed37c9e,0.28,0.0,1.0,11.206943137116623,0.9891057429054303,1.4832943930204747,3511552,3572800,3050.808,5.744,7298.423,19.748,2.278125047683716,4.999999873689376e-05,62738.94921875,-0.03547089174389839,62738.9609375,0.4060451090335846,0.009562328457832336,1.0941030979156494,0.0
3407.470517232915,-308.82504010513435,368.9295532428348,100.0,56,5600,False,3578400,35784,639,ae3b9b3532214bc3bad13e7ea9518ddf,2020-03-20_23-07-48,1584745668,10.438696146011353,6590.491189002991,23993,eclipse,137.195.211.213,6590.491189002991,3578400,639,28,2ed37c9e,0.38,0.0,1.0,11.207419644545942,0.9890940227781645,1.4832461822608694,3517056,3578400,3045.1,5.731,7294.607,19.493,2.278125047683716,4.999999873689376e-05,187716.625,-0.026901381090283394,187716.625,0.348861426115036,0.01281666848808527,1.0514898300170898,0.0
3407.470517232915,-498.8587358776312,345.36870689061357,100.0,56,5600,False,3584000,35840,640,ae3b9b3532214bc3bad13e7ea9518ddf,2020-03-20_23-07-59,1584745679,10.412084817886353,6600.903273820877,23993,eclipse,137.195.211.213,6600.903273820877,3584000,640,28,2ed37c9e,0.35,0.0,1.0,11.207759540654338,0.9890800323899367,1.4832162207727406,3522560,3584000,3048.751,5.686,7295.857,19.006,2.278125047683716,4.999999873689376e-05,136090.453125,-0.03930084407329559,136090.46875,0.2927190959453583,0.008955361321568489,1.4048351049423218,0.0
2888.0884974604887,-498.8587358776312,313.44582921769836,100.0,56,5600,False,3589600,35896,641,ae3b9b3532214bc3bad13e7ea9518ddf,2020-03-20_23-08-09,1584745689,10.180240869522095,6611.083514690399,23993,eclipse,137.195.211.213,6611.083514690399,3589600,641,28,2ed37c9e,0.3,0.0,1.0,11.20809455178442,0.9890593669911598,1.4831626554980761,3528064,3589600,3044.773,5.648,7278.806,19.085,2.278125047683716,4.999999873689376e-05,119486.59375,-0.03226188197731972,119486.59375,0.3438008725643158,0.013786775059998035,1.0668796300888062,0.0
2981.620291483932,-36.63943987542027,267.8038264235292,100.0,56,5600,False,3595200,35952,642,ae3b9b3532214bc3bad13e7ea9518ddf,2020-03-20_23-08-19,1584745699,10.153762340545654,6621.237277030945,23993,eclipse,137.195.211.213,6621.237277030945,3595200,642,28,2ed37c9e,0.29,0.0,1.0,11.208743843117896,0.9890506523214896,1.4832118192297616,3533568,3595200,3063.816,5.928,7235.581,18.963,2.278125047683716,4.999999873689376e-05,83703.1640625,-0.03017628937959671,83703.171875,0.40308642387390137,0.01118125393986702,1.0361119508743286,0.0
2981.620291483932,-31.289247429974367,327.5194179822506,100.0,56,5600,False,3600800,36008,643,ae3b9b3532214bc3bad13e7ea9518ddf,2020-03-20_23-08-30,1584745710,10.283378601074219,6631.520655632019,23993,eclipse,137.195.211.213,6631.520655632019,3600800,643,28,2ed37c9e,0.33,0.0,1.0,11.20948810156559,0.9890533387773501,1.483308413412241,3539072,3600800,3085.591,6.266,7196.804,18.951,2.278125047683716,4.999999873689376e-05,80704.3515625,-0.0354686938226223,80704.375,0.37926554679870605,0.009162700735032558,1.1835273504257202,0.0
4058.143359942666,-134.12631866963002,367.414689081312,100.0,56,5600,False,3606400,36064,644,ae3b9b3532214bc3bad13e7ea9518ddf,2020-03-20_23-08-40,1584745720,10.397694826126099,6641.918350458145,23993,eclipse,137.195.211.213,6641.918350458145,3606400,644,28,2ed37c9e,0.35,0.0,1.0,11.210463441871953,0.9891018298559231,1.483436403732121,3544576,3606400,3109.223,6.407,7167.534,18.944,2.278125047683716,4.999999873689376e-05,186114.546875,-0.025520484894514084,186114.5625,0.2951193153858185,0.010017266497015953,1.3400154113769531,0.0
4058.143359942666,-134.12631866963002,413.6612855331565,100.0,56,5600,False,3612000,36120,645,ae3b9b3532214bc3bad13e7ea9518ddf,2020-03-20_23-08-51,1584745731,10.458006381988525,6652.376356840134,23993,eclipse,137.195.211.213,6652.376356840134,3612000,645,28,2ed37c9e,0.35,0.0,1.0,11.211556294654207,0.9891513807293006,1.4835964186142896,3550080,3612000,3136.484,6.457,7144.288,18.83,2.278125047683716,4.999999873689376e-05,94332.8046875,-0.025665704160928726,94332.8046875,0.3425799310207367,0.011159627698361874,1.0397822856903076,0.0
3774.028920194431,-101.94273039810426,295.48087994122443,100.0,56,5600,False,3617600,36176,646,ae3b9b3532214bc3bad13e7ea9518ddf,2020-03-20_23-09-01,1584745741,10.380515336990356,6662.756872177124,23993,eclipse,137.195.211.213,6662.756872177124,3617600,646,28,2ed37c9e,0.31,0.0,1.0,11.212017739473836,0.9891401016957707,1.4836128446352506,3555584,3617600,3140.918,6.285,7138.848,18.661,2.278125047683716,4.999999873689376e-05,117849.03125,-0.032269082963466644,117849.0546875,0.37187910079956055,0.00908784568309784,1.5424262285232544,0.0
3774.028920194431,-101.94273039810426,212.26029794556314,100.0,56,5600,False,3623200,36232,647,ae3b9b3532214bc3bad13e7ea9518ddf,2020-03-20_23-09-11,1584745751,10.40429139137268,6673.161163568497,23993,eclipse,137.195.211.213,6673.161163568497,3623200,647,28,2ed37c9e,0.21,0.0,1.0,11.2120802732334,0.989130586144514,1.4835631092765527,3561088,3623200,3131.321,6.036,7142.335,18.44,2.278125047683716,4.999999873689376e-05,33511.609375,-0.033931393176317215,33511.6171875,0.3856232166290283,0.010062471963465214,1.7512774467468262,0.0
3315.0435172189937,-32.737575213495425,252.938967765232,100.0,56,5600,False,3628800,36288,648,ae3b9b3532214bc3bad13e7ea9518ddf,2020-03-20_23-09-22,1584745762,10.314460277557373,6683.475623846054,23993,eclipse,137.195.211.213,6683.475623846054,3628800,648,28,2ed37c9e,0.24,0.0,1.0,11.21215604453521,0.9891098581945303,1.4835178344810764,3566592,3628800,3117.003,5.926,7138.815,18.334,2.278125047683716,4.999999873689376e-05,130100.59375,-0.02509787119925022,130100.5703125,0.38126471638679504,0.01271089818328619,1.6819475889205933,0.0
2435.5020285428645,-32.737575213495425,223.27042380720823,100.0,56,5600,False,3634400,36344,649,ae3b9b3532214bc3bad13e7ea9518ddf,2020-03-20_23-09-32,1584745772,10.46978211402893,6693.945405960083,23993,eclipse,137.195.211.213,6693.945405960083,3634400,649,28,2ed37c9e,0.22,0.0,1.0,11.212353115173899,0.9891021886436282,1.4834586662216407,3572096,3634400,3111.57,6.24,7146.924,18.309,2.278125047683716,4.999999873689376e-05,54893.8671875,-0.025976208969950676,54893.85546875,0.3858484625816345,0.013949294574558735,1.379321575164795,0.0
2443.7896838475176,-34.81705477939523,247.758316458645,100.0,56,5600,False,3640000,36400,650,ae3b9b3532214bc3bad13e7ea9518ddf,2020-03-20_23-09-43,1584745783,10.365933656692505,6704.3113396167755,23993,eclipse,137.195.211.213,6704.3113396167755,3640000,650,28,2ed37c9e,0.26,0.0,1.0,11.212499018894473,0.9890877841975856,1.4834212939282727,3577600,3640000,3104.24,6.26,7147.708,19.225,2.278125047683716,4.999999873689376e-05,96388.3046875,-0.031488388776779175,96388.3203125,0.3475955128669739,0.009781445376574993,1.6666070222854614,0.0
3761.139241881607,-42.32911961681403,339.2388250710062,100.0,56,5600,False,3645600,36456,651,ae3b9b3532214bc3bad13e7ea9518ddf,2020-03-20_23-09-53,1584745793,10.370803594589233,6714.682143211365,23993,eclipse,137.195.211.213,6714.682143211365,3645600,651,28,2ed37c9e,0.29,0.0,1.0,11.212758876530364,0.9890841129813127,1.4833919954267116,3583104,3645600,3103.898,6.375,7168.395,19.357,2.278125047683716,4.999999873689376e-05,201145.15625,-0.025972705334424973,201145.15625,0.288118839263916,0.013002052903175354,0.982644259929657,0.0
4297.51334728974,-565.9513481107156,347.63495841313176,100.0,56,5600,False,3651200,36512,652,ae3b9b3532214bc3bad13e7ea9518ddf,2020-03-20_23-10-03,1584745803,10.14732813835144,6724.829471349716,23993,eclipse,137.195.211.213,6724.829471349716,3651200,652,28,2ed37c9e,0.3,0.0,1.0,11.21319827626377,0.9890760173891919,1.483343293232562,3588608,3651200,3090.175,6.297,7177.677,20.021,2.278125047683716,4.999999873689376e-05,196123.609375,-0.027653411030769348,196123.609375,0.295000284910202,0.013064481317996979,0.9129734635353088,0.0
3434.467856821141,-565.9513481107156,294.6738923336245,100.0,56,5600,False,3656800,36568,653,ae3b9b3532214bc3bad13e7ea9518ddf,2020-03-20_23-10-14,1584745814,10.496640682220459,6735.326112031937,23993,eclipse,137.195.211.213,6735.326112031937,3656800,653,28,2ed37c9e,0.29,0.0,1.0,11.213403659026453,0.9890765788690298,1.4833051382475737,3594112,3656800,3071.045,6.337,7215.353,20.915,2.278125047683716,4.999999873689376e-05,90595.6640625,-0.032921407371759415,90595.6875,0.3973853588104248,0.008942730724811554,1.397851824760437,0.0
3434.467856821141,-35.67597957234756,322.8898643702555,100.0,56,5600,False,3662400,36624,654,ae3b9b3532214bc3bad13e7ea9518ddf,2020-03-20_23-10-24,1584745824,10.368683099746704,6745.694795131683,23993,eclipse,137.195.211.213,6745.694795131683,3662400,654,28,2ed37c9e,0.33,0.0,1.0,11.213761122906176,0.9890653966902709,1.4832681798746643,3599616,3662400,3036.995,6.051,7247.356,20.666,2.278125047683716,4.999999873689376e-05,124002.3046875,-0.03378988429903984,124002.3125,0.32389143109321594,0.010210402309894562,1.1168591976165771,0.0
2656.985538154569,-35.67597957234756,310.7364979086043,100.0,56,5600,False,3668000,36680,655,ae3b9b3532214bc3bad13e7ea9518ddf,2020-03-20_23-10-35,1584745835,10.394381523132324,6756.089176654816,23993,eclipse,137.195.211.213,6756.089176654816,3668000,655,28,2ed37c9e,0.35,0.0,1.0,11.214178849043419,0.989053176820959,1.4832175757323522,3605120,3668000,3009.035,6.2,7270.162,20.542,2.278125047683716,4.999999873689376e-05,119655.3984375,-0.030415387824177742,119655.40625,0.30342501401901245,0.011953702196478844,0.8638970851898193,0.0
2429.395308068807,-32.19834082467316,321.70243889261434,100.0,56,5600,False,3673600,36736,656,ae3b9b3532214bc3bad13e7ea9518ddf,2020-03-20_23-10-45,1584745845,10.400328874588013,6766.489505529404,23993,eclipse,137.195.211.213,6766.489505529404,3673600,656,28,2ed37c9e,0.35,0.0,1.0,11.214388563854051,0.9890372631783273,1.483159779832398,3610624,3673600,3005.837,6.427,7276.481,19.735,2.278125047683716,4.999999873689376e-05,62379.6328125,-0.02335222065448761,62379.6328125,0.3788972496986389,0.011349023319780827,1.3205684423446655,0.0
4211.269623486821,-53.212233610125075,391.32191812275545,100.0,56,5600,False,3679200,36792,657,ae3b9b3532214bc3bad13e7ea9518ddf,2020-03-20_23-10-56,1584745856,10.50417184829712,6776.993677377701,23993,eclipse,137.195.211.213,6776.993677377701,3679200,657,28,2ed37c9e,0.39,0.0,1.0,11.214648270270603,0.9890304717410849,1.483101991455141,3616128,3679200,3016.562,6.319,7276.137,20.001,2.278125047683716,4.999999873689376e-05,255266.25,-0.03151926025748253,255266.28125,0.31234943866729736,0.010489281266927719,0.8335598111152649,0.0
4211.269623486821,-163.9117168593726,435.5466171224143,100.0,56,5600,False,3684800,36848,658,ae3b9b3532214bc3bad13e7ea9518ddf,2020-03-20_23-11-06,1584745866,10.456692218780518,6787.450369596481,23993,eclipse,137.195.211.213,6787.450369596481,3684800,658,28,2ed37c9e,0.36,0.0,1.0,11.214853703929288,0.9890261392562851,1.483054835247934,3621632,3684800,3026.488,6.572,7280.757,19.046,2.278125047683716,4.999999873689376e-05,180015.84375,-0.032040007412433624,180015.859375,0.3034263253211975,0.010770910419523716,1.538928747177124,0.0
4084.280360281942,-314.4694405997714,298.2819978364882,100.0,56,5600,False,3690400,36904,659,ae3b9b3532214bc3bad13e7ea9518ddf,2020-03-20_23-11-17,1584745877,10.3533296585083,6797.80369925499,23993,eclipse,137.195.211.213,6797.80369925499,3690400,659,28,2ed37c9e,0.28,0.0,1.0,11.214925071658094,0.989012478051269,1.4829920807507255,3627136,3690400,3018.827,6.4,7275.173,19.357,2.278125047683716,4.999999873689376e-05,83500.3359375,-0.025355076417326927,83500.3359375,0.3806762993335724,0.011773845180869102,1.5448676347732544,0.0
2984.36215033248,-493.00375992047526,332.67992881714474,100.0,56,5600,False,3696000,36960,660,ae3b9b3532214bc3bad13e7ea9518ddf,2020-03-20_23-11-27,1584745887,10.561322927474976,6808.365022182465,23993,eclipse,137.195.211.213,6808.365022182465,3696000,660,28,2ed37c9e,0.31,0.0,1.0,11.215152401067508,0.9890080865861722,1.4829232426065457,3632640,3696000,3039.256,6.555,7274.64,19.427,2.278125047683716,4.999999873689376e-05,140987.296875,-0.03313545882701874,140987.3125,0.3437785804271698,0.012395381927490234,1.2051928043365479,0.0
2984.36215033248,-539.7114116480731,334.3908432423687,100.0,56,5600,False,3701600,37016,661,ae3b9b3532214bc3bad13e7ea9518ddf,2020-03-20_23-11-38,1584745898,10.335442304611206,6818.700464487076,23993,eclipse,137.195.211.213,6818.700464487076,3701600,661,28,2ed37c9e,0.31,0.0,1.0,11.215326370820595,0.9889892488532169,1.4828563950929348,3638144,3701600,3044.597,6.6,7266.139,18.4,2.278125047683716,4.999999873689376e-05,115418.0,-0.04098730906844139,115418.0234375,0.33563506603240967,0.009222268126904964,1.4243165254592896,0.0
3411.956305739062,-539.7114116480731,342.09356991802457,100.0,56,5600,False,3707200,37072,662,ae3b9b3532214bc3bad13e7ea9518ddf,2020-03-20_23-11-48,1584745908,10.269984245300293,6828.970448732376,23993,eclipse,137.195.211.213,6828.970448732376,3707200,662,28,2ed37c9e,0.32,0.0,1.0,11.215427422646876,0.9889910578197607,1.48280197349183,3643648,3707200,3033.219,6.758,7289.505,18.675,2.278125047683716,4.999999873689376e-05,145219.9375,-0.024503100663423538,145219.9375,0.2821692228317261,0.010732067748904228,0.9570630192756653,0.0
2528.77728102478,-35.10861051080226,304.2104565188802,100.0,56,5600,False,3712800,37128,663,ae3b9b3532214bc3bad13e7ea9518ddf,2020-03-20_23-11-58,1584745918,10.476703882217407,6839.4471526145935,23993,eclipse,137.195.211.213,6839.4471526145935,3712800,663,28,2ed37c9e,0.3,0.0,1.0,11.215760696700043,0.9889860022671764,1.4827492837649854,3649152,3712800,3031.362,6.698,7289.529,18.772,2.278125047683716,4.999999873689376e-05,82663.1875,-0.03207610547542572,82663.1875,0.4280799925327301,0.01015833206474781,0.7846203446388245,0.0
2986.900101686834,-34.278066152914974,384.62108128337184,100.0,56,5600,False,3718400,37184,664,ae3b9b3532214bc3bad13e7ea9518ddf,2020-03-20_23-12-09,1584745929,10.44711422920227,6849.894266843796,23993,eclipse,137.195.211.213,6849.894266843796,3718400,664,28,2ed37c9e,0.34,0.0,1.0,11.216127499082827,0.9889881832162686,1.4826976205875046,3654656,3718400,3047.109,6.817,7281.643,18.566,2.278125047683716,4.999999873689376e-05,210195.9375,-0.0347796268761158,210195.953125,0.31409093737602234,0.010177557356655598,0.6926968097686768,0.0
3306.814255921156,-29.39278828593586,461.93752304366325,100.0,56,5600,False,3724000,37240,665,ae3b9b3532214bc3bad13e7ea9518ddf,2020-03-20_23-12-19,1584745939,10.45155668258667,6860.345823526382,23993,eclipse,137.195.211.213,6860.345823526382,3724000,665,28,2ed37c9e,0.38,0.0,1.0,11.216536686905615,0.9889878140738856,1.4826402503918026,3660160,3724000,3052.705,6.65,7280.907,18.949,2.278125047683716,4.999999873689376e-05,156398.625,-0.035580508410930634,156398.625,0.363748699426651,0.011194734834134579,0.8345967531204224,0.0
3544.2649175437246,-32.23113447007832,424.3252571765447,100.0,56,5600,False,3729600,37296,666,ae3b9b3532214bc3bad13e7ea9518ddf,2020-03-20_23-12-30,1584745950,10.51868462562561,6870.864508152008,23993,eclipse,137.195.211.213,6870.864508152008,3729600,666,28,2ed37c9e,0.4,0.0,1.0,11.21700849007676,0.9889700604877427,1.4825813207862115,3665664,3729600,3064.655,6.571,7279.516,19.141,2.278125047683716,4.999999873689376e-05,201825.25,-0.030858175829052925,201825.25,0.31737884879112244,0.010211479850113392,0.786893904209137,0.0
3544.2649175437246,-73.74231859239039,382.20311071575236,100.0,56,5600,False,3735200,37352,667,ae3b9b3532214bc3bad13e7ea9518ddf,2020-03-20_23-12-40,1584745960,10.263895273208618,6881.128403425217,23993,eclipse,137.195.211.213,6881.128403425217,3735200,667,28,2ed37c9e,0.37,0.0,1.0,11.21743540020352,0.9889603909873699,1.482538780000496,3671168,3735200,3053.518,6.664,7267.188,19.583,2.278125047683716,4.999999873689376e-05,84221.9609375,-0.032160647213459015,84221.9609375,0.3056669533252716,0.011301171034574509,0.82161545753479,0.0
3651.980026019451,-73.74231859239039,371.2818082051958,100.0,56,5600,False,3740800,37408,668,ae3b9b3532214bc3bad13e7ea9518ddf,2020-03-20_23-12-51,1584745971,10.289765119552612,6891.418168544769,23993,eclipse,137.195.211.213,6891.418168544769,3740800,668,28,2ed37c9e,0.38,0.0,1.0,11.217936648903633,0.9889471537044576,1.4824938277905946,3676672,3740800,3056.382,6.581,7246.196,20.056,2.278125047683716,4.999999873689376e-05,142735.625,-0.032413139939308167,142735.609375,0.2976207733154297,0.011907719075679779,0.7303267121315002,0.0
2446.8547058921804,-33.83609898116286,282.36824569357543,100.0,56,5600,False,3746400,37464,669,ae3b9b3532214bc3bad13e7ea9518ddf,2020-03-20_23-13-01,1584745981,10.476978302001953,6901.895146846771,23993,eclipse,137.195.211.213,6901.895146846771,3746400,669,28,2ed37c9e,0.36,0.0,1.0,11.21834538826663,0.9889203200841987,1.4824368105495893,3682176,3746400,3061.578,6.833,7253.851,19.57,2.278125047683716,4.999999873689376e-05,37710.33203125,-0.026343224570155144,37710.32421875,0.455486923456192,0.012746649794280529,1.2590786218643188,0.0
2535.714874588768,-35.3962865006411,285.35663866656097,100.0,56,5600,False,3752000,37520,670,ae3b9b3532214bc3bad13e7ea9518ddf,2020-03-20_23-13-11,1584745991,10.023408889770508,6911.918555736542,23993,eclipse,137.195.211.213,6911.918555736542,3752000,670,28,2ed37c9e,0.3,0.0,1.0,11.218511459199409,0.9888893653903392,1.482394323306695,3687680,3752000,3048.924,6.327,7212.021,19.051,2.278125047683716,4.999999873689376e-05,119944.765625,-0.03157258406281471,119944.78125,0.35918277502059937,0.010537741705775261,1.4095821380615234,0.0
2530.911437101338,-283.6438296830486,301.5272638020861,100.0,56,5600,False,3757600,37576,671,ae3b9b3532214bc3bad13e7ea9518ddf,2020-03-20_23-13-21,1584746001,10.051710605621338,6921.970266342163,23993,eclipse,137.195.211.213,6921.970266342163,3757600,671,28,2ed37c9e,0.29,0.0,1.0,11.218796438778183,0.9888916220971287,1.4824111102336934,3693184,3757600,3054.165,6.162,7176.806,19.811,2.278125047683716,4.999999873689376e-05,74879.4921875,-0.0300742220133543,74879.5,0.2317342907190323,0.010067261755466461,1.1979212760925293,0.0
3828.6127371930306,-442.1924614639023,357.5985473948577,100.0,56,5600,False,3763200,37632,672,ae3b9b3532214bc3bad13e7ea9518ddf,2020-03-20_23-13-31,1584746011,9.99296522140503,6931.963231563568,23993,eclipse,137.195.211.213,6931.963231563568,3763200,672,28,2ed37c9e,0.33,0.0,1.0,11.219450179384415,0.9889130450002722,1.4824502871513932,3698688,3763200,3064.932,5.968,7141.912,19.344,2.278125047683716,4.999999873689376e-05,139547.859375,-0.03420870751142502,139547.84375,0.39629220962524414,0.01092058327049017,0.9753836989402771,0.0
4953.112552900013,-492.7379071527421,360.4000579077547,100.0,56,5600,False,3768800,37688,673,ae3b9b3532214bc3bad13e7ea9518ddf,2020-03-20_23-13-42,1584746022,10.597437858581543,6942.56066942215,23993,eclipse,137.195.211.213,6942.56066942215,3768800,673,28,2ed37c9e,0.3,0.0,1.0,11.22040145277285,0.9889889662790883,1.482581100651461,3704192,3768800,3106.042,6.023,7116.056,18.338,2.278125047683716,4.999999873689376e-05,180406.59375,-0.03011608123779297,180406.609375,0.2159680724143982,0.00833731796592474,1.2538739442825317,0.0
4953.112552900013,-492.7379071527421,372.70916306312364,100.0,56,5600,False,3774400,37744,674,ae3b9b3532214bc3bad13e7ea9518ddf,2020-03-20_23-13-52,1584746032,10.1522696018219,6952.712939023972,23993,eclipse,137.195.211.213,6952.712939023972,3774400,674,28,2ed37c9e,0.31,0.0,1.0,11.221162864434739,0.9890504029624849,1.4827151137363273,3709696,3774400,3097.25,5.879,7093.46,17.523,2.278125047683716,4.999999873689376e-05,215691.53125,-0.030988365411758423,215691.53125,0.3063260316848755,0.01011454127728939,1.5100452899932861,0.0
3867.565855776549,-266.5419735901176,249.86676501325576,100.0,56,5600,False,3780000,37800,675,ae3b9b3532214bc3bad13e7ea9518ddf,2020-03-20_23-14-03,1584746043,10.321791172027588,6963.034730195999,23993,eclipse,137.195.211.213,6963.034730195999,3780000,675,28,2ed37c9e,0.29,0.0,1.0,11.221317428038633,0.9890458348719048,1.482726107557804,3715200,3780000,3084.63,5.957,7092.465,17.396,2.278125047683716,4.999999873689376e-05,46566.6171875,-0.03336133435368538,46566.6328125,0.3107128441333771,0.008871348574757576,1.2385956048965454,0.0
5527.090168573147,-35.26914014992822,246.2401859673244,100.0,56,5600,False,3785600,37856,676,ae3b9b3532214bc3bad13e7ea9518ddf,2020-03-20_23-14-13,1584746053,10.42272663116455,6973.457456827164,23993,eclipse,137.195.211.213,6973.457456827164,3785600,676,28,2ed37c9e,0.25,0.0,1.0,11.221334743692092,0.9890383710452642,1.4826942399122343,3720704,3785600,3078.018,5.725,7091.369,17.9,2.278125047683716,4.999999873689376e-05,190833.515625,-0.029291918501257896,190833.53125,0.3146212100982666,0.007357509806752205,1.5141081809997559,0.0
5527.090168573147,-35.26914014992822,404.9320227980957,100.0,56,5600,False,3791200,37912,677,ae3b9b3532214bc3bad13e7ea9518ddf,2020-03-20_23-14-24,1584746064,10.496806859970093,6983.954263687134,23993,eclipse,137.195.211.213,6983.954263687134,3791200,677,28,2ed37c9e,0.31,0.0,1.0,11.221528632393943,0.9890275420377015,1.4826623679792095,3726208,3791200,3087.885,5.674,7103.901,16.629,2.278125047683716,4.999999873689376e-05,246632.765625,-0.023937515914440155,246632.765625,0.21125513315200806,0.009235025383532047,1.2857975959777832,0.0
5314.941550192606,-34.525783888876184,427.936374660276,100.0,56,5600,False,3796800,37968,678,ae3b9b3532214bc3bad13e7ea9518ddf,2020-03-20_23-14-34,1584746074,10.544391393661499,6994.498655080795,23993,eclipse,137.195.211.213,6994.498655080795,3796800,678,28,2ed37c9e,0.36,0.0,1.0,11.22179835620983,0.9890167702662839,1.482625901005952,3731712,3796800,3093.891,5.592,7123.899,16.886,2.278125047683716,4.999999873689376e-05,169750.84375,-0.02639111317694187,169750.84375,0.29309380054473877,0.013845114968717098,0.773837685585022,0.0
3080.029198320934,-30.609616107549268,317.6090829339916,100.0,56,5600,False,3802400,38024,679,ae3b9b3532214bc3bad13e7ea9518ddf,2020-03-20_23-14-45,1584746085,10.352128744125366,7004.850783824921,23993,eclipse,137.195.211.213,7004.850783824921,3802400,679,28,2ed37c9e,0.3,0.0,1.0,11.221969275720912,0.9890185242995523,1.4826052347084686,3737216,3802400,3088.506,5.509,7117.36,16.038,2.278125047683716,4.999999873689376e-05,106927.453125,-0.03241366147994995,106927.453125,0.3862978518009186,0.012866610661149025,1.3859775066375732,0.0
3754.863160326675,-30.609616107549268,390.778561665485,100.0,56,5600,False,3808000,38080,680,ae3b9b3532214bc3bad13e7ea9518ddf,2020-03-20_23-14-55,1584746095,10.462758541107178,7015.313542366028,23993,eclipse,137.195.211.213,7015.313542366028,3808000,680,28,2ed37c9e,0.32,0.0,1.0,11.222220673132854,0.9890161087827442,1.482573116336384,3742720,3808000,3088.869,5.919,7162.918,15.68,2.278125047683716,4.999999873689376e-05,200463.46875,-0.03552846610546112,200463.484375,0.21704550087451935,0.01032459456473589,0.8198056817054749,0.0
3754.863160326675,-32.48192334491473,368.52769417674864,100.0,56,5600,False,3813600,38136,681,ae3b9b3532214bc3bad13e7ea9518ddf,2020-03-20_23-15-06,1584746106,10.398684978485107,7025.712227344513,23993,eclipse,137.195.211.213,7025.712227344513,3813600,681,28,2ed37c9e,0.33,0.0,1.0,11.222537399150642,0.9889976628688028,1.4825304582561833,3748224,3813600,3082.245,6.091,7204.527,14.974,2.278125047683716,4.999999873689376e-05,69305.2890625,-0.0328976996243,69305.3046875,0.39071139693260193,0.011199153028428555,0.9873504638671875,0.0
3557.5901088426117,-32.555755524253335,294.781781364309,100.0,56,5600,False,3819200,38192,682,ae3b9b3532214bc3bad13e7ea9518ddf,2020-03-20_23-15-16,1584746116,10.416787385940552,7036.1290147304535,23993,eclipse,137.195.211.213,7036.1290147304535,3819200,682,28,2ed37c9e,0.28,0.0,1.0,11.222697568452563,0.9889998074829545,1.4824917762604217,3753728,3819200,3080.643,6.239,7247.958,14.552,2.278125047683716,4.999999873689376e-05,149517.71875,-0.03510485962033272,149517.75,0.2912181317806244,0.009932171553373337,1.0341774225234985,0.0
3557.5901088426117,-29.650845367421717,304.0972410647803,100.0,56,5600,False,3824800,38248,683,ae3b9b3532214bc3bad13e7ea9518ddf,2020-03-20_23-15-27,1584746127,10.507113456726074,7046.63612818718,23993,eclipse,137.195.211.213,7046.63612818718,3824800,683,28,2ed37c9e,0.28,0.0,1.0,11.223020142594569,0.9890173491591179,1.4824473499637651,3759232,3824800,3041.498,6.377,7276.034,14.992,2.278125047683716,4.999999873689376e-05,92716.5859375,-0.025012550875544548,92716.59375,0.37130725383758545,0.008787937462329865,0.9394978284835815,0.0
2777.03242645659,-453.615326658527,243.56011146676906,100.0,56,5600,False,3830400,38304,684,ae3b9b3532214bc3bad13e7ea9518ddf,2020-03-20_23-15-37,1584746137,10.35772156715393,7056.9938497543335,23993,eclipse,137.195.211.213,7056.9938497543335,3830400,684,28,2ed37c9e,0.27,0.0,1.0,11.22334985938263,0.9890125659563347,1.4824073634655772,3764736,3830400,3034.343,6.323,7302.57,16.569,2.278125047683716,4.999999873689376e-05,65177.00390625,-0.03430291637778282,65177.0234375,0.20571240782737732,0.010355863720178604,0.9309568405151367,0.0
3012.456392465428,-453.615326658527,265.45935796663275,100.0,56,5600,False,3836000,38360,685,ae3b9b3532214bc3bad13e7ea9518ddf,2020-03-20_23-15-47,1584746147,10.380918979644775,7067.374768733978,23993,eclipse,137.195.211.213,7067.374768733978,3836000,685,28,2ed37c9e,0.29,0.0,1.0,11.223865329088214,0.9889893482905856,1.4823569313710636,3770240,3836000,3045.162,6.249,7299.948,16.992,2.278125047683716,4.999999873689376e-05,77293.3046875,-0.029170488938689232,77293.3046875,0.3703369200229645,0.010669251903891563,1.0383836030960083,0.0
3317.474126109891,-483.949131243169,353.35384240687154,100.0,56,5600,False,3841600,38416,686,ae3b9b3532214bc3bad13e7ea9518ddf,2020-03-20_23-15-58,1584746158,10.259589433670044,7077.634358167648,23993,eclipse,137.195.211.213,7077.634358167648,3841600,686,28,2ed37c9e,0.34,0.0,1.0,11.22441800964811,0.9889802771088534,1.4822968789529305,3775744,3841600,3041.032,6.342,7287.293,16.333,2.278125047683716,4.999999873689376e-05,170632.140625,-0.036317095160484314,170632.140625,0.28301453590393066,0.012961308471858501,0.6560222506523132,0.0
3317.474126109891,-483.949131243169,299.08071237135795,100.0,56,5600,False,3847200,38472,687,ae3b9b3532214bc3bad13e7ea9518ddf,2020-03-20_23-16-08,1584746168,10.34062933921814,7087.9749875068665,23993,eclipse,137.195.211.213,7087.9749875068665,3847200,687,28,2ed37c9e,0.35,0.0,1.0,11.224860643607865,0.9889728054291694,1.482232268659081,3781248,3847200,3028.991,6.156,7284.741,17.171,2.278125047683716,4.999999873689376e-05,54002.51171875,-0.029484111815690994,54002.51171875,0.35469692945480347,0.012007656507194042,1.077731966972351,0.0
2455.0703076494606,-287.67603165741235,234.73392142960083,100.0,56,5600,False,3852800,38528,688,ae3b9b3532214bc3bad13e7ea9518ddf,2020-03-20_23-16-19,1584746179,10.451526880264282,7098.426514387131,23993,eclipse,137.195.211.213,7098.426514387131,3852800,688,28,2ed37c9e,0.27,0.0,1.0,11.225121573589004,0.9889548719863298,1.4822001204971123,3786752,3852800,3017.65,6.264,7287.528,16.885,2.278125047683716,4.999999873689376e-05,73230.5546875,-0.02974308654665947,73230.5546875,0.29096972942352295,0.010100718587636948,1.2872763872146606,0.0
3100.4879657666484,-287.67603165741235,333.18118656085835,100.0,56,5600,False,3858400,38584,689,ae3b9b3532214bc3bad13e7ea9518ddf,2020-03-20_23-16-29,1584746189,10.463772296905518,7108.890286684036,23993,eclipse,137.195.211.213,7108.890286684036,3858400,689,28,2ed37c9e,0.34,0.0,1.0,11.225463841955793,0.9889275253531514,1.482168083083037,3792256,3858400,3023.204,6.314,7291.888,18.099,2.278125047683716,4.999999873689376e-05,133002.203125,-0.02848421223461628,133002.203125,0.3368266224861145,0.009757810272276402,1.0798813104629517,0.0
3100.4879657666484,-538.4530761268182,338.6323322633098,100.0,56,5600,False,3864000,38640,690,ae3b9b3532214bc3bad13e7ea9518ddf,2020-03-20_23-16-39,1584746199,10.305460691452026,7119.195747375488,23993,eclipse,137.195.211.213,7119.195747375488,3864000,690,28,2ed37c9e,0.31,0.0,1.0,11.225470633200064,0.9889142710237678,1.4821280565405437,3797760,3864000,3016.078,6.298,7282.809,18.622,2.278125047683716,4.999999873689376e-05,117276.6875,-0.02898770198225975,117276.6875,0.2960330545902252,0.010622778907418251,1.5251060724258423,0.0
3111.400598213454,-538.4530761268182,318.7091078181551,100.0,56,5600,False,3869600,38696,691,ae3b9b3532214bc3bad13e7ea9518ddf,2020-03-20_23-16-50,1584746210,10.368454933166504,7129.564202308655,23993,eclipse,137.195.211.213,7129.564202308655,3869600,691,28,2ed37c9e,0.31,0.0,1.0,11.225425189568192,0.9889012790535829,1.4820794443357936,3803264,3869600,3014.047,6.203,7282.663,19.465,2.278125047683716,4.999999873689376e-05,143375.421875,-0.032541897147893906,143375.4375,0.32185277342796326,0.010510093532502651,1.5147442817687988,0.0
3111.400598213454,-32.54754150033219,327.3162913572073,100.0,56,5600,False,3875200,38752,692,ae3b9b3532214bc3bad13e7ea9518ddf,2020-03-20_23-17-00,1584746220,10.39103364944458,7139.955235958099,23993,eclipse,137.195.211.213,7139.955235958099,3875200,692,28,2ed37c9e,0.36,0.0,1.0,11.225561447632185,0.9888786192052996,1.4820323510970084,3808768,3875200,3010.791,6.241,7283.335,19.893,2.278125047683716,4.999999873689376e-05,74917.984375,-0.03790882229804993,74918.0078125,0.3293181359767914,0.008516537956893444,1.1758478879928589,0.0
2446.8942701498718,-36.86427469990054,319.67038666932444,100.0,56,5600,False,3880800,38808,693,ae3b9b3532214bc3bad13e7ea9518ddf,2020-03-20_23-17-11,1584746231,10.335187435150146,7150.2904233932495,23993,eclipse,137.195.211.213,7150.2904233932495,3880800,693,28,2ed37c9e,0.35,0.0,1.0,11.225625820918605,0.9888574787176122,1.481985246713025,3814272,3880800,2998.241,5.986,7279.65,19.596,2.278125047683716,4.999999873689376e-05,100308.828125,-0.03726455941796303,100308.828125,0.4157986640930176,0.010365569964051247,1.1209172010421753,0.0
2972.186955722505,-36.86427469990054,355.972068404224,100.0,56,5600,False,3886400,38864,694,ae3b9b3532214bc3bad13e7ea9518ddf,2020-03-20_23-17-21,1584746241,10.430880069732666,7160.721303462982,23993,eclipse,137.195.211.213,7160.721303462982,3886400,694,28,2ed37c9e,0.32,0.0,1.0,11.22585003146195,0.9888432096983241,1.4819444721891823,3819776,3886400,3006.752,6.146,7280.078,18.889,2.278125047683716,4.999999873689376e-05,138785.75,-0.03260352462530136,138785.75,0.30286914110183716,0.011683081276714802,0.9279965162277222,0.0
2972.186955722505,-35.887872716934574,318.7879298902493,100.0,56,5600,False,3892000,38920,695,ae3b9b3532214bc3bad13e7ea9518ddf,2020-03-20_23-17-31,1584746251,10.382741212844849,7171.104044675827,23993,eclipse,137.195.211.213,7171.104044675827,3892000,695,28,2ed37c9e,0.32,0.0,1.0,11.226175145070927,0.9888273191370951,1.481904584020085,3825280,3892000,3005.007,6.198,7281.451,18.988,2.278125047683716,4.999999873689376e-05,70983.2578125,-0.028424818068742752,70983.2578125,0.3934078514575958,0.012410992756485939,0.9437893033027649,0.0
2655.881421536332,-35.887872716934574,389.93123626716357,100.0,56,5600,False,3897600,38976,696,ae3b9b3532214bc3bad13e7ea9518ddf,2020-03-20_23-17-42,1584746262,10.556740045547485,7181.6607847213745,23993,eclipse,137.195.211.213,7181.6607847213745,3897600,696,28,2ed37c9e,0.38,0.0,1.0,11.226687774588822,0.988809261098772,1.4818747854284673,3830784,3897600,3017.312,6.154,7297.754,19.762,2.278125047683716,4.999999873689376e-05,133898.65625,-0.03346504271030426,133898.65625,0.3472573161125183,0.009769481606781483,0.43986257910728455,0.0
3331.6174618567184,-35.11572269028976,342.7129554027278,100.0,56,5600,False,3903200,39032,697,ae3b9b3532214bc3bad13e7ea9518ddf,2020-03-20_23-17-53,1584746273,10.48183560371399,7192.1426203250885,23993,eclipse,137.195.211.213,7192.1426203250885,3903200,697,28,2ed37c9e,0.3,0.0,1.0,11.227168376252743,0.9888006319601079,1.481830777274646,3836288,3903200,3030.13,6.339,7297.872,19.313,2.278125047683716,4.999999873689376e-05,137391.25,-0.03181736543774605,137391.25,0.28865283727645874,0.010170063003897667,1.1347880363464355,0.0
3331.6174618567184,-34.03135537286008,221.35365202160523,100.0,56,5600,False,3908800,39088,698,ae3b9b3532214bc3bad13e7ea9518ddf,2020-03-20_23-18-03,1584746283,10.4007887840271,7202.543409109116,23993,eclipse,137.195.211.213,7202.543409109116,3908800,698,28,2ed37c9e,0.2,0.0,1.0,11.227440276664082,0.988797686711499,1.4817834747013152,3841792,3908800,3025.971,6.325,7294.359,19.631,2.278125047683716,4.999999873689376e-05,64291.890625,-0.03381475806236267,64291.89453125,0.2450149953365326,0.010678685270249844,1.0962547063827515,0.0
3644.7020052896496,-36.63272150144215,316.5171697190462,100.0,56,5600,False,3914400,39144,699,ae3b9b3532214bc3bad13e7ea9518ddf,2020-03-20_23-18-13,1584746293,9.945536136627197,7212.488945245743,23993,eclipse,137.195.211.213,7212.488945245743,3914400,699,28,2ed37c9e,0.28,0.0,1.0,11.227654176780169,0.9887892293087016,1.4817497994567974,3847296,3914400,3021.504,6.344,7250.311,18.769,2.278125047683716,4.999999873689376e-05,159277.21875,-0.03585851937532425,159277.25,0.3630065321922302,0.010048638097941875,1.2130357027053833,0.0
3644.7020052896496,-45.62306641936414,354.8147219766319,100.0,56,5600,False,3920000,39200,700,ae3b9b3532214bc3bad13e7ea9518ddf,2020-03-20_23-18-23,1584746303,10.084243297576904,7222.57318854332,23993,eclipse,137.195.211.213,7222.57318854332,3920000,700,28,2ed37c9e,0.28,0.0,1.0,11.227936954247259,0.9887908266738991,1.4817789511489607,3852800,3920000,3043.853,6.154,7206.426,18.334,2.278125047683716,4.999999873689376e-05,138525.5625,-0.027636369690299034,138525.5625,0.3160575032234192,0.009766287170350552,1.5443965196609497,0.0
4129.625353094764,-203.6279977087141,287.59942635283153,100.0,56,5600,False,3925600,39256,701,ae3b9b3532214bc3bad13e7ea9518ddf,2020-03-20_23-18-33,1584746313,10.18086314201355,7232.754051685333,23993,eclipse,137.195.211.213,7232.754051685333,3925600,701,28,2ed37c9e,0.21,0.0,1.0,11.22823568255078,0.9888215450613458,1.4818394070918168,3858304,3925600,3054.162,6.107,7174.79,17.432,2.278125047683716,4.999999873689376e-05,181735.015625,-0.029780365526676178,181735.015625,0.33029448986053467,0.011596146039664745,1.5110924243927002,0.0
4129.625353094764,-203.6279977087141,351.6934346676977,100.0,56,5600,False,3931200,39312,702,ae3b9b3532214bc3bad13e7ea9518ddf,2020-03-20_23-18-44,1584746324,10.510111331939697,7243.264163017273,23993,eclipse,137.195.211.213,7243.264163017273,3931200,702,28,2ed37c9e,0.31,0.0,1.0,11.22934351529534,0.988913631043462,1.4820948929625906,3863808,3931200,3102.761,6.138,7138.371,17.653,2.278125047683716,4.999999873689376e-05,155806.828125,-0.03379790857434273,155806.84375,0.3195393681526184,0.010373007506132126,1.238551139831543,0.0
3311.571461567382,-39.1448390287405,328.71226639049377,100.0,56,5600,False,3936800,39368,703,ae3b9b3532214bc3bad13e7ea9518ddf,2020-03-20_23-18-54,1584746334,10.331502437591553,7253.5956654548645,23993,eclipse,137.195.211.213,7253.5956654548645,3936800,703,28,2ed37c9e,0.34,0.0,1.0,11.230577551704446,0.988968801964711,1.4823160631269154,3869312,3936800,3133.325,6.291,7105.743,17.988,2.278125047683716,4.999999873689376e-05,87678.59375,-0.02660532295703888,87678.5859375,0.29214370250701904,0.01370555441826582,0.9141117334365845,0.0
4088.389916963943,-389.5592959846422,333.15914860838996,100.0,56,5600,False,3942400,39424,704,ae3b9b3532214bc3bad13e7ea9518ddf,2020-03-20_23-19-05,1584746345,10.372400045394897,7263.968065500259,23993,eclipse,137.195.211.213,7263.968065500259,3942400,704,28,2ed37c9e,0.31,0.0,1.0,11.23112415001631,0.9889730461177542,1.4823169408693433,3874816,3942400,3129.509,6.278,7104.804,17.988,2.278125047683716,4.999999873689376e-05,194055.5,-0.028438447043299675,194055.5,0.3561426103115082,0.013243191875517368,1.096406102180481,0.0
4088.389916963943,-465.54422822294225,366.01053833759744,100.0,56,5600,False,3948000,39480,705,ae3b9b3532214bc3bad13e7ea9518ddf,2020-03-20_23-19-15,1584746355,10.309350728988647,7274.277416229248,23993,eclipse,137.195.211.213,7274.277416229248,3948000,705,28,2ed37c9e,0.35,0.0,1.0,11.231311435546228,0.9889708261471699,1.4822842990339316,3880320,3948000,3124.383,6.231,7102.872,18.127,2.278125047683716,4.999999873689376e-05,113530.6953125,-0.030344678089022636,113530.71875,0.3333739638328552,0.010410410352051258,1.1558114290237427,0.0
3019.1186202812105,-465.54422822294225,278.35936586960895,100.0,56,5600,False,3953600,39536,706,ae3b9b3532214bc3bad13e7ea9518ddf,2020-03-20_23-19-26,1584746366,10.45044207572937,7284.727858304977,23993,eclipse,137.195.211.213,7284.727858304977,3953600,706,28,2ed37c9e,0.25,0.0,1.0,11.23159860617338,0.9889650335454573,1.48224322089369,3885824,3953600,3115.496,6.433,7100.811,17.916,2.278125047683716,4.999999873689376e-05,81538.7109375,-0.027155790477991104,81538.6953125,0.2975093126296997,0.015035202726721764,0.8397000432014465,0.0
3308.967782927372,-308.749313432245,288.0780456714625,100.0,56,5600,False,3959200,39592,707,ae3b9b3532214bc3bad13e7ea9518ddf,2020-03-20_23-19-36,1584746376,10.371969223022461,7295.099827528,23993,eclipse,137.195.211.213,7295.099827528,3959200,707,28,2ed37c9e,0.22,0.0,1.0,11.231926794990567,0.9889605411869649,1.48219623725753,3891328,3959200,3104.018,6.496,7102.771,17.544,2.278125047683716,4.999999873689376e-05,196556.953125,-0.02733227051794529,196556.953125,0.29966896772384644,0.01204619836062193,0.9986233115196228,0.0
3308.967782927372,-308.749313432245,277.60494268170174,100.0,56,5600,False,3964800,39648,708,ae3b9b3532214bc3bad13e7ea9518ddf,2020-03-20_23-19-46,1584746386,10.387853145599365,7305.487680673599,23993,eclipse,137.195.211.213,7305.487680673599,3964800,708,28,2ed37c9e,0.25,0.0,1.0,11.232174200805025,0.988955653988198,1.482149183423092,3896832,3964800,3105.254,6.388,7103.098,16.504,2.278125047683716,4.999999873689376e-05,55979.55859375,-0.03548741713166237,55979.57421875,0.3424489498138428,0.012223053723573685,0.898095965385437,0.0
4084.7395420929706,-33.97666031124163,301.8796624380002,100.0,56,5600,False,3970400,39704,709,ae3b9b3532214bc3bad13e7ea9518ddf,2020-03-20_23-19-57,1584746397,10.518959045410156,7316.006639719009,23993,eclipse,137.195.211.213,7316.006639719009,3970400,709,28,2ed37c9e,0.29,0.0,1.0,11.232484435035913,0.988970067937864,1.4821256540758663,3902336,3970400,3115.929,6.288,7147.006,17.034,2.278125047683716,4.999999873689376e-05,190693.875,-0.02799147181212902,190693.859375,0.29183682799339294,0.011678199283778667,0.8181325197219849,0.0
4084.7395420929706,-31.090560886427788,352.82341381218606,100.0,56,5600,False,3976000,39760,710,ae3b9b3532214bc3bad13e7ea9518ddf,2020-03-20_23-20-08,1584746408,10.56561279296875,7326.572252511978,23993,eclipse,137.195.211.213,7326.572252511978,3976000,710,28,2ed37c9e,0.37,0.0,1.0,11.233193026712327,0.9889853933195952,1.4821881336686895,3907840,3976000,3114.71,6.682,7194.373,16.701,2.278125047683716,4.999999873689376e-05,101937.1171875,-0.032441869378089905,101937.1171875,0.3260364234447479,0.008624264970421791,1.03709077835083,0.0
4116.679162684291,-31.090560886427788,336.6572232068421,100.0,56,5600,False,3981600,39816,711,ae3b9b3532214bc3bad13e7ea9518ddf,2020-03-20_23-20-18,1584746418,10.333411455154419,7336.905663967133,23993,eclipse,137.195.211.213,7336.905663967133,3981600,711,28,2ed37c9e,0.32,0.0,1.0,11.233733080589818,0.9889941431965903,1.482237048920331,3913344,3981600,3101.939,6.582,7223.394,17.411,2.278125047683716,4.999999873689376e-05,197907.515625,-0.03327362984418869,197907.515625,0.2650376558303833,0.011089270934462547,0.9920243620872498,0.0
3463.617538295048,-65.75785844087828,256.8663749790163,100.0,56,5600,False,3987200,39872,712,ae3b9b3532214bc3bad13e7ea9518ddf,2020-03-20_23-20-28,1584746428,10.308626174926758,7347.214290142059,23993,eclipse,137.195.211.213,7347.214290142059,3987200,712,28,2ed37c9e,0.25,0.0,1.0,11.233857072601607,0.9889729083811922,1.4822041337259224,3918848,3987200,3048.636,6.244,7255.716,17.558,2.278125047683716,4.999999873689376e-05,94555.3359375,-0.03341762349009514,94555.3515625,0.3231935501098633,0.009853849187493324,1.164316177368164,0.0
4104.348518066268,-65.75785844087828,389.7673309884969,100.0,56,5600,False,3992800,39928,713,ae3b9b3532214bc3bad13e7ea9518ddf,2020-03-20_23-20-39,1584746439,10.471863985061646,7357.686154127121,23993,eclipse,137.195.211.213,7357.686154127121,3992800,713,28,2ed37c9e,0.34,0.0,1.0,11.233989583062922,0.9889523563201473,1.482177432647398,3924352,3992800,3031.148,5.78,7288.094,17.527,2.278125047683716,4.999999873689376e-05,260175.234375,-0.03294120728969574,260175.234375,0.287471204996109,0.012919500470161438,1.08191978931427,0.0
4104.348518066268,-265.0908950718878,372.2227967494319,100.0,56,5600,False,3998400,39984,714,ae3b9b3532214bc3bad13e7ea9518ddf,2020-03-20_23-20-49,1584746449,10.431850671768188,7368.118004798889,23993,eclipse,137.195.211.213,7368.118004798889,3998400,714,28,2ed37c9e,0.37,0.0,1.0,11.234142173887562,0.9889471874825935,1.4821357915214377,3929856,3998400,3031.378,5.746,7293.278,17.846,2.278125047683716,4.999999873689376e-05,57007.1171875,-0.032573401927948,57007.12109375,0.4175533056259155,0.01088760793209076,1.0537561178207397,0.0
3964.0455011134895,-265.0908950718878,374.78973637457864,100.0,56,5600,False,4004000,40040,715,ae3b9b3532214bc3bad13e7ea9518ddf,2020-03-20_23-21-00,1584746460,10.509948492050171,7378.627953290939,23993,eclipse,137.195.211.213,7378.627953290939,4004000,715,28,2ed37c9e,0.4,0.0,1.0,11.234389857624388,0.9889381938241465,1.4820822543728815,3935360,4004000,3042.028,5.689,7301.857,18.268,2.278125047683716,4.999999873689376e-05,207437.046875,-0.030063074082136154,207437.046875,0.296649307012558,0.011276285164058208,1.0521363019943237,0.0
3964.0455011134895,-380.12057077488043,401.5922059856692,100.0,56,5600,False,4009600,40096,716,ae3b9b3532214bc3bad13e7ea9518ddf,2020-03-20_23-21-10,1584746470,10.340176582336426,7388.968129873276,23993,eclipse,137.195.211.213,7388.968129873276,4009600,716,28,2ed37c9e,0.39,0.0,1.0,11.234531136135015,0.9889232794451298,1.482042071164317,3940864,4009600,3038.543,5.708,7296.021,18.039,2.278125047683716,4.999999873689376e-05,135876.515625,-0.02997245267033577,135876.515625,0.36130669713020325,0.012370217591524124,1.275399088859558,0.0
3316.735684742636,-380.12057077488043,371.3722344949654,100.0,56,5600,False,4015200,40152,717,ae3b9b3532214bc3bad13e7ea9518ddf,2020-03-20_23-21-21,1584746481,10.359339952468872,7399.327469825745,23993,eclipse,137.195.211.213,7399.327469825745,4015200,717,28,2ed37c9e,0.31,0.0,1.0,11.234649054003219,0.9889054892071047,1.4820005368713545,3946368,4015200,3040.076,5.699,7292.14,19.075,2.278125047683716,4.999999873689376e-05,120160.2421875,-0.027591262012720108,120160.2421875,0.35569480061531067,0.011526702903211117,1.047484040260315,0.0
3843.157933266335,-34.44873260030024,383.4643511618202,100.0,56,5600,False,4020800,40208,718,ae3b9b3532214bc3bad13e7ea9518ddf,2020-03-20_23-21-31,1584746491,10.379852294921875,7409.7073221206665,23993,eclipse,137.195.211.213,7409.7073221206665,4020800,718,28,2ed37c9e,0.28,0.0,1.0,11.234971838165439,0.9888861818211655,1.4819576171065776,3951872,4020800,3042.263,5.378,7289.104,19.46,2.278125047683716,4.999999873689376e-05,141980.125,-0.03092794679105282,141980.125,0.34546372294425964,0.013695561327040195,0.7921302318572998,0.0
3843.157933266335,-476.8500170658878,303.6476687999518,100.0,56,5600,False,4026400,40264,719,ae3b9b3532214bc3bad13e7ea9518ddf,2020-03-20_23-21-41,1584746501,10.358649253845215,7420.065971374512,23993,eclipse,137.195.211.213,7420.065971374512,4026400,719,28,2ed37c9e,0.26,0.0,1.0,11.23530989909665,0.9888709385474521,1.4819185016953957,3957376,4026400,3031.414,5.591,7284.129,19.267,2.278125047683716,4.999999873689376e-05,121544.359375,-0.026997476816177368,121544.359375,0.2602084279060364,0.013734293170273304,1.007330298423767,0.0
3101.0343270389376,-567.3572896881321,360.52358847844806,100.0,56,5600,False,4032000,40320,720,ae3b9b3532214bc3bad13e7ea9518ddf,2020-03-20_23-21-52,1584746512,10.401029586791992,7430.467000961304,23993,eclipse,137.195.211.213,7430.467000961304,4032000,720,28,2ed37c9e,0.27,0.0,1.0,11.235497647615503,0.9888582818288476,1.481889001787257,3962880,4032000,3012.692,5.381,7285.863,19.998,2.278125047683716,4.999999873689376e-05,170238.34375,-0.0348123162984848,170238.359375,0.4103463292121887,0.011100509203970432,1.356720209121704,0.0
3101.0343270389376,-567.3572896881321,324.33929870181225,100.0,56,5600,False,4037600,40376,721,ae3b9b3532214bc3bad13e7ea9518ddf,2020-03-20_23-22-02,1584746522,10.414961576461792,7440.8819625377655,23993,eclipse,137.195.211.213,7440.8819625377655,4037600,721,28,2ed37c9e,0.27,0.0,1.0,11.235546872714364,0.9888434241383615,1.4818561559918084,3968384,4037600,3012.887,5.453,7292.52,21.794,2.278125047683716,4.999999873689376e-05,73378.609375,-0.032999951392412186,73378.625,0.3765428364276886,0.010331541299819946,1.2058559656143188,0.0
2309.8118029657353,-522.2047302822655,232.9523364311974,100.0,56,5600,False,4043200,40432,722,ae3b9b3532214bc3bad13e7ea9518ddf,2020-03-20_23-22-13,1584746533,10.52415680885315,7451.406119346619,23993,eclipse,137.195.211.213,7451.406119346619,4043200,722,28,2ed37c9e,0.25,0.0,1.0,11.235698179882133,0.9888447587242891,1.4818127429739958,3973888,4043200,3027.435,5.635,7296.902,21.768,2.278125047683716,4.999999873689376e-05,87776.1328125,-0.02908838912844658,87776.125,0.24100670218467712,0.011203167960047722,0.8927174210548401,0.0
3208.2495416195347,-36.23138705392659,348.61031043584205,100.0,56,5600,False,4048800,40488,723,ae3b9b3532214bc3bad13e7ea9518ddf,2020-03-20_23-22-23,1584746543,10.414538145065308,7461.820657491684,23993,eclipse,137.195.211.213,7461.820657491684,4048800,723,28,2ed37c9e,0.29,0.0,1.0,11.235861470201653,0.988855447077965,1.4817658640618447,3979392,4048800,3021.012,5.978,7296.818,21.776,2.278125047683716,4.999999873689376e-05,162183.703125,-0.036357104778289795,162183.71875,0.38121214509010315,0.00956038013100624,1.1541212797164917,0.0
3629.3333842365105,-36.23138705392659,361.6585732479644,100.0,56,5600,False,4054400,40544,724,ae3b9b3532214bc3bad13e7ea9518ddf,2020-03-20_23-22-34,1584746554,10.299738883972168,7472.120396375656,23993,eclipse,137.195.211.213,7472.120396375656,4054400,724,28,2ed37c9e,0.35,0.0,1.0,11.236005833686097,0.9888610234863441,1.481735803301562,3984896,4054400,3018.151,6.232,7284.733,21.854,2.278125047683716,4.999999873689376e-05,134648.125,-0.03516716882586479,134648.125,0.27250850200653076,0.010787438601255417,1.019113302230835,0.0
3629.3333842365105,-33.85384863339605,290.62616770341407,100.0,56,5600,False,4060000,40600,725,ae3b9b3532214bc3bad13e7ea9518ddf,2020-03-20_23-22-44,1584746564,10.397595405578613,7482.517991781235,23993,eclipse,137.195.211.213,7482.517991781235,4060000,725,28,2ed37c9e,0.33,0.0,1.0,11.236151667626578,0.9888756647872468,1.4817144725308242,3990400,4060000,3011.418,6.251,7280.084,21.296,2.278125047683716,4.999999873689376e-05,46034.26953125,-0.02854534424841404,46034.26953125,0.3742707669734955,0.011635102331638336,1.138532280921936,0.0
2104.642127189159,-33.85384863339605,322.6903472043186,100.0,56,5600,False,4065600,40656,726,ae3b9b3532214bc3bad13e7ea9518ddf,2020-03-20_23-22-55,1584746575,10.379287719726562,7492.897279500961,23993,eclipse,137.195.211.213,7492.897279500961,4065600,726,28,2ed37c9e,0.38,0.0,1.0,11.236357338039488,0.9888792074805809,1.481667988415291,3995904,4065600,3015.619,6.359,7278.064,21.744,2.278125047683716,4.999999873689376e-05,98747.1640625,-0.03701826184988022,98747.1875,0.40269935131073,0.011947612278163433,0.9361772537231445,0.0
4264.36036948202,-60.445965347882506,365.5301349088961,100.0,56,5600,False,4071200,40712,727,ae3b9b3532214bc3bad13e7ea9518ddf,2020-03-20_23-23-05,1584746585,10.413219213485718,7503.310498714447,23993,eclipse,137.195.211.213,7503.310498714447,4071200,727,28,2ed37c9e,0.36,0.0,1.0,11.236499541578505,0.9888711118454032,1.4816139253979557,4001408,4071200,3017.872,6.397,7282.656,21.404,2.278125047683716,4.999999873689376e-05,203880.765625,-0.03314492478966713,203880.765625,0.3396740257740021,0.010616595856845379,1.263012409210205,0.0
4264.36036948202,-34.36431129842776,391.218917302614,100.0,56,5600,False,4076800,40768,728,ae3b9b3532214bc3bad13e7ea9518ddf,2020-03-20_23-23-15,1584746595,10.22325587272644,7513.5337545871735,23993,eclipse,137.195.211.213,7513.5337545871735,4076800,728,28,2ed37c9e,0.36,0.0,1.0,11.236899288381421,0.9888668842599873,1.4816708048154772,4006912,4076800,3047.24,6.821,7237.765,21.095,2.278125047683716,4.999999873689376e-05,194357.984375,-0.03584454208612442,194357.984375,0.3062586486339569,0.009857929311692715,0.9657772779464722,0.0
4082.9718529690144,-163.2194725951902,305.4497319715806,100.0,56,5600,False,4082400,40824,729,ae3b9b3532214bc3bad13e7ea9518ddf,2020-03-20_23-23-26,1584746606,10.044321775436401,7523.57807636261,23993,eclipse,137.195.211.213,7523.57807636261,4082400,729,28,2ed37c9e,0.29,0.0,1.0,11.237390359957482,0.9888732691454368,1.4817500836479554,4012416,4082400,3059.486,6.391,7194.701,21.248,2.278125047683716,4.999999873689376e-05,55665.96484375,-0.035307250916957855,55665.97265625,0.32055988907814026,0.01186247356235981,0.6336073279380798,0.0
3308.905740686986,-163.2194725951902,325.2365553317708,100.0,56,5600,False,4088000,40880,730,ae3b9b3532214bc3bad13e7ea9518ddf,2020-03-20_23-23-36,1584746616,10.165024280548096,7533.743100643158,23993,eclipse,137.195.211.213,7533.743100643158,4088000,730,28,2ed37c9e,0.3,0.0,1.0,11.238002401645469,0.9888793472172722,1.4818186628593484,4017920,4088000,3071.438,6.574,7157.584,20.509,2.278125047683716,4.999999873689376e-05,150558.1875,-0.031013166531920433,150558.171875,0.3181905448436737,0.013297561556100845,0.7572463154792786,0.0
3750.467685028793,-142.19818144316045,485.3965933682428,100.0,56,5600,False,4093600,40936,731,ae3b9b3532214bc3bad13e7ea9518ddf,2020-03-20_23-23-46,1584746626,10.179997444152832,7543.923098087311,23993,eclipse,137.195.211.213,7543.923098087311,4093600,731,28,2ed37c9e,0.38,0.0,1.0,11.238751582387968,0.9888923994160247,1.4819503245730268,4023424,4093600,3088.692,6.742,7118.762,19.051,2.278125047683716,4.999999873689376e-05,248819.203125,-0.033104024827480316,248819.203125,0.32104504108428955,0.013154569081962109,0.9112953543663025,0.0
3750.467685028793,-142.19818144316045,481.21447010892354,100.0,56,5600,False,4099200,40992,732,ae3b9b3532214bc3bad13e7ea9518ddf,2020-03-20_23-23-56,1584746636,10.260830163955688,7554.1839282512665,23993,eclipse,137.195.211.213,7554.1839282512665,4099200,732,28,2ed37c9e,0.35,0.0,1.0,11.23951366454226,0.9888939628582287,1.482045837151842,4028928,4099200,3091.781,6.753,7090.99,19.083,2.278125047683716,4.999999873689376e-05,157451.296875,-0.03581120818853378,157451.3125,0.3361838757991791,0.010757184587419033,0.8136273622512817,0.0
3100.040915292103,-40.91209634976348,341.3668650520264,100.0,56,5600,False,4104800,41048,733,ae3b9b3532214bc3bad13e7ea9518ddf,2020-03-20_23-24-07,1584746647,10.34501314163208,7564.528941392899,23993,eclipse,137.195.211.213,7564.528941392899,4104800,733,28,2ed37c9e,0.29,0.0,1.0,11.239899191848258,0.9888934147451394,1.4820551253661864,4034432,4104800,3085.827,6.616,7091.122,19.137,2.278125047683716,4.999999873689376e-05,82650.171875,-0.030329180881381035,82650.1796875,0.32797670364379883,0.014445284381508827,1.243656039237976,0.0
2759.520867382236,-116.66002128670046,253.91486549339876,100.0,56,5600,False,4110400,41104,734,ae3b9b3532214bc3bad13e7ea9518ddf,2020-03-20_23-24-17,1584746657,10.324774742126465,7574.853716135025,23993,eclipse,137.195.211.213,7574.853716135025,4110400,734,28,2ed37c9e,0.26,0.0,1.0,11.23991578135887,0.98888633217298,1.4820326672923267,4039936,4110400,3082.102,6.325,7099.519,18.11,2.278125047683716,4.999999873689376e-05,79996.4296875,-0.03420383855700493,79996.4453125,0.3425428867340088,0.01239447109401226,1.4386869668960571,0.0
4984.764601775297,-33.42681845797013,341.8299000647157,100.0,56,5600,False,4116000,41160,735,ae3b9b3532214bc3bad13e7ea9518ddf,2020-03-20_23-24-28,1584746668,10.508779287338257,7585.362495422363,23993,eclipse,137.195.211.213,7585.362495422363,4116000,735,28,2ed37c9e,0.27,0.0,1.0,11.24005127075198,0.9888763911919531,1.4819894204611586,4045440,4116000,3085.477,6.348,7105.455,18.03,2.278125047683716,4.999999873689376e-05,214156.203125,-0.02889832854270935,214156.234375,0.28634190559387207,0.010627081617712975,0.9266533255577087,0.0
4984.764601775297,-33.42681845797013,339.6133506926419,100.0,56,5600,False,4121600,41216,736,ae3b9b3532214bc3bad13e7ea9518ddf,2020-03-20_23-24-38,1584746678,10.478446245193481,7595.840941667557,23993,eclipse,137.195.211.213,7595.840941667557,4121600,736,28,2ed37c9e,0.32,0.0,1.0,11.24027455929925,0.988877702345038,1.481941942091659,4050944,4121600,3085.663,6.248,7116.381,18.018,2.278125047683716,4.999999873689376e-05,88949.6875,-0.032464418560266495,88949.6875,0.3303956389427185,0.010980782099068165,0.8037892580032349,0.0
3004.067298981686,-160.38245606190284,260.44337863225905,100.0,56,5600,False,4127200,41272,737,ae3b9b3532214bc3bad13e7ea9518ddf,2020-03-20_23-24-49,1584746689,10.492120742797852,7606.333062410355,23993,eclipse,137.195.211.213,7606.333062410355,4127200,737,28,2ed37c9e,0.33,0.0,1.0,11.240486998367599,0.988877470209045,1.4819122060914396,4056448,4127200,3089.597,6.332,7118.309,18.299,2.278125047683716,4.999999873689376e-05,50691.14453125,-0.03415752947330475,50691.15625,0.37607380747795105,0.010433859191834927,1.1722187995910645,0.0
3438.932436733608,-239.32425232792255,333.4533197414977,100.0,56,5600,False,4132800,41328,738,ae3b9b3532214bc3bad13e7ea9518ddf,2020-03-20_23-24-59,1584746699,10.371760845184326,7616.704823255539,23993,eclipse,137.195.211.213,7616.704823255539,4132800,738,28,2ed37c9e,0.32,0.0,1.0,11.240789936182582,0.9888619939841294,1.4818979993959038,4061952,4132800,3058.9,6.406,7161.955,19.276,2.278125047683716,4.999999873689376e-05,190323.921875,-0.03744620084762573,190323.921875,0.31900620460510254,0.010126537643373013,0.8464180827140808,0.0
3438.932436733608,-484.75227937899933,322.61239714265923,100.0,56,5600,False,4138400,41384,739,ae3b9b3532214bc3bad13e7ea9518ddf,2020-03-20_23-25-09,1584746709,10.388704538345337,7627.093527793884,23993,eclipse,137.195.211.213,7627.093527793884,4138400,739,28,2ed37c9e,0.32,0.0,1.0,11.240861782679207,0.9888690726542795,1.481872694178274,4067456,4138400,3047.242,6.684,7207.972,19.295,2.278125047683716,4.999999873689376e-05,83813.703125,-0.032952096313238144,83813.7109375,0.362537682056427,0.01256400067359209,1.346132516860962,0.0
2429.40329796872,-484.75227937899933,262.0228925716777,100.0,56,5600,False,4144000,41440,740,ae3b9b3532214bc3bad13e7ea9518ddf,2020-03-20_23-25-20,1584746720,10.36729645729065,7637.460824251175,23993,eclipse,137.195.211.213,7637.460824251175,4144000,740,28,2ed37c9e,0.3,0.0,1.0,11.24100680973108,0.9888850600017131,1.4818374316605378,4072960,4144000,3035.267,6.566,7242.288,19.957,2.278125047683716,4.999999873689376e-05,71591.2265625,-0.0229379590600729,71591.21875,0.36835333704948425,0.01494712196290493,0.8489145636558533,0.0
4199.008068878166,-431.02014612385983,444.9863547908568,100.0,56,5600,False,4149600,41496,741,ae3b9b3532214bc3bad13e7ea9518ddf,2020-03-20_23-25-31,1584746731,10.551294326782227,7648.012118577957,23993,eclipse,137.195.211.213,7648.012118577957,4149600,741,28,2ed37c9e,0.32,0.0,1.0,11.241402305587563,0.9888919765339023,1.4817952007337347,4078464,4149600,3034.842,6.52,7281.206,19.316,2.278125047683716,4.999999873689376e-05,352549.65625,-0.03454330563545227,352549.65625,0.3023238778114319,0.014223146252334118,0.7731146812438965,0.0
4415.283007245604,-404.6569151973936,402.1017811232021,100.0,56,5600,False,4155200,41552,742,ae3b9b3532214bc3bad13e7ea9518ddf,2020-03-20_23-25-41,1584746741,10.270564079284668,7658.282682657242,23993,eclipse,137.195.211.213,7658.282682657242,4155200,742,28,2ed37c9e,0.32,0.0,1.0,11.24169602460363,0.9888852921374891,1.4817514848668987,4083968,4155200,3018.453,6.735,7299.34,19.306,2.278125047683716,4.999999873689376e-05,142305.859375,-0.0254003144800663,142305.859375,0.35163071751594543,0.011697954498231411,1.1002646684646606,0.0
5682.315073267035,-55.05961005094932,393.5613226785424,100.0,56,5600,False,4160800,41608,743,ae3b9b3532214bc3bad13e7ea9518ddf,2020-03-20_23-25-51,1584746751,10.475005149841309,7668.757687807083,23993,eclipse,137.195.211.213,7668.757687807083,4160800,743,28,2ed37c9e,0.37,0.0,1.0,11.241889724529283,0.9888682763061689,1.4817070252085676,4089472,4160800,3031.395,6.764,7300.273,19.338,2.278125047683716,4.999999873689376e-05,252619.28125,-0.028440553694963455,252619.234375,0.2363182157278061,0.010070192627608776,0.728076159954071,0.0
5682.315073267035,-55.05961005094932,440.80435966168494,100.0,56,5600,False,4166400,41664,744,ae3b9b3532214bc3bad13e7ea9518ddf,2020-03-20_23-26-02,1584746762,10.327388525009155,7679.085076332092,23993,eclipse,137.195.211.213,7679.085076332092,4166400,744,28,2ed37c9e,0.36,0.0,1.0,11.24212619492081,0.9888563000260168,1.4816646607051076,4094976,4166400,3035.313,6.851,7296.434,19.805,2.278125047683716,4.999999873689376e-05,226702.796875,-0.03560502454638481,226702.8125,0.32073190808296204,0.012378103099763393,0.5434610247612,0.0
4437.390216199548,-27.68410887106676,490.384714914696,100.0,56,5600,False,4172000,41720,745,ae3b9b3532214bc3bad13e7ea9518ddf,2020-03-20_23-26-12,1584746772,10.315083026885986,7689.400159358978,23993,eclipse,137.195.211.213,7689.400159358978,4172000,745,28,2ed37c9e,0.36,0.0,1.0,11.242505292069247,0.9888447557692664,1.4816312655179658,4100480,4172000,3032.968,6.761,7281.109,19.968,2.278125047683716,4.999999873689376e-05,203066.0625,-0.034659095108509064,203066.046875,0.35045716166496277,0.012425189837813377,0.5690591931343079,0.0
4734.405213254418,-154.44556048004392,537.439357950597,100.0,56,5600,False,4177600,41776,746,ae3b9b3532214bc3bad13e7ea9518ddf,2020-03-20_23-26-23,1584746783,10.523547649383545,7699.923707008362,23993,eclipse,137.195.211.213,7699.923707008362,4177600,746,28,2ed37c9e,0.4,0.0,1.0,11.242767343925193,0.988832767757301,1.4815911342343366,4105984,4177600,3034.223,6.474,7284.441,19.569,2.278125047683716,4.999999873689376e-05,290731.625,-0.03403494507074356,290731.65625,0.30248188972473145,0.010967785492539406,0.8240811824798584,0.0
4734.405213254418,-154.44556048004392,378.7161849819988,100.0,56,5600,False,4183200,41832,747,ae3b9b3532214bc3bad13e7ea9518ddf,2020-03-20_23-26-33,1584746793,10.429237365722656,7710.3529443740845,23993,eclipse,137.195.211.213,7710.3529443740845,4183200,747,28,2ed37c9e,0.39,0.0,1.0,11.242972008983793,0.9888132596930788,1.4815404640500573,4111488,4183200,3030.633,6.435,7282.404,19.838,2.278125047683716,4.999999873689376e-05,58983.71484375,-0.032168783247470856,58983.71484375,0.31924763321876526,0.012574246153235435,0.8146400451660156,0.0
2749.3526894999914,-35.879738699564875,315.4465312283497,100.0,56,5600,False,4188800,41888,748,ae3b9b3532214bc3bad13e7ea9518ddf,2020-03-20_23-26-44,1584746804,10.466846704483032,7720.8197910785675,23993,eclipse,137.195.211.213,7720.8197910785675,4188800,748,28,2ed37c9e,0.29,0.0,1.0,11.243123134033478,0.988797340301106,1.4815008442536917,4116992,4188800,3037.359,6.311,7287.708,19.124,2.278125047683716,4.999999873689376e-05,128609.828125,-0.02633710764348507,128609.828125,0.3877178132534027,0.012615155428647995,1.0264179706573486,0.0
3536.7234930581303,-301.0312541913753,369.92789805450434,100.0,56,5600,False,4194400,41944,749,ae3b9b3532214bc3bad13e7ea9518ddf,2020-03-20_23-26-54,1584746814,10.352542877197266,7731.172333955765,23993,eclipse,137.195.211.213,7731.172333955765,4194400,749,28,2ed37c9e,0.29,0.0,1.0,11.243160534171261,0.9887877453991498,1.4814713644529052,4122496,4194400,3034.328,6.264,7288.912,18.733,2.278125047683716,4.999999873689376e-05,153770.296875,-0.03161641210317612,153770.296875,0.35946783423423767,0.015554402023553848,0.9172056317329407,0.0
3536.7234930581303,-470.5396470030463,370.03818221970533,100.0,56,5600,False,4200000,42000,750,ae3b9b3532214bc3bad13e7ea9518ddf,2020-03-20_23-27-04,1584746824,10.330948114395142,7741.50328207016,23993,eclipse,137.195.211.213,7741.50328207016,4200000,750,28,2ed37c9e,0.31,0.0,1.0,11.243130629199154,0.9887709507543613,1.481426826341516,4128000,4200000,3031.537,6.24,7288.307,18.2,2.278125047683716,4.999999873689376e-05,174031.453125,-0.03056926839053631,174031.453125,0.36308684945106506,0.012722151353955269,1.3081414699554443,0.0
3200.479104946589,-36.20964718375929,437.2203341092781,100.0,56,5600,False,4205600,42056,751,ae3b9b3532214bc3bad13e7ea9518ddf,2020-03-20_23-27-15,1584746835,10.40052318572998,7751.90380525589,23993,eclipse,137.195.211.213,7751.90380525589,4205600,751,28,2ed37c9e,0.37,0.0,1.0,11.243136003218314,0.9887355067765438,1.4813733308536552,4133504,4205600,3020.762,5.928,7284.58,17.908,2.278125047683716,4.999999873689376e-05,141911.875,-0.04089505597949028,141911.875,0.36966121196746826,0.011808418668806553,1.2941300868988037,0.0
2736.05147335697,-115.64577216420861,383.8470963108806,100.0,56,5600,False,4211200,42112,752,ae3b9b3532214bc3bad13e7ea9518ddf,2020-03-20_23-27-25,1584746845,10.324151039123535,7762.227956295013,23993,eclipse,137.195.211.213,7762.227956295013,4211200,752,28,2ed37c9e,0.34,0.0,1.0,11.243012179999862,0.988706003271616,1.4813480370072278,4139008,4211200,3025.99,5.676,7283.699,17.031,2.278125047683716,4.999999873689376e-05,95590.21875,-0.02702004462480545,95590.2109375,0.39697277545928955,0.012315248139202595,1.332621693611145,0.0
2347.839854208198,-115.64577216420861,320.6823505218428,100.0,56,5600,False,4216800,42168,753,ae3b9b3532214bc3bad13e7ea9518ddf,2020-03-20_23-27-36,1584746856,10.436702251434326,7772.664658546448,23993,eclipse,137.195.211.213,7772.664658546448,4216800,753,28,2ed37c9e,0.32,0.0,1.0,11.243111538764433,0.9886866148867771,1.4813171977985313,4144512,4216800,3018.491,5.752,7284.967,16.863,2.278125047683716,4.999999873689376e-05,71891.9453125,-0.03986145183444023,71891.9609375,0.3735317289829254,0.0114734573289752,0.6442195773124695,0.0
4201.576874080138,-437.10207218081223,399.3600654894612,100.0,56,5600,False,4222400,42224,754,ae3b9b3532214bc3bad13e7ea9518ddf,2020-03-20_23-27-46,1584746866,10.28909945487976,7782.9537580013275,23993,eclipse,137.195.211.213,7782.9537580013275,4222400,754,28,2ed37c9e,0.35,0.0,1.0,11.24314677069239,0.9886785527543067,1.4812759900326222,4150016,4222400,3015.224,5.589,7285.982,15.927,2.278125047683716,4.999999873689376e-05,230203.28125,-0.03482479974627495,230203.296875,0.36131200194358826,0.011695098131895065,1.392197847366333,0.0
4201.576874080138,-437.10207218081223,406.29609728041993,100.0,56,5600,False,4228000,42280,755,ae3b9b3532214bc3bad13e7ea9518ddf,2020-03-20_23-27-56,1584746876,10.372176170349121,7793.325934171677,23993,eclipse,137.195.211.213,7793.325934171677,4228000,755,28,2ed37c9e,0.31,0.0,1.0,11.242922787981932,0.9886804473163899,1.48122748219242,4155520,4228000,3011.523,5.555,7296.384,15.765,2.278125047683716,4.999999873689376e-05,157204.578125,-0.03098681941628456,157204.578125,0.38360321521759033,0.010071109980344772,1.6777689456939697,0.0
4508.375843301329,-547.5639412797267,400.85772080652214,100.0,56,5600,False,4233600,42336,756,ae3b9b3532214bc3bad13e7ea9518ddf,2020-03-20_23-28-07,1584746887,10.293250799179077,7803.619184970856,23993,eclipse,137.195.211.213,7803.619184970856,4233600,756,28,2ed37c9e,0.36,0.0,1.0,11.242942023110581,0.9886677008441366,1.4811792044603578,4161024,4233600,3008.854,5.76,7275.52,16.036,2.278125047683716,4.999999873689376e-05,156029.171875,-0.02901308238506317,156029.1875,0.38225147128105164,0.012462232261896133,0.7029440402984619,0.0
4508.375843301329,-547.5639412797267,369.0038045603464,100.0,56,5600,False,4239200,42392,757,ae3b9b3532214bc3bad13e7ea9518ddf,2020-03-20_23-28-17,1584746897,10.052574396133423,7813.671759366989,23993,eclipse,137.195.211.213,7813.671759366989,4239200,757,28,2ed37c9e,0.34,0.0,1.0,11.243216622459794,0.9886782742634046,1.4812044935177948,4166528,4239200,3015.013,5.754,7232.152,15.763,2.278125047683716,4.999999873689376e-05,114289.8125,-0.0316876545548439,114289.828125,0.44970032572746277,0.009264289401471615,1.1956713199615479,0.0
3194.1789460493706,-104.84149313078557,407.47482901533766,100.0,56,5600,False,4244800,42448,758,ae3b9b3532214bc3bad13e7ea9518ddf,2020-03-20_23-28-27,1584746907,10.330969095230103,7824.002728462219,23993,eclipse,137.195.211.213,7824.002728462219,4244800,758,28,2ed37c9e,0.33,0.0,1.0,11.243761405761152,0.9887003350207968,1.481285766037437,4172032,4244800,3042.314,5.678,7189.0,15.609,2.278125047683716,4.999999873689376e-05,141283.609375,-0.03368990123271942,141283.609375,0.34891021251678467,0.011166947893798351,1.021785020828247,0.0
3428.027337230932,-44.648225123562014,368.26788787092175,100.0,56,5600,False,4250400,42504,759,ae3b9b3532214bc3bad13e7ea9518ddf,2020-03-20_23-28-38,1584746918,10.525172233581543,7834.527900695801,23993,eclipse,137.195.211.213,7834.527900695801,4250400,759,28,2ed37c9e,0.35,0.0,1.0,11.244251701680914,0.9887119843980176,1.4813514702714468,4177536,4250400,3081.007,5.84,7166.487,15.713,2.278125047683716,4.999999873689376e-05,116333.765625,-0.025206973776221275,116333.765625,0.3557608127593994,0.015609330497682095,0.9270350337028503,0.0
3530.1699351183356,-436.0118516287757,422.6541896401674,100.0,56,5600,False,4256000,42560,760,ae3b9b3532214bc3bad13e7ea9518ddf,2020-03-20_23-28-48,1584746928,10.344559669494629,7844.872460365295,23993,eclipse,137.195.211.213,7844.872460365295,4256000,760,28,2ed37c9e,0.39,0.0,1.0,11.244806099759487,0.9887125152164438,1.481397002733948,4183040,4256000,3126.82,5.843,7122.211,15.936,2.278125047683716,4.999999873689376e-05,181798.671875,-0.033049747347831726,181798.703125,0.3810357451438904,0.014163644053041935,0.6068459749221802,0.0
3530.1699351183356,-491.9289703318229,351.27574099405206,100.0,56,5600,False,4261600,42616,761,ae3b9b3532214bc3bad13e7ea9518ddf,2020-03-20_23-28-59,1584746939,10.453768730163574,7855.326229095459,23993,eclipse,137.195.211.213,7855.326229095459,4261600,761,28,2ed37c9e,0.29,0.0,1.0,11.245343197984603,0.988705320915298,1.4814544143055093,4188544,4261600,3128.746,6.177,7123.995,15.804,2.278125047683716,4.999999873689376e-05,118398.1171875,-0.03422597423195839,118398.140625,0.37127602100372314,0.011520054191350937,1.2541207075119019,0.0
3433.419587619927,-238.98534509748262,267.79329583066504,100.0,56,5600,False,4267200,42672,762,ae3b9b3532214bc3bad13e7ea9518ddf,2020-03-20_23-29-09,1584746949,10.324540376663208,7865.650769472122,23993,eclipse,137.195.211.213,7865.650769472122,4267200,762,28,2ed37c9e,0.27,0.0,1.0,11.24568228320067,0.9887031912984935,1.4814532855279827,4194048,4267200,3129.746,6.197,7125.658,15.84,2.278125047683716,4.999999873689376e-05,80785.8515625,-0.0317051000893116,80785.859375,0.20456896722316742,0.011575933545827866,0.4614727199077606,0.0
3409.701511356759,-238.98534509748262,293.9882367910516,100.0,56,5600,False,4272800,42728,763,ae3b9b3532214bc3bad13e7ea9518ddf,2020-03-20_23-29-19,1584746959,10.252268075942993,7875.903037548065,23993,eclipse,137.195.211.213,7875.903037548065,4272800,763,28,2ed37c9e,0.29,0.0,1.0,11.24591123407632,0.9887057046207441,1.4814217151197904,4199552,4272800,3120.113,5.993,7116.743,16.365,2.278125047683716,4.999999873689376e-05,119295.859375,-0.03197566792368889,119295.875,0.29813334345817566,0.010336789302527905,0.7208487391471863,0.0
3409.701511356759,-39.051608100844966,370.1176837386961,100.0,56,5600,False,4278400,42784,764,ae3b9b3532214bc3bad13e7ea9518ddf,2020-03-20_23-29-30,1584746970,10.454805612564087,7886.357843160629,23993,eclipse,137.195.211.213,7886.357843160629,4278400,764,28,2ed37c9e,0.3,0.0,1.0,11.2460320122238,0.9886966946400509,1.4813900565218978,4205056,4278400,3127.21,6.097,7123.979,17.331,2.278125047683716,4.999999873689376e-05,145026.015625,-0.033800724893808365,145026.015625,0.37965571880340576,0.01304438803344965,0.8259731531143188,0.0
3973.559065283823,-341.8976491416267,527.6118880267543,100.0,56,5600,False,4284000,42840,765,ae3b9b3532214bc3bad13e7ea9518ddf,2020-03-20_23-29-40,1584746980,10.386892795562744,7896.744735956192,23993,eclipse,137.195.211.213,7896.744735956192,4284000,765,28,2ed37c9e,0.39,0.0,1.0,11.246195262484543,0.9886783266659918,1.4813524103781432,4210560,4284000,3127.399,5.943,7124.993,17.474,2.278125047683716,4.999999873689376e-05,270405.90625,-0.030667902901768684,270405.9375,0.3890174627304077,0.014254008419811726,0.9447119832038879,0.0
3973.559065283823,-341.8976491416267,429.15558852280594,100.0,56,5600,False,4289600,42896,766,ae3b9b3532214bc3bad13e7ea9518ddf,2020-03-20_23-29-51,1584746991,10.333948373794556,7907.078684329987,23993,eclipse,137.195.211.213,7907.078684329987,4289600,766,28,2ed37c9e,0.34,0.0,1.0,11.246345071291241,0.9886699478034209,1.4813236131869179,4216064,4289600,3119.139,6.123,7137.552,17.07,2.278125047683716,4.999999873689376e-05,73423.0859375,-0.018084455281496048,73423.078125,0.38280412554740906,0.013534404337406158,0.743537425994873,0.0
3530.157544715221,-286.5011695671879,250.60464629844293,100.0,56,5600,False,4295200,42952,767,ae3b9b3532214bc3bad13e7ea9518ddf,2020-03-20_23-30-01,1584747001,10.377935647964478,7917.456619977951,23993,eclipse,137.195.211.213,7917.456619977951,4295200,767,28,2ed37c9e,0.3,0.0,1.0,11.246528202520686,0.9886688279258796,1.4813051743292176,4221568,4295200,3106.75,6.1,7182.847,17.193,2.278125047683716,4.999999873689376e-05,63178.703125,-0.03831636533141136,63178.71484375,0.32629987597465515,0.010427547618746758,1.1320645809173584,0.0
2856.88908409318,-286.5011695671879,263.4318596706554,100.0,56,5600,False,4300800,43008,768,ae3b9b3532214bc3bad13e7ea9518ddf,2020-03-20_23-30-12,1584747012,10.421847820281982,7927.878467798233,23993,eclipse,137.195.211.213,7927.878467798233,4300800,768,28,2ed37c9e,0.31,0.0,1.0,11.246684390491296,0.9886712005926789,1.4812811329404,4227072,4300800,3071.658,6.161,7225.656,18.412,2.278125047683716,4.999999873689376e-05,111594.71875,-0.028551897034049034,111594.71875,0.34838610887527466,0.01466024573892355,0.7243666648864746,0.0
2856.88908409318,-31.919078002786673,318.50162313847017,100.0,56,5600,False,4306400,43064,769,ae3b9b3532214bc3bad13e7ea9518ddf,2020-03-20_23-30-22,1584747022,10.33132028579712,7938.20978808403,23993,eclipse,137.195.211.213,7938.20978808403,4306400,769,28,2ed37c9e,0.36,0.0,1.0,11.247031998103514,0.9886738400323225,1.4812481190979678,4232576,4306400,3034.852,5.919,7243.017,18.807,2.278125047683716,4.999999873689376e-05,70550.0703125,-0.03339746221899986,70550.078125,0.33592984080314636,0.010004857555031776,0.8315486311912537,0.0
3647.5623781523973,-40.66406821744697,341.5299231112346,100.0,56,5600,False,4312000,43120,770,ae3b9b3532214bc3bad13e7ea9518ddf,2020-03-20_23-30-33,1584747033,10.476686239242554,7948.686474323273,23993,eclipse,137.195.211.213,7948.686474323273,4312000,770,28,2ed37c9e,0.33,0.0,1.0,11.247427660062902,0.9886658824857539,1.4812006718325381,4238080,4312000,3003.314,5.8,7289.935,18.423,2.278125047683716,4.999999873689376e-05,140824.375,-0.02733027935028076,140824.375,0.367725133895874,0.011193245649337769,0.6444040536880493,0.0
3647.5623781523973,-40.66406821744697,256.7948756432996,100.0,56,5600,False,4317600,43176,771,ae3b9b3532214bc3bad13e7ea9518ddf,2020-03-20_23-30-43,1584747043,10.445931196212769,7959.1324055194855,23993,eclipse,137.195.211.213,7959.1324055194855,4317600,771,28,2ed37c9e,0.28,0.0,1.0,11.247589360987845,0.9886442290061391,1.4811555741190496,4243584,4317600,3001.346,5.771,7291.78,18.72,2.278125047683716,4.999999873689376e-05,41372.97265625,-0.03765232488512993,41372.984375,0.14568853378295898,0.010936252772808075,1.1337919235229492,0.0
3098.0513347198225,-34.79357658548767,311.3852532771751,100.0,56,5600,False,4323200,43232,772,ae3b9b3532214bc3bad13e7ea9518ddf,2020-03-20_23-30-53,1584747053,10.385048151016235,7969.517453670502,23993,eclipse,137.195.211.213,7969.517453670502,4323200,772,28,2ed37c9e,0.31,0.0,1.0,11.2476949915329,0.9886304719616968,1.4811183171862876,4249088,4323200,3000.414,5.667,7296.759,19.531,2.278125047683716,4.999999873689376e-05,153513.578125,-0.03284294158220291,153513.578125,0.4131360948085785,0.013457125052809715,0.836881697177887,0.0
3239.08822707611,-398.49870118709674,361.0526416927954,100.0,56,5600,False,4328800,43288,773,ae3b9b3532214bc3bad13e7ea9518ddf,2020-03-20_23-31-04,1584747064,10.387001991271973,7979.904455661774,23993,eclipse,137.195.211.213,7979.904455661774,4328800,773,28,2ed37c9e,0.35,0.0,1.0,11.24789969563326,0.9886221535291224,1.4810812604817158,4254592,4328800,3008.155,5.944,7302.755,19.402,2.278125047683716,4.999999873689376e-05,97002.7109375,-0.030699513852596283,97002.71875,0.3286881446838379,0.011462937109172344,0.8349056839942932,0.0
3239.08822707611,-398.49870118709674,341.9476853490843,100.0,56,5600,False,4334400,43344,774,ae3b9b3532214bc3bad13e7ea9518ddf,2020-03-20_23-31-14,1584747074,10.30337643623352,7990.207832098007,23993,eclipse,137.195.211.213,7990.207832098007,4334400,774,28,2ed37c9e,0.32,0.0,1.0,11.248194904183798,0.9885928365830936,1.4810482483993672,4260096,4334400,3004.196,5.989,7290.878,20.092,2.278125047683716,4.999999873689376e-05,121049.8046875,-0.034504860639572144,121049.8125,0.39030465483665466,0.010591058991849422,0.8503414392471313,0.0
2559.2562915016883,-566.7483375462938,306.1841206118729,100.0,56,5600,False,4340000,43400,775,ae3b9b3532214bc3bad13e7ea9518ddf,2020-03-20_23-31-25,1584747085,10.338906049728394,8000.546738147736,23993,eclipse,137.195.211.213,8000.546738147736,4340000,775,28,2ed37c9e,0.26,0.0,1.0,11.248211149239882,0.9885802885565452,1.4810122414661289,4265600,4340000,2998.225,6.156,7291.169,20.371,2.278125047683716,4.999999873689376e-05,95436.7890625,-0.02657512202858925,95436.796875,0.3559994697570801,0.010581212118268013,1.426029086112976,0.0
3345.7911667245157,-566.7483375462938,309.6312907817574,100.0,56,5600,False,4345600,43456,776,ae3b9b3532214bc3bad13e7ea9518ddf,2020-03-20_23-31-35,1584747095,10.421598672866821,8010.968336820602,23993,eclipse,137.195.211.213,8010.968336820602,4345600,776,28,2ed37c9e,0.26,0.0,1.0,11.248325853532167,0.9885831678521825,1.4809836867425554,4271104,4345600,3004.634,6.101,7293.997,20.846,2.278125047683716,4.999999873689376e-05,114808.0234375,-0.03370046988129616,114808.0234375,0.3556242883205414,0.012326558120548725,0.5908605456352234,0.0
3345.7911667245157,-340.6191082495788,299.7392992011308,100.0,56,5600,False,4351200,43512,777,ae3b9b3532214bc3bad13e7ea9518ddf,2020-03-20_23-31-45,1584747105,10.373287200927734,8021.34162402153,23993,eclipse,137.195.211.213,8021.34162402153,4351200,777,28,2ed37c9e,0.28,0.0,1.0,11.24836054563498,0.9885740048838514,1.4809574312762686,4276608,4351200,3006.229,6.038,7291.303,20.548,2.278125047683716,4.999999873689376e-05,91588.59375,-0.035180795937776566,91588.609375,0.34144648909568787,0.009458589367568493,1.3282424211502075,0.0
3892.1827986874832,-102.77919797697749,414.0456829287703,100.0,56,5600,False,4356800,43568,778,ae3b9b3532214bc3bad13e7ea9518ddf,2020-03-20_23-31-56,1584747116,10.434081554412842,8031.775705575943,23993,eclipse,137.195.211.213,8031.775705575943,4356800,778,28,2ed37c9e,0.34,0.0,1.0,11.248288933433642,0.9885602307423165,1.4809256636522614,4282112,4356800,3011.837,5.962,7289.144,20.259,2.278125047683716,4.999999873689376e-05,231141.46875,-0.02587921731173992,231141.421875,0.3811214864253998,0.016592148691415787,0.9361011385917664,0.0
5398.587879703492,-574.5832808071648,400.40402664402893,100.0,56,5600,False,4362400,43624,779,ae3b9b3532214bc3bad13e7ea9518ddf,2020-03-20_23-32-06,1584747126,10.372644662857056,8042.1483502388,23993,eclipse,137.195.211.213,8042.1483502388,4362400,779,28,2ed37c9e,0.37,0.0,1.0,11.24852323871172,0.9885433138031117,1.4809040947884222,4287616,4362400,3018.042,6.181,7288.086,19.364,2.278125047683716,4.999999873689376e-05,183897.0625,-0.028812069445848465,183897.0625,0.25368183851242065,0.01232871226966381,0.8695473670959473,0.0
3087.3432303315094,-574.5832808071648,298.24854938546525,100.0,56,5600,False,4368000,43680,780,ae3b9b3532214bc3bad13e7ea9518ddf,2020-03-20_23-32-17,1584747137,10.381299018859863,8052.52964925766,23993,eclipse,137.195.211.213,8052.52964925766,4368000,780,28,2ed37c9e,0.41,0.0,1.0,11.24868639549178,0.9885176108090334,1.4808860732824052,4293120,4368000,3002.362,6.318,7290.985,20.182,2.278125047683716,4.999999873689376e-05,113597.3359375,-0.029072750359773636,113597.3359375,0.3283272385597229,0.01093178242444992,1.1141729354858398,0.0
3863.9868788809063,-550.0218404556309,247.10870962663452,100.0,56,5600,False,4373600,43736,781,ae3b9b3532214bc3bad13e7ea9518ddf,2020-03-20_23-32-27,1584747147,10.510172128677368,8063.039821386337,23993,eclipse,137.195.211.213,8063.039821386337,4373600,781,28,2ed37c9e,0.28,0.0,1.0,11.248856682578737,0.9885046409072415,1.4808549170521599,4298624,4373600,3007.143,6.221,7291.638,20.468,2.278125047683716,4.999999873689376e-05,148916.078125,-0.027250375598669052,148916.0625,0.35078272223472595,0.011881178244948387,1.0343358516693115,0.0
3863.9868788809063,-550.0218404556309,345.24882630578503,100.0,56,5600,False,4379200,43792,782,ae3b9b3532214bc3bad13e7ea9518ddf,2020-03-20_23-32-38,1584747158,10.558857202529907,8073.598678588867,23993,eclipse,137.195.211.213,8073.598678588867,4379200,782,28,2ed37c9e,0.31,0.0,1.0,11.249158158048685,0.9884997202390611,1.4808071687055613,4304128,4379200,3021.197,6.579,7296.19,19.99,2.278125047683716,4.999999873689376e-05,101544.1171875,-0.02852027118206024,101544.1015625,0.3573833703994751,0.012759920209646225,0.7374758720397949,0.0
4536.020334224152,-52.48639894286263,328.29746203090076,100.0,56,5600,False,4384800,43848,783,ae3b9b3532214bc3bad13e7ea9518ddf,2020-03-20_23-32-48,1584747168,10.373968362808228,8083.972646951675,23993,eclipse,137.195.211.213,8083.972646951675,4384800,783,28,2ed37c9e,0.26,0.0,1.0,11.249327532427333,0.9885121918302727,1.4807738046483618,4309632,4384800,3021.454,6.63,7293.554,20.182,2.278125047683716,4.999999873689376e-05,206553.015625,-0.03054589405655861,206553.015625,0.35305875539779663,0.012572314590215683,1.0917044878005981,0.0
5674.946027706949,-36.234715721283166,387.9117979826708,100.0,56,5600,False,4390400,43904,784,ae3b9b3532214bc3bad13e7ea9518ddf,2020-03-20_23-32-59,1584747179,10.306241989135742,8094.278888940811,23993,eclipse,137.195.211.213,8094.278888940811,4390400,784,28,2ed37c9e,0.32,0.0,1.0,11.249469315472341,0.9885147614135112,1.4807567503365062,4315136,4390400,3019.308,6.675,7296.56,19.682,2.278125047683716,4.999999873689376e-05,221680.28125,-0.0307265967130661,221680.296875,0.2718470096588135,0.00892956368625164,1.0331509113311768,0.0
5674.946027706949,-33.423002213955854,430.98676859423125,100.0,56,5600,False,4396000,43960,785,ae3b9b3532214bc3bad13e7ea9518ddf,2020-03-20_23-33-09,1584747189,10.163764715194702,8104.442653656006,23993,eclipse,137.195.211.213,8104.442653656006,4396000,785,28,2ed37c9e,0.37,0.0,1.0,11.249710728310347,0.9885038341802823,1.48073817947343,4320640,4396000,3026.031,6.762,7274.589,18.86,2.278125047683716,4.999999873689376e-05,185920.296875,-0.028306297957897186,185920.296875,0.3443651497364044,0.01311689242720604,0.7591782212257385,0.0
3094.474357599785,-608.3189562992031,379.02774705537456,100.0,56,5600,False,4401600,44016,786,ae3b9b3532214bc3bad13e7ea9518ddf,2020-03-20_23-33-19,1584747199,10.245375871658325,8114.688029527664,23993,eclipse,137.195.211.213,8114.688029527664,4401600,786,28,2ed37c9e,0.37,0.0,1.0,11.25019866718737,0.9884971324714887,1.4807550280854291,4326144,4401600,3045.542,6.884,7235.684,17.864,2.278125047683716,4.999999873689376e-05,85227.5078125,-0.029991500079631805,85227.515625,0.39909234642982483,0.011300811544060707,0.8911088705062866,0.0
4092.9946477781555,-608.3189562992031,329.17905735634844,100.0,56,5600,False,4407200,44072,787,ae3b9b3532214bc3bad13e7ea9518ddf,2020-03-20_23-33-30,1584747210,10.277219533920288,8124.9652490615845,23993,eclipse,137.195.211.213,8124.9652490615845,4407200,787,28,2ed37c9e,0.32,0.0,1.0,11.25083513668637,0.988513157978133,1.4807982853507367,4331648,4407200,3078.769,7.088,7191.395,17.876,2.278125047683716,4.999999873689376e-05,114579.6171875,-0.02757108397781849,114579.625,0.32140371203422546,0.01010796707123518,0.8119503259658813,0.0
4092.9946477781555,-37.34095693784787,421.604243029589,100.0,56,5600,False,4412800,44128,788,ae3b9b3532214bc3bad13e7ea9518ddf,2020-03-20_23-33-40,1584747220,10.27338981628418,8135.238638877869,23993,eclipse,137.195.211.213,8135.238638877869,4412800,788,28,2ed37c9e,0.28,0.0,1.0,11.251252611880664,0.9885305904712771,1.4808609914381359,4337152,4412800,3083.299,6.886,7170.654,17.765,2.278125047683716,4.999999873689376e-05,279054.6875,-0.03499538451433182,279054.71875,0.33630287647247314,0.01026829145848751,1.496061086654663,0.0
3891.092276939725,-37.34095693784787,557.2188266243129,100.0,56,5600,False,4418400,44184,789,ae3b9b3532214bc3bad13e7ea9518ddf,2020-03-20_23-33-50,1584747230,10.180602073669434,8145.419240951538,23993,eclipse,137.195.211.213,8145.419240951538,4418400,789,28,2ed37c9e,0.36,0.0,1.0,11.251618379861815,0.9885366947130007,1.480918638586037,4342656,4418400,3093.608,6.531,7138.142,18.263,2.278125047683716,4.999999873689376e-05,225220.046875,-0.028652573004364967,225220.046875,0.33430466055870056,0.01278065424412489,0.6852946281433105,0.0
3648.45402406776,-41.10894804973141,441.3550328087084,100.0,56,5600,False,4424000,44240,790,ae3b9b3532214bc3bad13e7ea9518ddf,2020-03-20_23-34-01,1584747241,10.57113790512085,8155.990378856659,23993,eclipse,137.195.211.213,8155.990378856659,4424000,790,28,2ed37c9e,0.36,0.0,1.0,11.252260635456368,0.9885702950405288,1.481004823851332,4348160,4424000,3121.92,6.511,7128.395,18.262,2.278125047683716,4.999999873689376e-05,110696.96875,-0.03682897984981537,110696.9921875,0.33639851212501526,0.01061058696359396,1.3734698295593262,0.0
3648.45402406776,-41.10894804973141,350.18925402085716,100.0,56,5600,False,4429600,44296,791,ae3b9b3532214bc3bad13e7ea9518ddf,2020-03-20_23-34-11,1584747251,10.310868740081787,8166.301247596741,23993,eclipse,137.195.211.213,8166.301247596741,4429600,791,28,2ed37c9e,0.31,0.0,1.0,11.252554737368442,0.988592311204361,1.4810458930924437,4353664,4429600,3108.843,6.758,7121.42,18.008,2.278125047683716,4.999999873689376e-05,136488.734375,-0.027975989505648613,136488.71875,0.385371595621109,0.01223952230066061,1.2857376337051392,0.0
3527.664259964459,-193.55079093582015,499.0047138085579,100.0,56,5600,False,4435200,44352,792,ae3b9b3532214bc3bad13e7ea9518ddf,2020-03-20_23-34-22,1584747262,10.415295839309692,8176.71654343605,23993,eclipse,137.195.211.213,8176.71654343605,4435200,792,28,2ed37c9e,0.35,0.0,1.0,11.2526400299928,0.9885828598036832,1.481009041250934,4359168,4435200,3093.225,6.442,7122.4,17.742,2.278125047683716,4.999999873689376e-05,220205.953125,-0.03133946657180786,220205.984375,0.39882388710975647,0.011905067600309849,1.0411756038665771,0.0
3527.0053454023714,-193.55079093582015,385.24876275274534,100.0,56,5600,False,4440800,44408,793,ae3b9b3532214bc3bad13e7ea9518ddf,2020-03-20_23-34-32,1584747272,10.218908548355103,8186.9354519844055,23993,eclipse,137.195.211.213,8186.9354519844055,4440800,793,28,2ed37c9e,0.36,0.0,1.0,11.252745836397912,0.9885803119118509,1.4809757937178003,4364672,4440800,3087.532,6.349,7114.196,17.435,2.278125047683716,4.999999873689376e-05,70766.7109375,-0.026690637692809105,70766.7109375,0.491260826587677,0.01015413273125887,1.1333388090133667,0.0
3394.4809241990356,-297.485760646802,469.5789927826234,100.0,56,5600,False,4446400,44464,794,ae3b9b3532214bc3bad13e7ea9518ddf,2020-03-20_23-34-42,1584747282,10.400088548660278,8197.335540533066,23993,eclipse,137.195.211.213,8197.335540533066,4446400,794,28,2ed37c9e,0.38,0.0,1.0,11.252754332448019,0.9885587595058144,1.480946074570781,4370176,4446400,3089.969,6.235,7121.177,17.466,2.278125047683716,4.999999873689376e-05,249163.65625,-0.034649789333343506,249163.65625,0.3384295105934143,0.01176318060606718,0.9477457404136658,0.0
3322.302766953622,-297.485760646802,450.84441716737564,100.0,56,5600,False,4452000,44520,795,ae3b9b3532214bc3bad13e7ea9518ddf,2020-03-20_23-34-53,1584747293,10.285339117050171,8207.620879650116,23993,eclipse,137.195.211.213,8207.620879650116,4452000,795,28,2ed37c9e,0.38,0.0,1.0,11.252834858731417,0.9885396320637525,1.480913518125186,4375680,4452000,3091.523,6.283,7131.145,18.03,2.278125047683716,4.999999873689376e-05,138585.046875,-0.03728042542934418,138585.0625,0.29493483901023865,0.01040978729724884,0.8769931197166443,0.0
4211.290852307308,-35.69629770475419,476.66484029934776,100.0,56,5600,False,4457600,44576,796,ae3b9b3532214bc3bad13e7ea9518ddf,2020-03-20_23-35-03,1584747303,10.436731576919556,8218.057611227036,23993,eclipse,137.195.211.213,8218.057611227036,4457600,796,28,2ed37c9e,0.4,0.0,1.0,11.253007130222214,0.9885465205232166,1.4808663141833904,4381184,4457600,3072.937,6.021,7170.978,18.288,2.278125047683716,4.999999873689376e-05,251605.625,-0.03549933433532715,251605.65625,0.3598734140396118,0.012230804190039635,0.7946090698242188,0.0
4211.290852307308,-297.15454528792924,452.09287959643984,100.0,56,5600,False,4463200,44632,797,ae3b9b3532214bc3bad13e7ea9518ddf,2020-03-20_23-35-13,1584747313,10.302210807800293,8228.359822034836,23993,eclipse,137.195.211.213,8228.359822034836,4463200,797,28,2ed37c9e,0.35,0.0,1.0,11.253134964889131,0.9885514087551573,1.4808221081407265,4386688,4463200,3040.335,5.752,7207.653,18.027,2.278125047683716,4.999999873689376e-05,136823.703125,-0.028590980917215347,136823.703125,0.35198187828063965,0.01221300009638071,0.8322980403900146,0.0
3012.9270943107517,-480.827156549807,385.7319185419848,100.0,56,5600,False,4468800,44688,798,ae3b9b3532214bc3bad13e7ea9518ddf,2020-03-20_23-35-24,1584747324,10.426870107650757,8238.786692142487,23993,eclipse,137.195.211.213,8238.786692142487,4468800,798,28,2ed37c9e,0.34,0.0,1.0,11.253393924707474,0.988544526876085,1.4807813145212554,4392192,4468800,3031.872,6.071,7230.805,18.112,2.278125047683716,4.999999873689376e-05,114792.3125,-0.03039352223277092,114792.3125,0.37446847558021545,0.012026945129036903,0.7351129055023193,0.0
3012.9270943107517,-480.827156549807,329.5962455441966,100.0,56,5600,False,4474400,44744,799,ae3b9b3532214bc3bad13e7ea9518ddf,2020-03-20_23-35-34,1584747334,10.302790641784668,8249.089482784271,23993,eclipse,137.195.211.213,8249.089482784271,4474400,799,28,2ed37c9e,0.32,0.0,1.0,11.25356659799955,0.9885345120724389,1.4807424980254302,4397696,4474400,3012.277,6.274,7262.043,19.053,2.278125047683716,4.999999873689376e-05,87289.0546875,-0.028740184381604195,87289.0546875,0.41109657287597656,0.011900768615305424,0.7758244276046753,0.0
2268.1915506357327,-39.20840868902182,258.2408305891208,100.0,56,5600,False,4480000,44800,800,ae3b9b3532214bc3bad13e7ea9518ddf,2020-03-20_23-35-45,1584747345,10.449795961380005,8259.539278745651,23993,eclipse,137.195.211.213,8259.539278745651,4480000,800,28,2ed37c9e,0.28,0.0,1.0,11.25370446122241,0.9885197851830244,1.480695533310161,4403200,4480000,2991.221,6.313,7272.061,18.925,2.278125047683716,4.999999873689376e-05,70081.328125,-0.03509160503745079,70081.34375,0.3036433458328247,0.010068275034427643,1.2805968523025513,0.0
5317.357503042562,-190.4523717092516,238.6832300138618,100.0,56,5600,False,4485600,44856,801,ae3b9b3532214bc3bad13e7ea9518ddf,2020-03-20_23-35-55,1584747355,10.332738876342773,8269.872017621994,23993,eclipse,137.195.211.213,8269.872017621994,4485600,801,28,2ed37c9e,0.24,0.0,1.0,11.253630345841428,0.9885083636456866,1.4806642062654796,4408704,4485600,2993.352,5.829,7272.928,18.958,2.278125047683716,4.999999873689376e-05,168695.4375,-0.0298871211707592,168695.4375,0.34304675459861755,0.012647337280213833,1.5702027082443237,0.0
5317.357503042562,-33.54027599138954,345.3232159631549,100.0,56,5600,False,4491200,44912,802,ae3b9b3532214bc3bad13e7ea9518ddf,2020-03-20_23-36-06,1584747366,10.409366607666016,8280.28138422966,23993,eclipse,137.195.211.213,8280.28138422966,4491200,802,28,2ed37c9e,0.33,0.0,1.0,11.253622273806974,0.9884940368216314,1.4806335916255313,4414208,4491200,2991.757,6.041,7272.98,18.964,2.278125047683716,4.999999873689376e-05,130878.1875,-0.031549952924251556,130878.1953125,0.3167678415775299,0.012553905136883259,0.7568565011024475,0.0
3643.5718267290813,-33.4836237108949,348.7356290876414,100.0,56,5600,False,4496800,44968,803,ae3b9b3532214bc3bad13e7ea9518ddf,2020-03-20_23-36-16,1584747376,10.513087511062622,8290.794471740723,23993,eclipse,137.195.211.213,8290.794471740723,4496800,803,28,2ed37c9e,0.32,0.0,1.0,11.253810343860533,0.9884914108751266,1.4806041201144127,4419712,4496800,3004.506,6.052,7288.637,19.283,2.278125047683716,4.999999873689376e-05,135210.015625,-0.0314774289727211,135210.015625,0.28320157527923584,0.011684549041092396,0.7085974216461182,0.0
3643.5718267290813,-33.4836237108949,417.18481585123084,100.0,56,5600,False,4502400,45024,804,ae3b9b3532214bc3bad13e7ea9518ddf,2020-03-20_23-36-27,1584747387,10.435235977172852,8301.229707717896,23993,eclipse,137.195.211.213,8301.229707717896,4502400,804,28,2ed37c9e,0.37,0.0,1.0,11.254048451740385,0.9884853071392596,1.4805728611340703,4425216,4502400,3007.208,6.112,7290.729,19.539,2.278125047683716,4.999999873689376e-05,196458.109375,-0.035836756229400635,196458.140625,0.34744182229042053,0.01160288043320179,0.8976896405220032,0.0
4296.197289206974,-37.551450399530445,426.81806808667557,100.0,56,5600,False,4508000,45080,805,ae3b9b3532214bc3bad13e7ea9518ddf,2020-03-20_23-36-37,1584747397,10.471039295196533,8311.700747013092,23993,eclipse,137.195.211.213,8311.700747013092,4508000,805,28,2ed37c9e,0.39,0.0,1.0,11.254270392449216,0.9884886208311795,1.480527447684526,4430720,4508000,3016.254,6.134,7299.455,18.694,2.278125047683716,4.999999873689376e-05,148274.796875,-0.03124568611383438,148274.796875,0.31947752833366394,0.010624510236084461,0.7639107704162598,0.0
4296.197289206974,-37.551450399530445,320.2285264764597,100.0,56,5600,False,4513600,45136,806,ae3b9b3532214bc3bad13e7ea9518ddf,2020-03-20_23-36-48,1584747408,10.524133920669556,8322.224880933762,23993,eclipse,137.195.211.213,8322.224880933762,4513600,806,28,2ed37c9e,0.34,0.0,1.0,11.254516792508142,0.9885138769313702,1.4805316138350566,4436224,4513600,3023.628,6.199,7300.497,18.846,2.278125047683716,4.999999873689376e-05,74499.21875,-0.0374114029109478,74499.234375,0.3699968159198761,0.010776442475616932,1.2345260381698608,0.0
3305.558055092648,-154.28232736682776,270.081928681546,100.0,56,5600,False,4519200,45192,807,ae3b9b3532214bc3bad13e7ea9518ddf,2020-03-20_23-36-58,1584747418,10.463994979858398,8332.68887591362,23993,eclipse,137.195.211.213,8332.68887591362,4519200,807,28,2ed37c9e,0.27,0.0,1.0,11.254724402763408,0.988532130117076,1.480566045851225,4441728,4519200,3032.27,6.197,7309.095,19.067,2.278125047683716,4.999999873689376e-05,112800.0,-0.03196052461862564,112800.0078125,0.3129144310951233,0.0103283217176795,1.0197890996932983,0.0
4312.841871011075,-400.94614793921914,383.8259671094017,100.0,56,5600,False,4524800,45248,808,ae3b9b3532214bc3bad13e7ea9518ddf,2020-03-20_23-37-09,1584747429,10.347653150558472,8343.036529064178,23993,eclipse,137.195.211.213,8343.036529064178,4524800,808,28,2ed37c9e,0.29,0.0,1.0,11.25479041328524,0.9885245527418198,1.4805597807238973,4447232,4524800,3024.518,6.039,7308.498,18.746,2.278125047683716,4.999999873689376e-05,278068.5625,-0.034289080649614334,278068.59375,0.29640331864356995,0.011174771934747696,1.0572861433029175,0.0
4312.841871011075,-572.5577100370466,338.6083469563728,100.0,56,5600,False,4530400,45304,809,ae3b9b3532214bc3bad13e7ea9518ddf,2020-03-20_23-37-19,1584747439,10.386361598968506,8353.422890663147,23993,eclipse,137.195.211.213,8353.422890663147,4530400,809,28,2ed37c9e,0.32,0.0,1.0,11.254817320102267,0.9885160064977867,1.4805342735980775,4452736,4530400,3028.516,6.027,7317.103,17.384,2.278125047683716,4.999999873689376e-05,57938.15625,-0.03484704717993736,57938.1640625,0.39159104228019714,0.012108654715120792,1.040040135383606,0.0
2321.01528559934,-572.5577100370466,312.9176368240476,100.0,56,5600,False,4536000,45360,810,ae3b9b3532214bc3bad13e7ea9518ddf,2020-03-20_23-37-29,1584747449,10.311007976531982,8363.733898639679,23993,eclipse,137.195.211.213,8363.733898639679,4536000,810,28,2ed37c9e,0.36,0.0,1.0,11.25498993827665,0.9885169851360486,1.4804995939937846,4458240,4536000,3029.271,5.616,7303.961,17.504,2.278125047683716,4.999999873689376e-05,83000.3125,-0.03092532604932785,83000.3203125,0.3461613655090332,0.01363415364176035,0.9226108193397522,0.0
3327.7018120153643,-36.65976493046628,303.0126191226175,100.0,56,5600,False,4541600,45416,811,ae3b9b3532214bc3bad13e7ea9518ddf,2020-03-20_23-37-40,1584747460,10.35778546333313,8374.091684103012,23993,eclipse,137.195.211.213,8374.091684103012,4541600,811,28,2ed37c9e,0.33,0.0,1.0,11.255055086090728,0.9885157733902468,1.4804585277369793,4463744,4541600,3033.844,5.822,7301.259,17.367,2.278125047683716,4.999999873689376e-05,113250.953125,-0.0338570810854435,113250.953125,0.36664798855781555,0.00958035048097372,1.3600870370864868,0.0
3327.7018120153643,-36.65976493046628,335.2941730701249,100.0,56,5600,False,4547200,45472,812,ae3b9b3532214bc3bad13e7ea9518ddf,2020-03-20_23-37-50,1584747470,10.340023517608643,8384.43170762062,23993,eclipse,137.195.211.213,8384.43170762062,4547200,812,28,2ed37c9e,0.32,0.0,1.0,11.255015428739608,0.9885058980995484,1.4804099262937747,4469248,4547200,3030.078,5.707,7299.375,17.973,2.278125047683716,4.999999873689376e-05,126240.078125,-0.030847996473312378,126240.078125,0.37034860253334045,0.014343157410621643,1.2421891689300537,0.0
3338.3753506678427,-38.04593621085684,433.6427811829761,100.0,56,5600,False,4552800,45528,813,ae3b9b3532214bc3bad13e7ea9518ddf,2020-03-20_23-38-01,1584747481,10.498265743255615,8394.929973363876,23993,eclipse,137.195.211.213,8394.929973363876,4552800,813,28,2ed37c9e,0.35,0.0,1.0,11.255179554484656,0.9884883163630991,1.4803698489809012,4474752,4552800,3034.928,5.642,7294.428,17.522,2.278125047683716,4.999999873689376e-05,155600.78125,-0.0349799320101738,155600.796875,0.43649953603744507,0.010874593630433083,1.0872446298599243,0.0
3338.3753506678427,-39.00741640843036,391.6686618252549,100.0,56,5600,False,4558400,45584,814,ae3b9b3532214bc3bad13e7ea9518ddf,2020-03-20_23-38-11,1584747491,10.03949236869812,8404.969465732574,23993,eclipse,137.195.211.213,8404.969465732574,4558400,814,28,2ed37c9e,0.33,0.0,1.0,11.25531902274896,0.9884889485591016,1.4803295324777384,4480256,4558400,3032.968,5.366,7256.872,16.658,2.278125047683716,4.999999873689376e-05,93422.328125,-0.03327174484729767,93422.34375,0.3489255905151367,0.012990000657737255,0.9441257119178772,0.0
2744.9860503671975,-39.00741640843036,396.80100239172657,100.0,56,5600,False,4564000,45640,815,ae3b9b3532214bc3bad13e7ea9518ddf,2020-03-20_23-38-21,1584747501,10.212146759033203,8415.181612491608,23993,eclipse,137.195.211.213,8415.181612491608,4564000,815,28,2ed37c9e,0.37,0.0,1.0,11.25556106972604,0.9884930323274955,1.4803319256110195,4485760,4564000,3045.654,5.343,7218.701,16.241,2.278125047683716,4.999999873689376e-05,137003.65625,-0.034106746315956116,137003.65625,0.39921534061431885,0.013793437741696835,0.926949679851532,0.0
5074.414357384337,-34.68504347209858,386.18978674345436,100.0,56,5600,False,4569600,45696,816,ae3b9b3532214bc3bad13e7ea9518ddf,2020-03-20_23-38-31,1584747511,10.173591613769531,8425.355204105377,23993,eclipse,137.195.211.213,8425.355204105377,4569600,816,28,2ed37c9e,0.35,0.0,1.0,11.255891089261763,0.9885040602387543,1.4803942527921334,4491264,4569600,3049.984,5.249,7179.139,15.842,2.278125047683716,4.999999873689376e-05,205425.09375,-0.03248664364218712,205425.09375,0.3052782118320465,0.011556511744856834,1.3285484313964844,0.0
5074.414357384337,-516.7211138281552,334.7899711644846,100.0,56,5600,False,4575200,45752,817,ae3b9b3532214bc3bad13e7ea9518ddf,2020-03-20_23-38-42,1584747522,10.223089933395386,8435.578294038773,23993,eclipse,137.195.211.213,8435.578294038773,4575200,817,28,2ed37c9e,0.35,0.0,1.0,11.256130411706504,0.988520308148695,1.4804492735140673,4496768,4575200,3048.155,5.424,7156.218,14.701,2.278125047683716,4.999999873689376e-05,60091.60546875,-0.030097007751464844,60091.59765625,0.4223495423793793,0.014520060271024704,1.3742074966430664,0.0
2754.100572073222,-516.7211138281552,299.5135761679462,100.0,56,5600,False,4580800,45808,818,ae3b9b3532214bc3bad13e7ea9518ddf,2020-03-20_23-38-52,1584747532,10.136731624603271,8445.715025663376,23993,eclipse,137.195.211.213,8445.715025663376,4580800,818,28,2ed37c9e,0.3,0.0,1.0,11.256385780208994,0.9885410197236191,1.480514755069041,4502272,4580800,3065.853,5.629,7117.225,14.703,2.278125047683716,4.999999873689376e-05,120581.359375,-0.03166140615940094,120581.375,0.27178099751472473,0.009185370989143848,1.5395634174346924,0.0
3195.8183132840854,-305.49968556887563,249.80918634295523,100.0,56,5600,False,4586400,45864,819,ae3b9b3532214bc3bad13e7ea9518ddf,2020-03-20_23-39-02,1584747542,10.583184957504272,8456.29821062088,23993,eclipse,137.195.211.213,8456.29821062088,4586400,819,28,2ed37c9e,0.23,0.0,1.0,11.256855069288884,0.9885933706801805,1.4805969445360205,4507776,4586400,3088.004,5.676,7112.996,15.773,2.278125047683716,4.999999873689376e-05,107471.875,-0.03326728940010071,107471.8984375,0.33219602704048157,0.008591934107244015,1.0508593320846558,0.0
3195.8183132840854,-34.54373160822779,286.7280033458629,100.0,56,5600,False,4592000,45920,820,ae3b9b3532214bc3bad13e7ea9518ddf,2020-03-20_23-39-13,1584747553,10.50675106048584,8466.804961681366,23993,eclipse,137.195.211.213,8466.804961681366,4592000,820,28,2ed37c9e,0.3,0.0,1.0,11.257164451732919,0.9886245332935478,1.48062406073571,4513280,4592000,3097.203,6.056,7120.558,15.214,2.278125047683716,4.999999873689376e-05,69387.6640625,-0.03166315332055092,69387.671875,0.4600364863872528,0.01268000528216362,1.225897192955017,0.0
2988.3483295024735,-553.8376833246261,353.79148526216034,100.0,56,5600,False,4597600,45976,821,ae3b9b3532214bc3bad13e7ea9518ddf,2020-03-20_23-39-23,1584747563,10.521363019943237,8477.32632470131,23993,eclipse,137.195.211.213,8477.32632470131,4597600,821,28,2ed37c9e,0.35,0.0,1.0,11.257237450986501,0.9886126630011409,1.4805964339618776,4518784,4597600,3107.651,6.135,7126.223,15.769,2.278125047683716,4.999999873689376e-05,138098.640625,-0.026166008785367012,138098.640625,0.37405723333358765,0.014368945732712746,1.2071077823638916,0.0
3091.3076304703973,-553.8376833246261,362.8056619455533,100.0,56,5600,False,4603200,46032,822,ae3b9b3532214bc3bad13e7ea9518ddf,2020-03-20_23-39-34,1584747574,10.400964260101318,8487.72728896141,23993,eclipse,137.195.211.213,8487.72728896141,4603200,822,28,2ed37c9e,0.36,0.0,1.0,11.257228277303222,0.9886095722718278,1.4805801591899839,4524288,4603200,3113.734,6.178,7125.691,15.977,2.278125047683716,4.999999873689376e-05,104635.640625,-0.03221478685736656,104635.6484375,0.32458221912384033,0.010798717848956585,1.278069019317627,0.0
3192.0517013213257,-413.1416516770799,289.9265124711381,100.0,56,5600,False,4608800,46088,823,ae3b9b3532214bc3bad13e7ea9518ddf,2020-03-20_23-39-44,1584747584,10.389598608016968,8498.116887569427,23993,eclipse,137.195.211.213,8498.116887569427,4608800,823,28,2ed37c9e,0.3,0.0,1.0,11.2572484076601,0.9885986251449291,1.480560063514721,4529792,4608800,3103.54,6.117,7126.568,15.14,2.278125047683716,4.999999873689376e-05,105964.9765625,-0.03092743270099163,105964.9921875,0.36078596115112305,0.012421063147485256,1.0920335054397583,0.0
3192.0517013213257,-54.493738233849044,329.9708983930988,100.0,56,5600,False,4614400,46144,824,ae3b9b3532214bc3bad13e7ea9518ddf,2020-03-20_23-39-55,1584747595,10.419852018356323,8508.536739587784,23993,eclipse,137.195.211.213,8508.536739587784,4614400,824,28,2ed37c9e,0.29,0.0,1.0,11.257212889259325,0.9885843479683442,1.4805300765199974,4535296,4614400,3107.575,6.462,7159.703,15.826,2.278125047683716,4.999999873689376e-05,78549.6953125,-0.032058559358119965,78549.703125,0.436758428812027,0.010074817575514317,1.5399682521820068,0.0
4421.401198131694,-566.2633480552,301.6905987300781,100.0,56,5600,False,4620000,46200,825,ae3b9b3532214bc3bad13e7ea9518ddf,2020-03-20_23-40-05,1584747605,10.388029336929321,8518.924768924713,23993,eclipse,137.195.211.213,8518.924768924713,4620000,825,28,2ed37c9e,0.2,0.0,1.0,11.257126468763067,0.9885727920295421,1.4805008875156358,4540800,4620000,3085.878,6.395,7198.351,16.45,2.278125047683716,4.999999873689376e-05,197620.90625,-0.030513029545545578,197620.90625,0.32773011922836304,0.013689903542399406,1.8997962474822998,0.0
4421.401198131694,-566.2633480552,288.59019856452727,100.0,56,5600,False,4625600,46256,826,ae3b9b3532214bc3bad13e7ea9518ddf,2020-03-20_23-40-16,1584747616,10.287412405014038,8529.212181329727,23993,eclipse,137.195.211.213,8529.212181329727,4625600,826,28,2ed37c9e,0.24,0.0,1.0,11.257074845529418,0.9885786301122728,1.4804784552705237,4546304,4625600,3067.358,6.236,7227.505,17.343,2.278125047683716,4.999999873689376e-05,48164.22265625,-0.03239055722951889,48164.22265625,0.43466922640800476,0.01499072927981615,1.0352228879928589,0.0
3903.525845156337,-515.2793004322837,300.9008569471087,100.0,56,5600,False,4631200,46312,827,ae3b9b3532214bc3bad13e7ea9518ddf,2020-03-20_23-40-26,1584747626,10.369008302688599,8539.581189632416,23993,eclipse,137.195.211.213,8539.581189632416,4631200,827,28,2ed37c9e,0.33,0.0,1.0,11.257232514874326,0.9885780354987588,1.4804367162944754,4551808,4631200,3064.399,6.114,7244.322,18.524,2.278125047683716,4.999999873689376e-05,123249.1171875,-0.02638162299990654,123249.1015625,0.37596994638442993,0.011510216630995274,0.8766764402389526,0.0
3903.525845156337,-515.2793004322837,312.2193482049621,100.0,56,5600,False,4636800,46368,828,ae3b9b3532214bc3bad13e7ea9518ddf,2020-03-20_23-40-36,1584747636,10.297484397888184,8549.878674030304,23993,eclipse,137.195.211.213,8549.878674030304,4636800,828,28,2ed37c9e,0.26,0.0,1.0,11.25730976518679,0.9885795068371297,1.4804055820967263,4557312,4636800,3049.792,5.736,7276.737,18.897,2.278125047683716,4.999999873689376e-05,110569.5546875,-0.03194853663444519,110569.5546875,0.32971203327178955,0.010822505690157413,1.1816933155059814,0.0
3668.072068464889,-33.920404402218225,323.0618638622658,100.0,56,5600,False,4642400,46424,829,ae3b9b3532214bc3bad13e7ea9518ddf,2020-03-20_23-40-47,1584747647,10.409892082214355,8560.288566112518,23993,eclipse,137.195.211.213,8560.288566112518,4642400,829,28,2ed37c9e,0.26,0.0,1.0,11.25743732264495,0.9885768001324243,1.4803786303421387,4562816,4642400,3029.856,5.925,7276.48,18.815,2.278125047683716,4.999999873689376e-05,144101.296875,-0.028519868850708008,144101.3125,0.35669058561325073,0.011914239265024662,1.1858404874801636,0.0
4305.280136885287,-53.70314166738753,345.1404522528017,100.0,56,5600,False,4648000,46480,830,ae3b9b3532214bc3bad13e7ea9518ddf,2020-03-20_23-40-57,1584747657,10.405672550201416,8570.69423866272,23993,eclipse,137.195.211.213,8570.69423866272,4648000,830,28,2ed37c9e,0.31,0.0,1.0,11.257580962896016,0.9885682812416744,1.4803484426070954,4568320,4648000,3021.227,5.923,7274.855,19.56,2.278125047683716,4.999999873689376e-05,144506.4375,-0.030440332368016243,144506.421875,0.35079431533813477,0.010939151979982853,1.279359221458435,0.0
4305.280136885287,-53.70314166738753,362.63268074279375,100.0,56,5600,False,4653600,46536,831,ae3b9b3532214bc3bad13e7ea9518ddf,2020-03-20_23-41-08,1584747668,10.385819673538208,8581.080058336258,23993,eclipse,137.195.211.213,8581.080058336258,4653600,831,28,2ed37c9e,0.33,0.0,1.0,11.257613979142516,0.9885585619092575,1.4803238657500934,4573824,4653600,3005.383,6.024,7275.433,19.975,2.278125047683716,4.999999873689376e-05,111737.4296875,-0.03335139527916908,111737.4296875,0.33046847581863403,0.011841495521366596,1.279776930809021,0.0
3222.9018800677422,-179.4959833793546,293.58103591307486,100.0,56,5600,False,4659200,46592,832,ae3b9b3532214bc3bad13e7ea9518ddf,2020-03-20_23-41-18,1584747678,10.294081687927246,8591.374140024185,23993,eclipse,137.195.211.213,8591.374140024185,4659200,832,28,2ed37c9e,0.28,0.0,1.0,11.257486922740886,0.9885518435491862,1.4802929756896048,4579328,4659200,3000.398,5.859,7269.039,19.891,2.278125047683716,4.999999873689376e-05,61194.75390625,-0.031218234449625015,61194.75390625,0.46222949028015137,0.011925228871405125,1.6800711154937744,0.0
4315.909045904957,-179.4959833793546,322.57228214570654,100.0,56,5600,False,4664800,46648,833,ae3b9b3532214bc3bad13e7ea9518ddf,2020-03-20_23-41-28,1584747688,10.406731128692627,8601.780871152878,23993,eclipse,137.195.211.213,8601.780871152878,4664800,833,28,2ed37c9e,0.24,0.0,1.0,11.257426111169892,0.9885518447361605,1.4802580843339121,4584832,4664800,3002.091,6.258,7266.177,20.805,2.278125047683716,4.999999873689376e-05,248966.28125,-0.03683558106422424,248966.28125,0.22908134758472443,0.012670828960835934,1.0040173530578613,0.0
4315.909045904957,-42.62700557796568,405.8904344100925,100.0,56,5600,False,4670400,46704,834,ae3b9b3532214bc3bad13e7ea9518ddf,2020-03-20_23-41-39,1584747699,10.438081979751587,8612.21895313263,23993,eclipse,137.195.211.213,8612.21895313263,4670400,834,28,2ed37c9e,0.32,0.0,1.0,11.257569225820484,0.9885377840009187,1.4802202979598054,4590336,4670400,3004.474,6.664,7263.498,21.103,2.278125047683716,4.999999873689376e-05,157226.90625,-0.036742739379405975,157226.921875,0.3211267590522766,0.012105447240173817,0.8013512492179871,0.0
3170.922967914125,-124.09501158330559,402.63078271666046,100.0,56,5600,False,4676000,46760,835,ae3b9b3532214bc3bad13e7ea9518ddf,2020-03-20_23-41-49,1584747709,10.388026475906372,8622.606979608536,23993,eclipse,137.195.211.213,8622.606979608536,4676000,835,28,2ed37c9e,0.35,0.0,1.0,11.257680637349013,0.9885133326857443,1.480191575515251,4595840,4676000,3001.966,6.804,7264.159,21.957,2.278125047683716,4.999999873689376e-05,193170.09375,-0.039097096771001816,193170.109375,0.3168812394142151,0.010506060905754566,1.1789511442184448,0.0
2980.68206345416,-124.09501158330559,332.49187566138613,100.0,56,5600,False,4681600,46816,836,ae3b9b3532214bc3bad13e7ea9518ddf,2020-03-20_23-42-00,1584747720,10.348023653030396,8632.955003261566,23993,eclipse,137.195.211.213,8632.955003261566,4681600,836,28,2ed37c9e,0.32,0.0,1.0,11.25772352514604,0.9884885704570638,1.4801597887431333,4601344,4681600,3001.415,7.043,7272.123,21.318,2.278125047683716,4.999999873689376e-05,77695.875,-0.034248389303684235,77695.8984375,0.3552710711956024,0.010085604153573513,0.892189085483551,0.0
2980.68206345416,-38.37408060753259,331.00512597933164,100.0,56,5600,False,4687200,46872,837,ae3b9b3532214bc3bad13e7ea9518ddf,2020-03-20_23-42-10,1584747730,10.44569182395935,8643.400695085526,23993,eclipse,137.195.211.213,8643.400695085526,4687200,837,28,2ed37c9e,0.36,0.0,1.0,11.257969574105863,0.9884875330819655,1.4801458304822035,4606848,4687200,3004.625,7.144,7277.234,21.424,2.278125047683716,4.999999873689376e-05,83575.2890625,-0.034922271966934204,83575.3046875,0.4024165868759155,0.013392983935773373,0.8751665353775024,0.0
3967.2323612352398,-396.5970783429401,414.66075134464717,100.0,56,5600,False,4692800,46928,838,ae3b9b3532214bc3bad13e7ea9518ddf,2020-03-20_23-42-21,1584747741,10.368175029754639,8653.76887011528,23993,eclipse,137.195.211.213,8653.76887011528,4692800,838,28,2ed37c9e,0.35,0.0,1.0,11.258150051272766,0.9885034014161752,1.4801371490143709,4612352,4692800,3004.555,7.383,7284.673,21.317,2.278125047683716,4.999999873689376e-05,238770.1875,-0.0345892608165741,238770.1875,0.3438478410243988,0.009782400913536549,1.3087363243103027,0.0
3967.2323612352398,-507.2411135810257,384.182750270743,100.0,56,5600,False,4698400,46984,839,ae3b9b3532214bc3bad13e7ea9518ddf,2020-03-20_23-42-31,1584747751,10.393836498260498,8664.16270661354,23993,eclipse,137.195.211.213,8664.16270661354,4698400,839,28,2ed37c9e,0.33,0.0,1.0,11.25824361135797,0.9885023393576448,1.4801122171387806,4617856,4698400,3006.628,7.281,7284.536,20.681,2.278125047683716,4.999999873689376e-05,110880.3515625,-0.029899220913648605,110880.359375,0.34919273853302,0.01120360754430294,1.2071458101272583,0.0
2841.8744642849224,-520.089486385531,358.91839131856534,100.0,56,5600,False,4704000,47040,840,ae3b9b3532214bc3bad13e7ea9518ddf,2020-03-20_23-42-42,1584747762,10.63202977180481,8674.794736385345,23993,eclipse,137.195.211.213,8674.794736385345,4704000,840,28,2ed37c9e,0.35,0.0,1.0,11.258611532208178,0.9885371718480914,1.4801672540819475,4623360,4704000,3027.108,7.213,7287.793,20.31,2.278125047683716,4.999999873689376e-05,92846.0234375,-0.033443305641412735,92846.0390625,0.4276142418384552,0.010900899767875671,1.2759952545166016,0.0
2841.8744642849224,-34.18791664518743,335.5415327661113,100.0,56,5600,False,4709600,47096,841,ae3b9b3532214bc3bad13e7ea9518ddf,2020-03-20_23-42-52,1584747772,10.398377418518066,8685.193113803864,23993,eclipse,137.195.211.213,8685.193113803864,4709600,841,28,2ed37c9e,0.3,0.0,1.0,11.258909107666259,0.9885755240086186,1.4801853192484276,4628864,4709600,3028.327,7.174,7286.934,19.971,2.278125047683716,4.999999873689376e-05,88635.2890625,-0.033920422196388245,88635.296875,0.3184024691581726,0.01266543660312891,0.9810640811920166,0.0
2435.416249770161,-37.952022167618054,260.34045532577585,100.0,56,5600,False,4715200,47152,842,ae3b9b3532214bc3bad13e7ea9518ddf,2020-03-20_23-43-03,1584747783,10.471441745758057,8695.664555549622,23993,eclipse,137.195.211.213,8695.664555549622,4715200,842,28,2ed37c9e,0.27,0.0,1.0,11.25911760469552,0.9885670504408937,1.4801427414696575,4634368,4715200,3040.201,7.441,7293.163,19.566,2.278125047683716,4.999999873689376e-05,54669.015625,-0.029025446623563766,54669.015625,0.4102862477302551,0.012451501563191414,0.9295493960380554,0.0
4855.581400082916,-37.952022167618054,416.8392621601872,100.0,56,5600,False,4720800,47208,843,ae3b9b3532214bc3bad13e7ea9518ddf,2020-03-20_23-43-13,1584747793,10.075636386871338,8705.740191936493,23993,eclipse,137.195.211.213,8705.740191936493,4720800,843,28,2ed37c9e,0.34,0.0,1.0,11.25949896741306,0.9885492168690316,1.4800997490879255,4639872,4720800,3041.147,7.109,7260.43,19.028,2.278125047683716,4.999999873689376e-05,271531.65625,-0.03570261970162392,271531.65625,0.29026713967323303,0.010383136570453644,0.18190859258174896,0.0
4423.433352247441,-31.73410228220656,296.40450472873016,100.0,56,5600,False,4726400,47264,844,ae3b9b3532214bc3bad13e7ea9518ddf,2020-03-20_23-43-23,1584747803,10.04582953453064,8715.786021471024,23993,eclipse,137.195.211.213,8715.786021471024,4726400,844,28,2ed37c9e,0.3,0.0,1.0,11.259876475383544,0.9885554564133259,1.4801138107886083,4645376,4726400,3042.612,6.709,7220.057,19.373,2.278125047683716,4.999999873689376e-05,56643.5703125,-0.03442196175456047,56643.57421875,0.2401866912841797,0.011330408975481987,1.0596110820770264,0.0
4013.7625973962035,-34.83035999243042,209.90522083210487,100.0,56,5600,False,4732000,47320,845,ae3b9b3532214bc3bad13e7ea9518ddf,2020-03-20_23-43-33,1584747813,10.191321611404419,8725.977343082428,23993,eclipse,137.195.211.213,8725.977343082428,4732000,845,28,2ed37c9e,0.29,0.0,1.0,11.26023335107308,0.9885931110070626,1.4801566787633078,4650880,4732000,3065.65,6.634,7178.834,19.318,2.278125047683716,4.999999873689376e-05,107698.1953125,-0.02793297916650772,107698.2109375,0.27922695875167847,0.011105315759778023,1.1226571798324585,0.0
4013.7625973962035,-34.83035999243042,235.7139062445043,100.0,56,5600,False,4737600,47376,846,ae3b9b3532214bc3bad13e7ea9518ddf,2020-03-20_23-43-44,1584747824,10.392606496810913,8736.369949579239,23993,eclipse,137.195.211.213,8736.369949579239,4737600,846,28,2ed37c9e,0.24,0.0,1.0,11.260638393778159,0.9886217857751515,1.480228950232829,4656384,4737600,3088.428,6.606,7160.072,19.452,2.278125047683716,4.999999873689376e-05,79834.09375,-0.03344966471195221,79834.109375,0.2851087152957916,0.008217087015509605,1.101001501083374,0.0
3462.1543439721327,-119.74970274008682,322.66687128849657,100.0,56,5600,False,4743200,47432,847,ae3b9b3532214bc3bad13e7ea9518ddf,2020-03-20_23-43-54,1584747834,10.07836103439331,8746.448310613632,23993,eclipse,137.195.211.213,8746.448310613632,4743200,847,28,2ed37c9e,0.3,0.0,1.0,11.261097209593236,0.9886584472714917,1.4803096478583344,4661888,4743200,3097.921,6.629,7113.191,19.466,2.278125047683716,4.999999873689376e-05,107801.8984375,-0.031286925077438354,107801.8984375,0.3788295090198517,0.011562859639525414,0.9158929586410522,0.0
2773.631265268447,-257.0165257484802,287.12719574051266,100.0,56,5600,False,4748800,47488,848,ae3b9b3532214bc3bad13e7ea9518ddf,2020-03-20_23-44-04,1584747844,10.699891090393066,8757.148201704025,23993,eclipse,137.195.211.213,8757.148201704025,4748800,848,28,2ed37c9e,0.28,0.0,1.0,11.261771072026812,0.9887121095478608,1.4804038737198504,4667392,4748800,3132.12,6.759,7110.838,19.164,2.278125047683716,4.999999873689376e-05,81395.1484375,-0.028728298842906952,81395.15625,0.3924867510795593,0.011739104054868221,1.363480806350708,0.0
2773.631265268447,-257.0165257484802,217.27436778742518,100.0,56,5600,False,4754400,47544,849,ae3b9b3532214bc3bad13e7ea9518ddf,2020-03-20_23-44-15,1584747855,10.470356702804565,8767.61855840683,23993,eclipse,137.195.211.213,8767.61855840683,4754400,849,28,2ed37c9e,0.23,0.0,1.0,11.262067389516933,0.9887389974854348,1.4804396893729141,4672896,4754400,3136.022,6.77,7114.496,19.203,2.278125047683716,4.999999873689376e-05,69552.828125,-0.03416259214282036,69552.828125,0.33236274123191833,0.011404523625969887,1.2877479791641235,0.0
2640.6999653277885,-35.513205587340146,260.22391813776034,100.0,56,5600,False,4760000,47600,850,ae3b9b3532214bc3bad13e7ea9518ddf,2020-03-20_23-44-25,1584747865,10.447016954421997,8778.065575361252,23993,eclipse,137.195.211.213,8778.065575361252,4760000,850,28,2ed37c9e,0.26,0.0,1.0,11.262111657453529,0.9887226844283005,1.4804008525102956,4678400,4760000,3117.978,6.806,7115.723,18.752,2.278125047683716,4.999999873689376e-05,103787.7109375,-0.02995687909424305,103787.7109375,0.274435430765152,0.01365551445633173,0.881648600101471,0.0
2976.8912562247615,-34.087817281869064,309.6168401816321,100.0,56,5600,False,4765600,47656,851,ae3b9b3532214bc3bad13e7ea9518ddf,2020-03-20_23-44-36,1584747876,10.450253248214722,8788.515828609467,23993,eclipse,137.195.211.213,8788.515828609467,4765600,851,28,2ed37c9e,0.29,0.0,1.0,11.262270994491395,0.9887134776470407,1.4803672892682769,4683904,4765600,3122.859,6.837,7118.402,18.774,2.278125047683716,4.999999873689376e-05,130576.4765625,-0.03273475915193558,130576.4765625,0.35785025358200073,0.011759825982153416,0.9186116456985474,0.0
3784.9225010409427,-597.2463632034857,321.93342450367703,100.0,56,5600,False,4771200,47712,852,ae3b9b3532214bc3bad13e7ea9518ddf,2020-03-20_23-44-46,1584747886,10.347407579421997,8798.863236188889,23993,eclipse,137.195.211.213,8798.863236188889,4771200,852,28,2ed37c9e,0.32,0.0,1.0,11.262413567720726,0.9887101809132052,1.4803449148325873,4689408,4771200,3114.179,6.708,7115.435,19.102,2.278125047683716,4.999999873689376e-05,165202.890625,-0.029023703187704086,165202.890625,0.2458517998456955,0.011818128637969494,1.0535261631011963,0.0
3784.9225010409427,-597.2463632034857,273.6968046520392,100.0,56,5600,False,4776800,47768,853,ae3b9b3532214bc3bad13e7ea9518ddf,2020-03-20_23-44-57,1584747897,10.289187669754028,8809.152423858643,23993,eclipse,137.195.211.213,8809.152423858643,4776800,853,28,2ed37c9e,0.29,0.0,1.0,11.262411224341172,0.9887087204212908,1.480322481544385,4694912,4776800,3101.052,6.617,7150.378,19.966,2.278125047683716,4.999999873689376e-05,58634.90625,-0.03452789783477783,58634.91796875,0.37284398078918457,0.011781599372625351,1.3078261613845825,0.0
2327.153582487941,-559.8137928009892,264.3432343446684,100.0,56,5600,False,4782400,47824,854,ae3b9b3532214bc3bad13e7ea9518ddf,2020-03-20_23-45-07,1584747907,10.324034214019775,8819.476458072662,23993,eclipse,137.195.211.213,8819.476458072662,4782400,854,28,2ed37c9e,0.3,0.0,1.0,11.262288856795912,0.988696363534008,1.4803068964017274,4700416,4782400,3083.672,6.548,7195.276,19.245,2.278125047683716,4.999999873689376e-05,78107.640625,-0.030496275052428246,78107.6484375,0.3774515688419342,0.010726886801421642,1.7750978469848633,0.0
3757.7046146180924,-167.11249637092715,308.5438637942465,100.0,56,5600,False,4788000,47880,855,ae3b9b3532214bc3bad13e7ea9518ddf,2020-03-20_23-45-18,1584747918,10.414741516113281,8829.891199588776,23993,eclipse,137.195.211.213,8829.891199588776,4788000,855,28,2ed37c9e,0.33,0.0,1.0,11.262351308275854,0.9886785342198301,1.4802827246149415,4705920,4788000,3062.901,6.536,7238.957,18.823,2.278125047683716,4.999999873689376e-05,156556.125,-0.02989320084452629,156556.125,0.3250868320465088,0.011256969533860683,0.9174591898918152,0.0
3757.7046146180924,-575.8157274180832,393.4316779092037,100.0,56,5600,False,4793600,47936,856,ae3b9b3532214bc3bad13e7ea9518ddf,2020-03-20_23-45-28,1584747928,10.445951223373413,8840.337150812149,23993,eclipse,137.195.211.213,8840.337150812149,4793600,856,28,2ed37c9e,0.39,0.0,1.0,11.262587022756765,0.9886724131407586,1.4802505213016934,4711424,4793600,3049.687,6.67,7256.711,19.369,2.278125047683716,4.999999873689376e-05,99539.140625,-0.026913553476333618,99539.140625,0.31057149171829224,0.011951858177781105,0.88397216796875,0.0
3442.9962768288215,-575.8157274180832,349.1555898995514,100.0,56,5600,False,4799200,47992,857,ae3b9b3532214bc3bad13e7ea9518ddf,2020-03-20_23-45-38,1584747938,10.336666345596313,8850.673817157745,23993,eclipse,137.195.211.213,8850.673817157745,4799200,857,28,2ed37c9e,0.35,0.0,1.0,11.262588351141734,0.9886526185764235,1.480209068484939,4716928,4799200,3031.191,6.665,7302.579,19.106,2.278125047683716,4.999999873689376e-05,145089.65625,-0.03170560300350189,145089.671875,0.3488263785839081,0.012590523809194565,1.1826988458633423,0.0
2565.2949274714115,-33.638485576725046,351.41266822165124,100.0,56,5600,False,4804800,48048,858,ae3b9b3532214bc3bad13e7ea9518ddf,2020-03-20_23-45-49,1584747949,10.234214544296265,8860.908031702042,23993,eclipse,137.195.211.213,8860.908031702042,4804800,858,28,2ed37c9e,0.3,0.0,1.0,11.262755259879196,0.9886281966513408,1.4801734607613801,4722432,4804800,3003.093,6.869,7283.459,19.113,2.278125047683716,4.999999873689376e-05,85163.71875,-0.03596901521086693,85163.71875,0.3361324369907379,0.011306504718959332,0.5199941396713257,0.0
2751.672921606369,-31.064764112152396,268.18003649324623,100.0,56,5600,False,4810400,48104,859,ae3b9b3532214bc3bad13e7ea9518ddf,2020-03-20_23-45-59,1584747959,10.334551095962524,8871.242582798004,23993,eclipse,137.195.211.213,8871.242582798004,4810400,859,28,2ed37c9e,0.26,0.0,1.0,11.262788572925393,0.9886097868170712,1.480135752021397,4727936,4810400,2992.38,7.013,7280.83,18.978,2.278125047683716,4.999999873689376e-05,75586.3046875,-0.030898110941052437,75586.3203125,0.3565050959587097,0.009537939913570881,1.572826623916626,0.0
2978.2010002907023,-374.283747724101,189.702867125592,100.0,56,5600,False,4816000,48160,860,ae3b9b3532214bc3bad13e7ea9518ddf,2020-03-20_23-46-09,1584747969,10.287033557891846,8881.529616355896,23993,eclipse,137.195.211.213,8881.529616355896,4816000,860,28,2ed37c9e,0.26,0.0,1.0,11.262555699859176,0.9885935665942643,1.48007823924843,4733440,4816000,2982.869,7.102,7272.614,19.12,2.278125047683716,4.999999873689376e-05,73669.6015625,-0.03166253864765167,73669.59375,0.40014851093292236,0.010040362365543842,1.3783942461013794,0.0
2440.9432603892283,-374.283747724101,216.1307836978325,100.0,56,5600,False,4821600,48216,861,ae3b9b3532214bc3bad13e7ea9518ddf,2020-03-20_23-46-20,1584747980,10.284633159637451,8891.814249515533,23993,eclipse,137.195.211.213,8891.814249515533,4821600,861,28,2ed37c9e,0.26,0.0,1.0,11.262562626119772,0.9885800903284894,1.4800250361599137,4738944,4821600,2974.16,6.934,7265.097,18.774,2.278125047683716,4.999999873689376e-05,69866.03125,-0.03340904787182808,69866.0546875,0.35934945940971375,0.010099663399159908,1.0345038175582886,0.0
2440.9432603892283,-214.5525046182127,252.825298757799,100.0,56,5600,False,4827200,48272,862,ae3b9b3532214bc3bad13e7ea9518ddf,2020-03-20_23-46-30,1584747990,10.410622596740723,8902.224872112274,23993,eclipse,137.195.211.213,8902.224872112274,4827200,862,28,2ed37c9e,0.29,0.0,1.0,11.262708127000492,0.9885652826626757,1.4799883944134995,4744448,4827200,2980.502,6.909,7265.02,18.824,2.278125047683716,4.999999873689376e-05,54119.02734375,-0.03171100094914436,54119.03515625,0.3659568727016449,0.011708524078130722,0.9378084540367126,0.0
2316.9018592498264,-34.188059252087484,201.03123422227804,100.0,56,5600,False,4832800,48328,863,ae3b9b3532214bc3bad13e7ea9518ddf,2020-03-20_23-46-41,1584748001,10.416922569274902,8912.641794681549,23993,eclipse,137.195.211.213,8912.641794681549,4832800,863,28,2ed37c9e,0.23,0.0,1.0,11.262783020705747,0.9885600031245252,1.4799593385528242,4749952,4832800,2989.417,7.051,7268.523,18.539,2.278125047683716,4.999999873689376e-05,66298.40625,-0.03642730414867401,66298.421875,0.3259478211402893,0.01072609145194292,1.390318512916565,0.0
4214.479035515465,-514.1864332570121,358.6703324286983,100.0,56,5600,False,4838400,48384,864,ae3b9b3532214bc3bad13e7ea9518ddf,2020-03-20_23-46-51,1584748011,10.199455499649048,8922.841250181198,23993,eclipse,137.195.211.213,8922.841250181198,4838400,864,28,2ed37c9e,0.29,0.0,1.0,11.262760068647122,0.9885647161111425,1.4799279582243525,4755456,4838400,2993.352,7.141,7255.904,18.201,2.278125047683716,4.999999873689376e-05,207323.203125,-0.036634691059589386,207323.234375,0.3596392869949341,0.012597561813890934,1.2370020151138306,0.0
4214.479035515465,-530.6566309373284,366.7364837307692,100.0,56,5600,False,4844000,48440,865,ae3b9b3532214bc3bad13e7ea9518ddf,2020-03-20_23-47-01,1584748021,10.37900972366333,8933.220259904861,23993,eclipse,137.195.211.213,8933.220259904861,4844000,865,28,2ed37c9e,0.33,0.0,1.0,11.262890162352264,0.988556080519293,1.4799053850386208,4760960,4844000,2993.815,7.099,7252.86,18.291,2.278125047683716,4.999999873689376e-05,64229.609375,-0.0331709161400795,64229.60546875,0.36931782960891724,0.01290509570389986,0.8825876116752625,0.0
3753.0779318944324,-530.6566309373284,291.85072913096263,100.0,56,5600,False,4849600,48496,866,ae3b9b3532214bc3bad13e7ea9518ddf,2020-03-20_23-47-12,1584748032,10.416730403900146,8943.636990308762,23993,eclipse,137.195.211.213,8943.636990308762,4849600,866,28,2ed37c9e,0.31,0.0,1.0,11.263063897570888,0.9885416073488608,1.479884714251799,4766464,4849600,2991.823,6.921,7251.633,18.214,2.278125047683716,4.999999873689376e-05,133051.875,-0.027637815102934837,133051.859375,0.3098539710044861,0.01242794282734394,1.0920705795288086,0.0
3753.0779318944324,-563.06021809473,394.1555315497688,100.0,56,5600,False,4855200,48552,867,ae3b9b3532214bc3bad13e7ea9518ddf,2020-03-20_23-47-22,1584748042,10.244733333587646,8953.88172364235,23993,eclipse,137.195.211.213,8953.88172364235,4855200,867,28,2ed37c9e,0.4,0.0,1.0,11.263288178894605,0.9885298116326023,1.4798681906811177,4771968,4855200,2990.446,6.877,7241.293,17.834,2.278125047683716,4.999999873689376e-05,154486.125,-0.03613946959376335,154486.15625,0.3961103558540344,0.011834894306957722,0.9387840628623962,0.0
3308.7153765001485,-563.06021809473,401.4310637399809,100.0,56,5600,False,4860800,48608,868,ae3b9b3532214bc3bad13e7ea9518ddf,2020-03-20_23-47-32,1584748052,10.385484457015991,8964.267208099365,23993,eclipse,137.195.211.213,8964.267208099365,4860800,868,28,2ed37c9e,0.44,0.0,1.0,11.263408309137436,0.988506270187676,1.4798301772719094,4777472,4860800,2987.389,6.662,7260.075,17.425,2.278125047683716,4.999999873689376e-05,104978.90625,-0.03412983939051628,104978.90625,0.3925652503967285,0.010478476993739605,1.040363073348999,0.0
3413.1760481734054,-498.7038359501659,408.78771456559224,100.0,56,5600,False,4866400,48664,869,ae3b9b3532214bc3bad13e7ea9518ddf,2020-03-20_23-47-43,1584748063,10.311362743377686,8974.578570842743,23993,eclipse,137.195.211.213,8974.578570842743,4866400,869,28,2ed37c9e,0.37,0.0,1.0,11.263445478108709,0.9885024679133193,1.4797999302522487,4782976,4866400,2988.224,6.44,7253.993,18.457,2.278125047683716,4.999999873689376e-05,165785.15625,-0.03416856750845909,165785.15625,0.32493647933006287,0.01031951978802681,1.136587381362915,0.0
2879.4387257006774,-502.4446956437749,236.43634274044686,100.0,56,5600,False,4872000,48720,870,ae3b9b3532214bc3bad13e7ea9518ddf,2020-03-20_23-47-53,1584748073,10.446306705474854,8985.024877548218,23993,eclipse,137.195.211.213,8985.024877548218,4872000,870,28,2ed37c9e,0.28,0.0,1.0,11.263384498426845,0.9885048634360056,1.479761846403337,4788480,4872000,2991.472,6.285,7267.669,18.193,2.278125047683716,4.999999873689376e-05,43752.99609375,-0.02874067798256874,43753.00390625,0.33230847120285034,0.011821764521300793,1.63752019405365,0.0
2110.972650419474,-502.4446956437749,253.3863203031289,100.0,56,5600,False,4877600,48776,871,ae3b9b3532214bc3bad13e7ea9518ddf,2020-03-20_23-48-04,1584748084,10.348438262939453,8995.373315811157,23993,eclipse,137.195.211.213,8995.373315811157,4877600,871,28,2ed37c9e,0.32,0.0,1.0,11.263384576505333,0.9884935647475964,1.479716805827507,4793984,4877600,2994.849,6.171,7269.307,18.551,2.278125047683716,4.999999873689376e-05,85596.6484375,-0.035835906863212585,85596.671875,0.34362760186195374,0.010600369423627853,1.0585658550262451,0.0
2983.343724190842,-522.6074243915414,327.3211219041432,100.0,56,5600,False,4883200,48832,872,ae3b9b3532214bc3bad13e7ea9518ddf,2020-03-20_23-48-14,1584748094,10.119977474212646,9005.49329328537,23993,eclipse,137.195.211.213,9005.49329328537,4883200,872,28,2ed37c9e,0.3,0.0,1.0,11.26349272475582,0.9884955214038811,1.479714963488823,4799488,4883200,3006.36,6.197,7228.68,18.063,2.278125047683716,4.999999873689376e-05,160367.640625,-0.034985125064849854,160367.640625,0.31265369057655334,0.010470694862306118,1.2997108697891235,0.0
4096.516161849709,-522.6074243915414,429.5127860133897,100.0,56,5600,False,4888800,48888,873,ae3b9b3532214bc3bad13e7ea9518ddf,2020-03-20_23-48-24,1584748104,10.339723110198975,9015.833016395569,23993,eclipse,137.195.211.213,9015.833016395569,4888800,873,28,2ed37c9e,0.32,0.0,1.0,11.263836748229519,0.9885219409519916,1.4797693396651708,4804992,4888800,3039.624,5.948,7185.44,18.135,2.278125047683716,4.999999873689376e-05,265585.25,-0.03146547079086304,265585.28125,0.30949386954307556,0.01516735926270485,0.870607852935791,0.0
3442.669849533953,-114.8484778243441,394.8633561787542,100.0,56,5600,False,4894400,48944,874,ae3b9b3532214bc3bad13e7ea9518ddf,2020-03-20_23-48-34,1584748114,10.113226413726807,9025.946242809296,23993,eclipse,137.195.211.213,9025.946242809296,4894400,874,28,2ed37c9e,0.35,0.0,1.0,11.264280746675482,0.9885444424244311,1.4798246877338845,4810496,4894400,3053.889,6.602,7160.035,18.637,2.278125047683716,4.999999873689376e-05,90325.171875,-0.030781462788581848,90325.1796875,0.363412469625473,0.010525982826948166,0.8578153252601624,0.0
3857.3558350391286,-114.8484778243441,391.2197334549057,100.0,56,5600,False,4900000,49000,875,ae3b9b3532214bc3bad13e7ea9518ddf,2020-03-20_23-48-45,1584748125,10.336048364639282,9036.282291173935,23993,eclipse,137.195.211.213,9036.282291173935,4900000,875,28,2ed37c9e,0.37,0.0,1.0,11.264911440767793,0.9885790859474228,1.479892736308326,4816000,4900000,3072.805,6.502,7135.578,17.953,2.278125047683716,4.999999873689376e-05,153318.015625,-0.03444187343120575,153318.03125,0.32023224234580994,0.01166145596653223,0.8690087199211121,0.0
3309.436250759911,-32.5575693354283,403.1355252244255,100.0,56,5600,False,4905600,49056,876,ae3b9b3532214bc3bad13e7ea9518ddf,2020-03-20_23-48-55,1584748135,10.12303113937378,9046.405322313309,23993,eclipse,137.195.211.213,9046.405322313309,4905600,876,28,2ed37c9e,0.36,0.0,1.0,11.265469349093557,0.9886023168834813,1.4799648680026982,4821504,4905600,3083.425,6.68,7096.413,17.295,2.278125047683716,4.999999873689376e-05,152671.359375,-0.029655568301677704,152671.359375,0.3825610876083374,0.013012386858463287,1.051393985748291,0.0
3768.073134907941,-502.5919563269442,365.94737830067703,100.0,56,5600,False,4911200,49112,877,ae3b9b3532214bc3bad13e7ea9518ddf,2020-03-20_23-49-06,1584748146,10.780969142913818,9057.186291456223,23993,eclipse,137.195.211.213,9057.186291456223,4911200,877,28,2ed37c9e,0.3,0.0,1.0,11.266278026507246,0.9886456930165082,1.4801306966344276,4827008,4911200,3130.143,6.836,7104.134,17.706,2.278125047683716,4.999999873689376e-05,122285.2421875,-0.029734371230006218,122285.2578125,0.3248182237148285,0.011554911732673645,0.9854910969734192,0.0
1298.696518080377,-502.5919563269442,120.02049898353943,100.0,56,5600,False,4916800,49168,878,ae3b9b3532214bc3bad13e7ea9518ddf,2020-03-20_23-49-16,1584748156,10.37829852104187,9067.564589977264,23993,eclipse,137.195.211.213,9067.564589977264,4916800,878,28,2ed37c9e,0.18,0.0,1.0,11.267143264604952,0.9887045739293499,1.4803586339692858,4832512,4916800,3153.267,6.718,7079.331,17.978,2.278125047683716,4.999999873689376e-05,13998.6728515625,-0.034599997103214264,13998.6806640625,0.025132300332188606,0.01134712714701891,1.418582797050476,0.0
3757.0562027841156,-213.1175894960255,272.66222873445827,100.0,56,5600,False,4922400,49224,879,ae3b9b3532214bc3bad13e7ea9518ddf,2020-03-20_23-49-27,1584748167,10.379116535186768,9077.943706512451,23993,eclipse,137.195.211.213,9077.943706512451,4922400,879,28,2ed37c9e,0.28,0.0,1.0,11.267597267173217,0.9887236030979895,1.4804408921315393,4838016,4922400,3157.952,6.822,7083.229,17.614,2.278125047683716,4.999999873689376e-05,194928.796875,-0.034482575953006744,194928.8125,0.2858089506626129,0.011300819925963879,0.7613427042961121,0.0
3549.8497186554873,-34.69111838386434,332.0423914412639,100.0,56,5600,False,4928000,49280,880,ae3b9b3532214bc3bad13e7ea9518ddf,2020-03-20_23-49-37,1584748177,10.371642589569092,9088.31534910202,23993,eclipse,137.195.211.213,9088.31534910202,4928000,880,28,2ed37c9e,0.36,0.0,1.0,11.267711509772885,0.9887257901301819,1.4804165914559564,4843520,4928000,3158.895,6.838,7074.191,18.48,2.278125047683716,4.999999873689376e-05,151965.703125,-0.030797414481639862,151965.703125,0.3032713532447815,0.011902321130037308,1.1272711753845215,0.0
3412.723458294486,-38.67379747188554,288.41323999942216,100.0,56,5600,False,4933600,49336,881,ae3b9b3532214bc3bad13e7ea9518ddf,2020-03-20_23-49-48,1584748188,10.325690746307373,9098.641039848328,23993,eclipse,137.195.211.213,9098.641039848328,4933600,881,28,2ed37c9e,0.3,0.0,1.0,11.267715823921762,0.988726315190386,1.4803853384246293,4849024,4933600,3155.516,7.026,7076.512,18.405,2.278125047683716,4.999999873689376e-05,77678.1171875,-0.03664722666144371,77678.125,0.30331236124038696,0.0118021871894598,1.3923604488372803,0.0
3412.723458294486,-539.9788419899907,256.7150771557763,100.0,56,5600,False,4939200,49392,882,ae3b9b3532214bc3bad13e7ea9518ddf,2020-03-20_23-49-58,1584748198,10.247278690338135,9108.888318538666,23993,eclipse,137.195.211.213,9108.888318538666,4939200,882,28,2ed37c9e,0.27,0.0,1.0,11.267637852296223,0.9887233247796793,1.4803581893356832,4854528,4939200,3135.434,6.97,7108.985,18.904,2.278125047683716,4.999999873689376e-05,88754.359375,-0.03720829263329506,88754.375,0.36009177565574646,0.010318166576325893,1.3229129314422607,0.0
3023.34181403934,-539.9788419899907,334.92803091737363,100.0,56,5600,False,4944800,49448,883,ae3b9b3532214bc3bad13e7ea9518ddf,2020-03-20_23-50-08,1584748208,10.410431861877441,9119.298750400543,23993,eclipse,137.195.211.213,9119.298750400543,4944800,883,28,2ed37c9e,0.34,0.0,1.0,11.267609588874452,0.9887088020636502,1.48033061188495,4860032,4944800,3102.778,6.808,7152.586,18.082,2.278125047683716,4.999999873689376e-05,124232.6484375,-0.03577113151550293,124232.6640625,0.34531909227371216,0.009992198087275028,0.9478765726089478,0.0
3023.34181403934,-32.7898126157924,340.11776113717775,100.0,56,5600,False,4950400,49504,884,ae3b9b3532214bc3bad13e7ea9518ddf,2020-03-20_23-50-19,1584748219,10.414283990859985,9129.713034391403,23993,eclipse,137.195.211.213,9129.713034391403,4950400,884,28,2ed37c9e,0.3,0.0,1.0,11.267572194733193,0.9886831300984267,1.480301351935321,4865536,4950400,3094.498,6.077,7191.703,17.765,2.278125047683716,4.999999873689376e-05,69362.7578125,-0.027548080310225487,69362.7578125,0.45561736822128296,0.01274178922176361,1.23635733127594,0.0
3033.729208185335,-35.90146947836724,299.6303027080861,100.0,56,5600,False,4956000,49560,885,ae3b9b3532214bc3bad13e7ea9518ddf,2020-03-20_23-50-29,1584748229,10.465635299682617,9140.178669691086,23993,eclipse,137.195.211.213,9140.178669691086,4956000,885,28,2ed37c9e,0.25,0.0,1.0,11.267591584520705,0.9886672958266098,1.480281647242485,4871040,4956000,3076.571,6.255,7222.773,18.714,2.278125047683716,4.999999873689376e-05,94596.8828125,-0.03457740694284439,94596.8984375,0.3651108741760254,0.011565988883376122,0.7620622515678406,0.0
3033.729208185335,-36.27720791849343,334.9021844810648,100.0,56,5600,False,4961600,49616,886,ae3b9b3532214bc3bad13e7ea9518ddf,2020-03-20_23-50-40,1584748240,10.315619468688965,9150.494289159775,23993,eclipse,137.195.211.213,9150.494289159775,4961600,886,28,2ed37c9e,0.32,0.0,1.0,11.267540970903074,0.98865980811061,1.480258445493561,4876544,4961600,3057.367,6.225,7261.709,18.915,2.278125047683716,4.999999873689376e-05,69977.3828125,-0.029383869841694832,69977.3828125,0.5279772877693176,0.011707158759236336,1.3628486394882202,0.0
4137.002268661642,-36.27720791849343,333.9628570600109,100.0,56,5600,False,4967200,49672,887,ae3b9b3532214bc3bad13e7ea9518ddf,2020-03-20_23-50-50,1584748250,10.375426530838013,9160.869715690613,23993,eclipse,137.195.211.213,9160.869715690613,4967200,887,28,2ed37c9e,0.35,0.0,1.0,11.267516674786748,0.9886267929178095,1.480222525023589,4882048,4967200,3013.029,6.122,7265.338,18.361,2.278125047683716,4.999999873689376e-05,115596.5703125,-0.03066309727728367,115596.578125,0.4071674644947052,0.013617364689707756,1.2675318717956543,0.0
4850.440962690121,-36.404797599312005,480.7228387780461,100.0,56,5600,False,4972800,49728,888,ae3b9b3532214bc3bad13e7ea9518ddf,2020-03-20_23-51-00,1584748260,10.339073896408081,9171.20878958702,23993,eclipse,137.195.211.213,9171.20878958702,4972800,888,28,2ed37c9e,0.36,0.0,1.0,11.2675225067208,0.9886238617724556,1.480183369784525,4887552,4972800,2989.203,6.256,7287.876,18.43,2.278125047683716,4.999999873689376e-05,354836.125,-0.03182566165924072,354836.15625,0.2921988368034363,0.011727873235940933,1.3361316919326782,0.0
4850.440962690121,-35.08314751830658,408.2439252965233,100.0,56,5600,False,4978400,49784,889,ae3b9b3532214bc3bad13e7ea9518ddf,2020-03-20_23-51-11,1584748271,10.328589677810669,9181.537379264832,23993,eclipse,137.195.211.213,9181.537379264832,4978400,889,28,2ed37c9e,0.33,0.0,1.0,11.2675460273229,0.988622831975683,1.4801625771473739,4893056,4978400,2981.137,6.121,7292.465,18.005,2.278125047683716,4.999999873689376e-05,95798.2734375,-0.030121734365820885,95798.28125,0.33645910024642944,0.011623990722000599,0.9619174599647522,0.0
3021.492691567739,-113.57451283903136,378.37724673089934,100.0,56,5600,False,4984000,49840,890,ae3b9b3532214bc3bad13e7ea9518ddf,2020-03-20_23-51-21,1584748281,10.335274696350098,9191.872653961182,23993,eclipse,137.195.211.213,9191.872653961182,4984000,890,28,2ed37c9e,0.35,0.0,1.0,11.267592581414682,0.9886044947866882,1.4801263293413947,4898560,4984000,2981.204,6.393,7291.07,17.065,2.278125047683716,4.999999873689376e-05,147821.1875,-0.03456376492977142,147821.171875,0.3818068504333496,0.014041258953511715,1.0686475038528442,0.0
3987.002317162707,-113.57451283903136,299.3047891599049,100.0,56,5600,False,4989600,49896,891,ae3b9b3532214bc3bad13e7ea9518ddf,2020-03-20_23-51-31,1584748291,10.321389198303223,9202.194043159485,23993,eclipse,137.195.211.213,9202.194043159485,4989600,891,28,2ed37c9e,0.33,0.0,1.0,11.267587458661616,0.9886127390095396,1.48009529393666,4904064,4989600,2974.964,6.465,7294.883,17.263,2.278125047683716,4.999999873689376e-05,104273.9765625,-0.031908728182315826,104273.96875,0.30570223927497864,0.011430063284933567,1.1729217767715454,0.0
3987.002317162707,-104.42841082949526,224.8075090560279,100.0,56,5600,False,4995200,49952,892,ae3b9b3532214bc3bad13e7ea9518ddf,2020-03-20_23-51-42,1584748302,10.378111124038696,9212.572154283524,23993,eclipse,137.195.211.213,9212.572154283524,4995200,892,28,2ed37c9e,0.25,0.0,1.0,11.267547823853338,0.98862827768922,1.4800733590034936,4909568,4995200,2979.491,6.621,7303.263,17.941,2.278125047683716,4.999999873689376e-05,58995.0859375,-0.028952576220035553,58995.0859375,0.3224477469921112,0.01229164656251669,1.0963284969329834,0.0
3773.3773419371187,-349.04651314232495,269.586465815489,100.0,56,5600,False,5000800,50008,893,ae3b9b3532214bc3bad13e7ea9518ddf,2020-03-20_23-51-52,1584748312,10.41918683052063,9222.991341114044,23993,eclipse,137.195.211.213,9222.991341114044,5000800,893,28,2ed37c9e,0.28,0.0,1.0,11.26745121050174,0.9886314616288198,1.480039963381344,4915072,5000800,2976.9,7.089,7305.88,18.028,2.278125047683716,4.999999873689376e-05,158863.484375,-0.032935477793216705,158863.484375,0.3319909870624542,0.011240877211093903,1.1331753730773926,0.0
3773.3773419371187,-349.04651314232495,350.64424609154304,100.0,56,5600,False,5006400,50064,894,ae3b9b3532214bc3bad13e7ea9518ddf,2020-03-20_23-52-03,1584748323,10.368825674057007,9233.360166788101,23993,eclipse,137.195.211.213,9233.360166788101,5006400,894,28,2ed37c9e,0.31,0.0,1.0,11.26742115621843,0.988614478455634,1.480007698145414,4920576,5006400,2974.042,7.008,7304.666,18.715,2.278125047683716,4.999999873689376e-05,68490.484375,-0.034448061138391495,68490.484375,0.3916168212890625,0.01182149164378643,1.22629976272583,0.0
2688.51529030669,-36.31532134691987,231.29865284575416,100.0,56,5600,False,5012000,50120,895,ae3b9b3532214bc3bad13e7ea9518ddf,2020-03-20_23-52-13,1584748333,10.307358264923096,9243.667525053024,23993,eclipse,137.195.211.213,9243.667525053024,5012000,895,28,2ed37c9e,0.22,0.0,1.0,11.267350839005495,0.9885985896391992,1.479983024483007,4926080,5012000,2967.746,6.967,7293.955,18.719,2.278125047683716,4.999999873689376e-05,64448.55859375,-0.029913028702139854,64448.5703125,0.35815009474754333,0.00876121036708355,1.4100192785263062,0.0
2688.51529030669,-38.3734537830945,263.09159166923587,100.0,56,5600,False,5017600,50176,896,ae3b9b3532214bc3bad13e7ea9518ddf,2020-03-20_23-52-23,1584748343,10.313133955001831,9253.980659008026,23993,eclipse,137.195.211.213,9253.980659008026,5017600,896,28,2ed37c9e,0.27,0.0,1.0,11.267277115323747,0.9885917295394929,1.4799605086794128,4931584,5017600,2968.023,6.979,7292.81,19.204,2.278125047683716,4.999999873689376e-05,79145.890625,-0.035236235707998276,79145.8984375,0.31939834356307983,0.010541308671236038,1.395214557647705,0.0
2863.522432078419,-37.446780096821634,319.5827815552916,100.0,56,5600,False,5023200,50232,897,ae3b9b3532214bc3bad13e7ea9518ddf,2020-03-20_23-52-34,1584748354,10.269083738327026,9264.249742746353,23993,eclipse,137.195.211.213,9264.249742746353,5023200,897,28,2ed37c9e,0.3,0.0,1.0,11.267101563820487,0.9885886356355827,1.4799340110929398,4937088,5023200,2961.022,6.8,7291.37,18.844,2.278125047683716,4.999999873689376e-05,143280.265625,-0.034327201545238495,143280.28125,0.39490899443626404,0.014166876673698425,1.4423234462738037,0.0
2772.7338443096432,-36.83311826697853,304.52325113080184,100.0,56,5600,False,5028800,50288,898,ae3b9b3532214bc3bad13e7ea9518ddf,2020-03-20_23-52-44,1584748364,10.4099600315094,9274.659702777863,23993,eclipse,137.195.211.213,9274.659702777863,5028800,898,28,2ed37c9e,0.3,0.0,1.0,11.26701594433529,0.9885900287323446,1.4799189996319455,4942592,5028800,2959.504,6.83,7295.774,19.516,2.278125047683716,4.999999873689376e-05,55001.65625,-0.03598209097981453,55001.66796875,0.363100528717041,0.010701601393520832,0.977154016494751,0.0
4208.773761215545,-38.06601001460175,418.6504494631514,100.0,56,5600,False,5034400,50344,899,ae3b9b3532214bc3bad13e7ea9518ddf,2020-03-20_23-52-55,1584748375,10.27917742729187,9284.938880205154,23993,eclipse,137.195.211.213,9284.938880205154,5034400,899,28,2ed37c9e,0.29,0.0,1.0,11.267053085399448,0.9885947167856618,1.479901059233477,4948096,5034400,2956.253,7.022,7290.832,20.024,2.278125047683716,4.999999873689376e-05,280990.6875,-0.03245313838124275,280990.6875,0.32787463068962097,0.01470586471259594,0.9526296257972717,0.0
4208.773761215545,-38.06601001460175,478.72891831577914,100.0,56,5600,False,5040000,50400,900,ae3b9b3532214bc3bad13e7ea9518ddf,2020-03-20_23-53-05,1584748385,10.322831392288208,9295.261711597443,23993,eclipse,137.195.211.213,9295.261711597443,5040000,900,28,2ed37c9e,0.34,0.0,1.0,11.267067803057243,0.9885897959042521,1.4798704656762252,4953600,5040000,2949.684,6.814,7293.438,20.804,2.278125047683716,4.999999873689376e-05,201875.296875,-0.030995476990938187,201875.296875,0.33941516280174255,0.011724703945219517,1.2611163854599,0.0
3640.718348101851,-33.75661236968328,312.5619897354425,100.0,56,5600,False,5045600,50456,901,ae3b9b3532214bc3bad13e7ea9518ddf,2020-03-20_23-53-15,1584748395,10.23855447769165,9305.500266075134,23993,eclipse,137.195.211.213,9305.500266075134,5045600,901,28,2ed37c9e,0.32,0.0,1.0,11.267123755710323,0.9885871190334603,1.4798769487733676,4959104,5045600,2978.804,6.797,7257.369,20.204,2.278125047683716,4.999999873689376e-05,61192.4296875,-0.03220219537615776,61192.44140625,0.3901059329509735,0.010611562058329582,1.363460659980774,0.0
3656.9273894077505,-34.502609843396606,405.38348764944595,100.0,56,5600,False,5051200,50512,902,ae3b9b3532214bc3bad13e7ea9518ddf,2020-03-20_23-53-25,1584748405,10.082050561904907,9315.58231663704,23993,eclipse,137.195.211.213,9315.58231663704,5051200,902,28,2ed37c9e,0.36,0.0,1.0,11.267336595797952,0.9885923396932192,1.4799127828836356,4964608,5051200,2991.21,6.421,7215.341,19.102,2.278125047683716,4.999999873689376e-05,199421.0,-0.036007679998874664,199421.0,0.36920303106307983,0.013050351291894913,0.9660917520523071,0.0
3656.9273894077505,-34.502609843396606,394.03607280117285,100.0,56,5600,False,5056800,50568,903,ae3b9b3532214bc3bad13e7ea9518ddf,2020-03-20_23-53-35,1584748415,10.028897285461426,9325.6112139225,23993,eclipse,137.195.211.213,9325.6112139225,5056800,903,28,2ed37c9e,0.35,0.0,1.0,11.267535253558794,0.9885964084024509,1.4799435089271977,4970112,5056800,2998.685,6.336,7167.962,19.934,2.278125047683716,4.999999873689376e-05,79849.390625,-0.03399374336004257,79849.40625,0.313285231590271,0.010768726468086243,1.245771884918213,0.0
2778.3497931261118,-516.4970802205767,185.01785708179898,100.0,56,5600,False,5062400,50624,904,ae3b9b3532214bc3bad13e7ea9518ddf,2020-03-20_23-53-46,1584748426,10.455445766448975,9336.06665968895,23993,eclipse,137.195.211.213,9336.06665968895,5062400,904,28,2ed37c9e,0.21,0.0,1.0,11.267679224213609,0.988624635644221,1.4800129324146807,4975616,5062400,3030.44,6.162,7144.691,19.169,2.278125047683716,4.999999873689376e-05,30870.498046875,-0.0346270427107811,30870.505859375,0.3625536262989044,0.010566000826656818,1.9680898189544678,0.0
5647.545495768013,-516.4970802205767,388.0253214424829,100.0,56,5600,False,5068000,50680,905,ae3b9b3532214bc3bad13e7ea9518ddf,2020-03-20_23-53-56,1584748436,10.16968846321106,9346.23634815216,23993,eclipse,137.195.211.213,9346.23634815216,5068000,905,28,2ed37c9e,0.25,0.0,1.0,11.268084096070247,0.9886538635860793,1.4800798163659175,4981120,5068000,3051.499,6.109,7110.124,18.959,2.278125047683716,4.999999873689376e-05,430800.65625,-0.04001377150416374,430800.65625,0.2824991047382355,0.012315550819039345,0.34334009885787964,0.0
4297.927681615494,-371.1369307425372,415.2603065849282,100.0,56,5600,False,5073600,50736,906,ae3b9b3532214bc3bad13e7ea9518ddf,2020-03-20_23-54-07,1584748447,10.843873023986816,9357.080221176147,23993,eclipse,137.195.211.213,9357.080221176147,5073600,906,28,2ed37c9e,0.31,0.0,1.0,11.268868552658816,0.9886966237286834,1.4802003262250572,4986624,5073600,3101.926,5.776,7114.541,18.052,2.278125047683716,4.999999873689376e-05,131286.796875,-0.03746584430336952,131286.796875,0.3013356626033783,0.010847976431250572,0.7696976661682129,0.0
3220.134139824707,-544.4680522146558,267.9633633038278,100.0,56,5600,False,5079200,50792,907,ae3b9b3532214bc3bad13e7ea9518ddf,2020-03-20_23-54-17,1584748457,10.34880542755127,9367.429026603699,23993,eclipse,137.195.211.213,9367.429026603699,5079200,907,28,2ed37c9e,0.29,0.0,1.0,11.26936819767878,0.9887283234094923,1.480277891857388,4992128,5079200,3108.984,5.687,7114.363,18.881,2.278125047683716,4.999999873689376e-05,55065.02734375,-0.029750796034932137,55065.03515625,0.38706082105636597,0.010765032842755318,0.9695797562599182,0.0
1990.7129695675853,-544.4680522146558,159.98027150769738,100.0,56,5600,False,5084800,50848,908,ae3b9b3532214bc3bad13e7ea9518ddf,2020-03-20_23-54-28,1584748468,10.380218267440796,9377.80924487114,23993,eclipse,137.195.211.213,9377.80924487114,5084800,908,28,2ed37c9e,0.19,0.0,1.0,11.269268015565366,0.9887214560966545,1.4802425883269534,4997632,5084800,3112.192,5.585,7112.571,17.767,2.278125047683716,4.999999873689376e-05,33746.83203125,-0.03432241082191467,33746.83984375,0.33366090059280396,0.011371569707989693,1.804375410079956,0.0
4522.512709795614,-528.4914606450158,219.58759325975504,100.0,56,5600,False,5090400,50904,909,ae3b9b3532214bc3bad13e7ea9518ddf,2020-03-20_23-54-38,1584748478,10.456261396408081,9388.265506267548,23993,eclipse,137.195.211.213,9388.265506267548,5090400,909,28,2ed37c9e,0.16,0.0,1.0,11.269185396104557,0.9887217304124672,1.4802021050233594,5003136,5090400,3127.716,5.17,7116.004,16.789,2.278125047683716,4.999999873689376e-05,191529.953125,-0.03527979925274849,191529.953125,0.2739447355270386,0.01570742018520832,1.0921025276184082,0.0
4522.512709795614,-36.303393951372975,316.83590603620775,100.0,56,5600,False,5096000,50960,910,ae3b9b3532214bc3bad13e7ea9518ddf,2020-03-20_23-54-49,1584748489,10.482739925384521,9398.748246192932,23993,eclipse,137.195.211.213,9398.748246192932,5096000,910,28,2ed37c9e,0.19,0.0,1.0,11.26925839974684,0.9887199043962809,1.4801887441667008,5008640,5096000,3141.696,5.094,7119.549,16.945,2.278125047683716,4.999999873689376e-05,195761.140625,-0.02949291095137596,195761.140625,0.3090319037437439,0.012864552438259125,0.7943770885467529,0.0
4434.880308792598,-34.05485939611731,393.3916818045081,100.0,56,5600,False,5101600,51016,911,ae3b9b3532214bc3bad13e7ea9518ddf,2020-03-20_23-54-59,1584748499,10.485702514648438,9409.23394870758,23993,eclipse,137.195.211.213,9409.23394870758,5101600,911,28,2ed37c9e,0.28,0.0,1.0,11.269485999485093,0.9887096039501618,1.4801765640306181,5014144,5101600,3131.225,5.224,7156.489,16.764,2.278125047683716,4.999999873689376e-05,152912.421875,-0.035003677010536194,152912.421875,0.35549771785736084,0.010417276993393898,0.6907535195350647,0.0
3223.2659155921315,-46.82986211621058,298.951576637451,100.0,56,5600,False,5107200,51072,912,ae3b9b3532214bc3bad13e7ea9518ddf,2020-03-20_23-55-10,1584748510,10.35569453239441,9419.589643239975,23993,eclipse,137.195.211.213,9419.589643239975,5107200,912,28,2ed37c9e,0.3,0.0,1.0,11.269474463818515,0.9887005430760084,1.4801362612464437,5019648,5107200,3119.005,5.509,7195.403,17.015,2.278125047683716,4.999999873689376e-05,94773.78125,-0.03623940050601959,94773.7890625,0.3079529106616974,0.011180555447936058,1.6746907234191895,0.0
3440.7305775722557,-295.57658373756084,269.54386188911684,100.0,56,5600,False,5112800,51128,913,ae3b9b3532214bc3bad13e7ea9518ddf,2020-03-20_23-55-20,1584748520,10.408528089523315,9429.998171329498,23993,eclipse,137.195.211.213,9429.998171329498,5112800,913,28,2ed37c9e,0.3,0.0,1.0,11.269474800435987,0.9887059025337152,1.4801060485486957,5025152,5112800,3119.296,5.185,7234.058,17.076,2.278125047683716,4.999999873689376e-05,144926.71875,-0.03791045770049095,144926.71875,0.3117664158344269,0.011580455116927624,0.9270535111427307,0.0
3526.1574647852863,-295.57658373756084,331.76984524382397,100.0,56,5600,False,5118400,51184,914,ae3b9b3532214bc3bad13e7ea9518ddf,2020-03-20_23-55-31,1584748531,10.297511577606201,9440.295682907104,23993,eclipse,137.195.211.213,9440.295682907104,5118400,914,28,2ed37c9e,0.35,0.0,1.0,11.26958890042724,0.9887139053359043,1.4800843315557979,5030656,5118400,3088.805,5.369,7248.729,17.566,2.278125047683716,4.999999873689376e-05,143884.671875,-0.03126254677772522,143884.65625,0.3564395010471344,0.010370321571826935,0.875389814376831,0.0
3526.1574647852863,-544.9297404357046,416.54173969200065,100.0,56,5600,False,5124000,51240,915,ae3b9b3532214bc3bad13e7ea9518ddf,2020-03-20_23-55-41,1584748541,10.380608081817627,9450.676290988922,23993,eclipse,137.195.211.213,9450.676290988922,5124000,915,28,2ed37c9e,0.42,0.0,1.0,11.269654944264976,0.9887090039814467,1.4800606382232653,5036160,5124000,3070.266,5.494,7288.849,17.164,2.278125047683716,4.999999873689376e-05,163615.078125,-0.03176599740982056,163615.09375,0.3519403040409088,0.011727269738912582,1.0286211967468262,0.0
6405.137763390732,-544.9297404357046,437.41594496260143,100.0,56,5600,False,5129600,51296,916,ae3b9b3532214bc3bad13e7ea9518ddf,2020-03-20_23-55-51,1584748551,10.373801469802856,9461.050092458725,23993,eclipse,137.195.211.213,9461.050092458725,5129600,916,28,2ed37c9e,0.38,0.0,1.0,11.269604142666319,0.98869289753147,1.4800323212969229,5041664,5129600,3019.597,5.751,7288.116,18.097,2.278125047683716,4.999999873689376e-05,247937.53125,-0.031827662140131,247937.515625,0.29214802384376526,0.013516735285520554,1.3281573057174683,0.0
6405.137763390732,-39.053554451991566,376.15734480962595,100.0,56,5600,False,5135200,51352,917,ae3b9b3532214bc3bad13e7ea9518ddf,2020-03-20_23-56-02,1584748562,10.446085929870605,9471.496178388596,23993,eclipse,137.195.211.213,9471.496178388596,5135200,917,28,2ed37c9e,0.33,0.0,1.0,11.269568248259466,0.9886822239783909,1.4800075012422895,5047168,5135200,3024.139,5.925,7293.839,18.178,2.278125047683716,4.999999873689376e-05,154627.0625,-0.03427824005484581,154627.078125,0.3066755533218384,0.012437409721314907,0.8812026977539062,0.0
3316.6883949741814,-579.2424486965745,349.44339688245776,100.0,56,5600,False,5140800,51408,918,ae3b9b3532214bc3bad13e7ea9518ddf,2020-03-20_23-56-12,1584748572,10.356212615966797,9481.852391004562,23993,eclipse,137.195.211.213,9481.852391004562,5140800,918,28,2ed37c9e,0.33,0.0,1.0,11.26963062723331,0.9886728336459832,1.4799873122631075,5052672,5140800,3019.073,5.645,7294.45,18.68,2.278125047683716,4.999999873689376e-05,94801.46875,-0.0312638059258461,94801.46875,0.40112560987472534,0.010887556709349155,1.240315318107605,0.0
2893.7763826185096,-579.2424486965745,230.44060322039266,100.0,56,5600,False,5146400,51464,919,ae3b9b3532214bc3bad13e7ea9518ddf,2020-03-20_23-56-23,1584748583,10.397545576095581,9492.249936580658,23993,eclipse,137.195.211.213,9492.249936580658,5146400,919,28,2ed37c9e,0.28,0.0,1.0,11.26965176662371,0.9886706186941093,1.479960209365034,5058176,5146400,3014.232,6.087,7292.544,19.36,2.278125047683716,4.999999873689376e-05,65778.484375,-0.024448873475193977,65778.484375,0.36430710554122925,0.009343462996184826,1.4989417791366577,0.0
2893.7763826185096,-36.270952165727465,240.16707812298085,100.0,56,5600,False,5152000,51520,920,ae3b9b3532214bc3bad13e7ea9518ddf,2020-03-20_23-56-33,1584748593,10.407615900039673,9502.657552480698,23993,eclipse,137.195.211.213,9502.657552480698,5152000,920,28,2ed37c9e,0.29,0.0,1.0,11.269658137310909,0.98866214459371,1.4799341252825582,5063680,5152000,3007.425,6.163,7290.87,19.38,2.278125047683716,4.999999873689376e-05,65521.59375,-0.03278173878788948,65521.60546875,0.3507542610168457,0.012018362060189247,0.9873867630958557,0.0
2866.9230598362574,-34.960811657873194,264.9034962683703,100.0,56,5600,False,5157600,51576,921,ae3b9b3532214bc3bad13e7ea9518ddf,2020-03-20_23-56-44,1584748604,10.397139310836792,9513.054691791534,23993,eclipse,137.195.211.213,9513.054691791534,5157600,921,28,2ed37c9e,0.32,0.0,1.0,11.269697051295744,0.9886522605264938,1.479901774867019,5069184,5157600,3002.418,6.062,7286.791,19.949,2.278125047683716,4.999999873689376e-05,93647.2734375,-0.03291349485516548,93647.2734375,0.34061211347579956,0.012293064035475254,1.0716304779052734,0.0
3138.348627750618,-130.6331750020549,400.9790246823891,100.0,56,5600,False,5163200,51632,922,ae3b9b3532214bc3bad13e7ea9518ddf,2020-03-20_23-56-54,1584748614,10.320184707641602,9523.374876499176,23993,eclipse,137.195.211.213,9523.374876499176,5163200,922,28,2ed37c9e,0.32,0.0,1.0,11.269759409129666,0.9886371386566714,1.4798734104201374,5074688,5163200,2993.156,5.968,7291.985,18.992,2.278125047683716,4.999999873689376e-05,158723.40625,-0.034721799194812775,158723.4375,0.3631381392478943,0.010662345215678215,0.6995783448219299,0.0
3651.9789151592922,-130.6331750020549,437.11951141757544,100.0,56,5600,False,5168800,51688,923,ae3b9b3532214bc3bad13e7ea9518ddf,2020-03-20_23-57-04,1584748624,10.389856100082397,9533.764732599258,23993,eclipse,137.195.211.213,9533.764732599258,5168800,923,28,2ed37c9e,0.31,0.0,1.0,11.26984616887065,0.9886194863102274,1.4798489508441777,5080192,5168800,2984.887,6.34,7296.415,19.057,2.278125047683716,4.999999873689376e-05,208971.71875,-0.029003232717514038,208971.71875,0.3551395833492279,0.01293177530169487,0.8446099758148193,0.0
2860.384625646128,-33.96937964339369,359.16903619989813,100.0,56,5600,False,5174400,51744,924,ae3b9b3532214bc3bad13e7ea9518ddf,2020-03-20_23-57-15,1584748635,10.373910188674927,9544.138642787933,23993,eclipse,137.195.211.213,9544.138642787933,5174400,924,28,2ed37c9e,0.32,0.0,1.0,11.269893576257656,0.9886127168391403,1.479823665670269,5085696,5174400,2981.339,6.342,7306.489,18.016,2.278125047683716,4.999999873689376e-05,93071.53125,-0.03298075124621391,93071.5390625,0.36083805561065674,0.012928162701427937,1.1347572803497314,0.0
2860.384625646128,-39.11824615591404,255.35447397174033,100.0,56,5600,False,5180000,51800,925,ae3b9b3532214bc3bad13e7ea9518ddf,2020-03-20_23-57-25,1584748645,10.496714115142822,9554.635356903076,23993,eclipse,137.195.211.213,9554.635356903076,5180000,925,28,2ed37c9e,0.3,0.0,1.0,11.269935009174691,0.9886055433793595,1.4797984445973638,5091200,5180000,2988.678,6.262,7309.373,18.479,2.278125047683716,4.999999873689376e-05,44509.12890625,-0.03526492789387703,44509.12890625,0.3682991862297058,0.014340123161673546,1.074360966682434,0.0
2545.9897388212034,-378.96927218399924,262.2993821415099,100.0,56,5600,False,5185600,51856,926,ae3b9b3532214bc3bad13e7ea9518ddf,2020-03-20_23-57-36,1584748656,10.473455905914307,9565.10881280899,23993,eclipse,137.195.211.213,9565.10881280899,5185600,926,28,2ed37c9e,0.31,0.0,1.0,11.270055555203282,0.9885912541799132,1.479774927996176,5096704,5185600,2999.116,6.274,7311.144,18.486,2.278125047683716,4.999999873689376e-05,101664.140625,-0.034009452909231186,101664.1484375,0.3505557179450989,0.009367724880576134,1.0234105587005615,0.0
4301.968938480736,-378.96927218399924,387.8385811452868,100.0,56,5600,False,5191200,51912,927,ae3b9b3532214bc3bad13e7ea9518ddf,2020-03-20_23-57-46,1584748666,10.33237624168396,9575.441189050674,23993,eclipse,137.195.211.213,9575.441189050674,5191200,927,28,2ed37c9e,0.35,0.0,1.0,11.27013236018287,0.9885831086229618,1.4797564454352476,5102208,5191200,2995.156,6.297,7302.654,18.696,2.278125047683716,4.999999873689376e-05,228228.0,-0.03348793089389801,228228.0,0.3845013976097107,0.011497235856950283,1.2542896270751953,0.0
4301.968938480736,-389.38468870586564,297.36644572279994,100.0,56,5600,False,5196800,51968,928,ae3b9b3532214bc3bad13e7ea9518ddf,2020-03-20_23-57-57,1584748677,10.452303409576416,9585.89349246025,23993,eclipse,137.195.211.213,9585.89349246025,5196800,928,28,2ed37c9e,0.26,0.0,1.0,11.270065404286349,0.9885758473973503,1.4797481448347072,5107712,5196800,3000.557,6.564,7307.683,18.384,2.278125047683716,4.999999873689376e-05,92208.7109375,-0.03409867361187935,92208.71875,0.34787052869796753,0.011851946823298931,1.0724374055862427,0.0
3319.4382201156295,-389.38468870586564,264.12087469107206,100.0,56,5600,False,5202400,52024,929,ae3b9b3532214bc3bad13e7ea9518ddf,2020-03-20_23-58-07,1584748687,10.277225017547607,9596.170717477798,23993,eclipse,137.195.211.213,9596.170717477798,5202400,929,28,2ed37c9e,0.22,0.0,1.0,11.270137896830068,0.9885638100137689,1.4797269987119048,5113216,5202400,2997.723,6.482,7299.923,17.915,2.278125047683716,4.999999873689376e-05,116315.625,-0.030501382425427437,116315.6484375,0.31109246611595154,0.011865195818245411,0.8007075190544128,0.0
3643.9865056307513,-61.167242423455676,256.3114008468158,100.0,56,5600,False,5208000,52080,930,ae3b9b3532214bc3bad13e7ea9518ddf,2020-03-20_23-58-17,1584748697,10.077739238739014,9606.248456716537,23993,eclipse,137.195.211.213,9606.248456716537,5208000,930,28,2ed37c9e,0.23,0.0,1.0,11.270433990841783,0.9885686692775647,1.4797375683885117,5118720,5208000,3009.768,6.438,7256.738,17.873,2.278125047683716,4.999999873689376e-05,105172.78125,-0.027180181816220284,105172.78125,0.35229066014289856,0.011369333602488041,0.8813018202781677,0.0
2779.7738257569576,-129.15588750536668,261.11364081509396,100.0,56,5600,False,5213600,52136,931,ae3b9b3532214bc3bad13e7ea9518ddf,2020-03-20_23-58-27,1584748707,9.991696119308472,9616.240152835846,23993,eclipse,137.195.211.213,9616.240152835846,5213600,931,28,2ed37c9e,0.23,0.0,1.0,11.270699428817943,0.9885753390056441,1.4798009090121738,5124224,5213600,3007.513,6.654,7218.024,18.028,2.278125047683716,4.999999873689376e-05,85205.359375,-0.03304382786154747,85205.375,0.32750198245048523,0.010483230464160442,1.3182134628295898,0.0
2779.7738257569576,-35.74426390931294,340.47187845381666,100.0,56,5600,False,5219200,52192,932,ae3b9b3532214bc3bad13e7ea9518ddf,2020-03-20_23-58-37,1584748717,10.086699962615967,9626.326852798462,23993,eclipse,137.195.211.213,9626.326852798462,5219200,932,28,2ed37c9e,0.28,0.0,1.0,11.271026181159993,0.988583591888013,1.479858877762304,5129728,5219200,3026.276,6.669,7177.397,19.217,2.278125047683716,4.999999873689376e-05,116447.90625,-0.03518598899245262,116447.90625,0.3486196994781494,0.01293114572763443,0.6025143265724182,0.0
2663.2772043662944,-35.74426390931294,339.2068602753001,100.0,56,5600,False,5224800,52248,933,ae3b9b3532214bc3bad13e7ea9518ddf,2020-03-20_23-58-48,1584748728,10.840879678726196,9637.167732477188,23993,eclipse,137.195.211.213,9637.167732477188,5224800,933,28,2ed37c9e,0.33,0.0,1.0,11.271817031550915,0.9886268679178304,1.479991184093061,5135232,5224800,3096.081,6.82,7155.437,17.85,2.278125047683716,4.999999873689376e-05,122576.9296875,-0.038788195699453354,122576.9453125,0.34024831652641296,0.010328143835067749,0.6000615954399109,0.0
3429.7184948245063,-175.26458941195284,364.33727958205105,100.0,56,5600,False,5230400,52304,934,ae3b9b3532214bc3bad13e7ea9518ddf,2020-03-20_23-58-58,1584748738,10.001047134399414,9647.168779611588,23993,eclipse,137.195.211.213,9647.168779611588,5230400,934,28,2ed37c9e,0.35,0.0,1.0,11.27244060313023,0.9886657666073805,1.4800933916448564,5140736,5230400,3103.306,6.851,7111.133,18.981,2.278125047683716,4.999999873689376e-05,118640.8515625,-0.02989698015153408,118640.8359375,0.31195706129074097,0.01164672989398241,1.068335771560669,0.0
3429.7184948245063,-175.26458941195284,322.647352188061,100.0,56,5600,False,5236000,52360,935,ae3b9b3532214bc3bad13e7ea9518ddf,2020-03-20_23-59-09,1584748749,10.55031681060791,9657.719096422195,23993,eclipse,137.195.211.213,9657.719096422195,5236000,935,28,2ed37c9e,0.35,0.0,1.0,11.27285956389769,0.9887296774335865,1.4801812945628734,5146240,5236000,3112.295,6.953,7107.331,18.295,2.278125047683716,4.999999873689376e-05,59994.50390625,-0.042868468910455704,59994.52734375,0.35322895646095276,0.010135211050510406,1.202022910118103,0.0
1848.3085459676104,-34.17467793281463,215.4517310284492,100.0,56,5600,False,5241600,52416,936,ae3b9b3532214bc3bad13e7ea9518ddf,2020-03-20_23-59-19,1584748759,10.356566667556763,9668.075663089752,23993,eclipse,137.195.211.213,9668.075663089752,5241600,936,28,2ed37c9e,0.29,0.0,1.0,11.273166347867313,0.9887725121408857,1.4802289580976475,5151744,5241600,3108.368,6.972,7098.953,18.118,2.278125047683716,4.999999873689376e-05,45799.23828125,-0.03210792317986488,45799.24609375,0.29552799463272095,0.012308347970247269,0.8541686534881592,0.0
3737.365811356954,-36.31622563125908,297.49148846243395,100.0,56,5600,False,5247200,52472,937,ae3b9b3532214bc3bad13e7ea9518ddf,2020-03-20_23-59-30,1584748770,10.404534101486206,9678.480197191238,23993,eclipse,137.195.211.213,9678.480197191238,5247200,937,28,2ed37c9e,0.27,0.0,1.0,11.273310937992676,0.9887698194930983,1.4802019317014725,5157248,5247200,3110.58,6.695,7104.909,18.547,2.278125047683716,4.999999873689376e-05,164158.25,-0.029934702441096306,164158.265625,0.3124014735221863,0.012737459503114223,0.679526150226593,0.0
3737.365811356954,-379.4551491974648,308.9851242975977,100.0,56,5600,False,5252800,52528,938,ae3b9b3532214bc3bad13e7ea9518ddf,2020-03-20_23-59-40,1584748780,10.45792007446289,9688.938117265701,23993,eclipse,137.195.211.213,9688.938117265701,5252800,938,28,2ed37c9e,0.31,0.0,1.0,11.27335798778041,0.9887612494298044,1.4801827122104887,5162752,5252800,3112.244,6.679,7103.699,18.989,2.278125047683716,4.999999873689376e-05,75519.1015625,-0.030646149069070816,75519.09375,0.3644436299800873,0.01230662688612938,1.0340096950531006,0.0
2975.5667954675946,-379.4551491974648,330.7053751467233,100.0,56,5600,False,5258400,52584,939,ae3b9b3532214bc3bad13e7ea9518ddf,2020-03-20_23-59-51,1584748791,10.363515138626099,9699.301632404327,23993,eclipse,137.195.211.213,9699.301632404327,5258400,939,28,2ed37c9e,0.29,0.0,1.0,11.273299949047642,0.9887463567735082,1.480159313783035,5168256,5258400,3116.528,6.604,7107.481,19.614,2.278125047683716,4.999999873689376e-05,153225.859375,-0.03323596715927124,153225.875,0.3599700629711151,0.012356528080999851,1.1139365434646606,0.0
2886.159624298131,-45.02079188620207,357.60997667991694,100.0,56,5600,False,5264000,52640,940,ae3b9b3532214bc3bad13e7ea9518ddf,2020-03-21_00-00-01,1584748801,10.33009123802185,9709.63172364235,23993,eclipse,137.195.211.213,9709.63172364235,5264000,940,28,2ed37c9e,0.32,0.0,1.0,11.273260320594467,0.9887230240643651,1.4801381220164536,5173760,5264000,3105.869,6.763,7142.418,19.3,2.278125047683716,4.999999873689376e-05,140921.53125,-0.03358900919556618,140921.5625,0.3908286988735199,0.010976278223097324,1.3613231182098389,0.0
3113.1682957518383,-74.18524901257149,440.15360192356457,100.0,56,5600,False,5269600,52696,941,ae3b9b3532214bc3bad13e7ea9518ddf,2020-03-21_00-00-11,1584748811,10.333971738815308,9719.965695381165,23993,eclipse,137.195.211.213,9719.965695381165,5269600,941,28,2ed37c9e,0.37,0.0,1.0,11.27327695452901,0.9887030284085927,1.4801326298811928,5179264,5269600,3108.719,6.393,7174.883,18.3,2.278125047683716,4.999999873689376e-05,151740.375,-0.03714393451809883,151740.390625,0.394025981426239,0.011337981559336185,1.1378825902938843,0.0
3113.1682957518383,-74.18524901257149,299.5162087717778,100.0,56,5600,False,5275200,52752,942,ae3b9b3532214bc3bad13e7ea9518ddf,2020-03-21_00-00-22,1584748822,10.3465416431427,9730.312237024307,23993,eclipse,137.195.211.213,9730.312237024307,5275200,942,28,2ed37c9e,0.27,0.0,1.0,11.273239055934054,0.988688276424958,1.48011750845308,5184768,5275200,3096.644,6.358,7214.617,17.482,2.278125047683716,4.999999873689376e-05,92441.0078125,-0.03645046800374985,92441.0234375,0.30481839179992676,0.010979694314301014,1.3315982818603516,0.0
3874.797802907584,-36.46998798453661,343.9236125726901,100.0,56,5600,False,5280800,52808,943,ae3b9b3532214bc3bad13e7ea9518ddf,2020-03-21_00-00-32,1584748832,10.451306343078613,9740.763543367386,23993,eclipse,137.195.211.213,9740.763543367386,5280800,943,28,2ed37c9e,0.33,0.0,1.0,11.273328290743077,0.9886643380128475,1.480095841683169,5190272,5280800,3036.437,6.053,7233.312,18.74,2.278125047683716,4.999999873689376e-05,155047.296875,-0.034473586827516556,155047.296875,0.2965902090072632,0.014020729809999466,0.8944787383079529,0.0
5294.009741724743,-425.5040222035021,365.10018382262257,100.0,56,5600,False,5286400,52864,944,ae3b9b3532214bc3bad13e7ea9518ddf,2020-03-21_00-00-43,1584748843,10.247511625289917,9751.011054992676,23993,eclipse,137.195.211.213,9751.011054992676,5286400,944,28,2ed37c9e,0.3,0.0,1.0,11.273445157538584,0.9886471219666169,1.4800818799881323,5195776,5286400,3024.848,5.849,7271.014,18.083,2.278125047683716,4.999999873689376e-05,250416.84375,-0.025719933211803436,250416.796875,0.21209849417209625,0.01125324983149767,0.8728832602500916,0.0
5294.009741724743,-425.5040222035021,312.84899785712156,100.0,56,5600,False,5292000,52920,945,ae3b9b3532214bc3bad13e7ea9518ddf,2020-03-21_00-00-53,1584748853,10.544240713119507,9761.555295705795,23993,eclipse,137.195.211.213,9761.555295705795,5292000,945,28,2ed37c9e,0.26,0.0,1.0,11.273562438743957,0.9886463299261188,1.4800874314246548,5201280,5292000,3021.241,5.66,7276.386,18.931,2.278125047683716,4.999999873689376e-05,117838.9921875,-0.033419061452150345,117838.9921875,0.28066447377204895,0.010103541426360607,0.9570759534835815,0.0
3434.62119301598,-39.96715532839323,314.14887087138464,100.0,56,5600,False,5297600,52976,946,ae3b9b3532214bc3bad13e7ea9518ddf,2020-03-21_00-01-04,1584748864,10.286653757095337,9771.84194946289,23993,eclipse,137.195.211.213,9771.84194946289,5297600,946,28,2ed37c9e,0.27,0.0,1.0,11.273568822117868,0.9886371124488307,1.4800839693713124,5206784,5297600,3016.776,5.535,7274.29,19.031,2.278125047683716,4.999999873689376e-05,99631.7421875,-0.03064367175102234,99631.7421875,0.4262768626213074,0.011538345366716385,1.5062230825424194,0.0
3351.022762213774,-42.76769051375596,379.17148194807197,100.0,56,5600,False,5303200,53032,947,ae3b9b3532214bc3bad13e7ea9518ddf,2020-03-21_00-01-14,1584748874,10.399737358093262,9782.241686820984,23993,eclipse,137.195.211.213,9782.241686820984,5303200,947,28,2ed37c9e,0.33,0.0,1.0,11.273695901549964,0.988621411343781,1.4800472163237008,5212288,5303200,3016.611,5.665,7274.258,18.494,2.278125047683716,4.999999873689376e-05,124895.71875,-0.03225034102797508,124895.71875,0.33086875081062317,0.010707026347517967,0.3782886266708374,0.0
2420.09416161285,-42.76769051375596,321.71372012271104,100.0,56,5600,False,5308800,53088,948,ae3b9b3532214bc3bad13e7ea9518ddf,2020-03-21_00-01-24,1584748884,10.284255981445312,9792.52594280243,23993,eclipse,137.195.211.213,9792.52594280243,5308800,948,28,2ed37c9e,0.34,0.0,1.0,11.273828925438382,0.9886231970888051,1.4800091001842954,5217792,5308800,3012.852,5.662,7261.898,18.335,2.278125047683716,4.999999873689376e-05,90119.859375,-0.035724472254514694,90119.875,0.3063907325267792,0.010533228516578674,1.067195177078247,0.0
2884.795840227668,-386.24438689816463,291.6439646905131,100.0,56,5600,False,5314400,53144,949,ae3b9b3532214bc3bad13e7ea9518ddf,2020-03-21_00-01-35,1584748895,10.262133359909058,9802.788076162338,23993,eclipse,137.195.211.213,9802.788076162338,5314400,949,28,2ed37c9e,0.31,0.0,1.0,11.27392218221823,0.9886222095798693,1.4799762304650397,5223296,5314400,3010.084,5.566,7256.169,17.678,2.278125047683716,4.999999873689376e-05,88512.7421875,-0.03908928856253624,88512.7578125,0.35280540585517883,0.01271538995206356,0.9030784964561462,0.0
2646.7396755112723,-386.24438689816463,223.62500489627996,100.0,56,5600,False,5320000,53200,950,ae3b9b3532214bc3bad13e7ea9518ddf,2020-03-21_00-01-45,1584748905,10.456906795501709,9813.24498295784,23993,eclipse,137.195.211.213,9813.24498295784,5320000,950,28,2ed37c9e,0.2,0.0,1.0,11.273863825954946,0.9886153119114062,1.479930251775604,5228800,5320000,3013.466,5.489,7266.789,16.792,2.278125047683716,4.999999873689376e-05,85845.1953125,-0.02983042038977146,85845.1953125,0.3594202995300293,0.010733786970376968,1.4906575679779053,0.0
3655.4703119467135,-37.272839503081535,389.77446682207034,100.0,56,5600,False,5325600,53256,951,ae3b9b3532214bc3bad13e7ea9518ddf,2020-03-21_00-01-55,1584748915,10.365744352340698,9823.61072731018,23993,eclipse,137.195.211.213,9823.61072731018,5325600,951,28,2ed37c9e,0.35,0.0,1.0,11.273877828763398,0.9886049995033472,1.4798943006411236,5234304,5325600,3005.761,5.53,7275.92,17.795,2.278125047683716,4.999999873689376e-05,179413.0625,-0.03454340621829033,179413.0625,0.37802115082740784,0.013182267546653748,1.2180609703063965,0.0
4741.839267183138,-339.63080262383977,414.67632227461434,100.0,56,5600,False,5331200,53312,952,ae3b9b3532214bc3bad13e7ea9518ddf,2020-03-21_00-02-06,1584748926,10.34252667427063,9833.953253984451,23993,eclipse,137.195.211.213,9833.953253984451,5331200,952,28,2ed37c9e,0.43,0.0,1.0,11.273964620948854,0.988593661146054,1.4798638160992204,5239808,5331200,3005.694,5.788,7274.154,17.635,2.278125047683716,4.999999873689376e-05,255988.671875,-0.027806419879198074,255988.671875,0.2632637023925781,0.011153189465403557,0.9584061503410339,0.0
3636.6616205390715,-35.25900212233447,306.4992665304892,100.0,56,5600,False,5336800,53368,953,ae3b9b3532214bc3bad13e7ea9518ddf,2020-03-21_00-02-16,1584748936,10.49826979637146,9844.451523780823,23993,eclipse,137.195.211.213,9844.451523780823,5336800,953,28,2ed37c9e,0.32,0.0,1.0,11.27413096460301,0.9885890323958713,1.479832400297123,5245312,5336800,3005.815,5.799,7279.847,16.903,2.278125047683716,4.999999873689376e-05,178638.515625,-0.03358812630176544,178638.515625,0.2708430290222168,0.01284968014806509,0.7312963604927063,0.0
3636.6616205390715,-195.43643482406222,421.7246395661805,100.0,56,5600,False,5342400,53424,954,ae3b9b3532214bc3bad13e7ea9518ddf,2020-03-21_00-02-27,1584748947,10.337886333465576,9854.789410114288,23993,eclipse,137.195.211.213,9854.789410114288,5342400,954,28,2ed37c9e,0.33,0.0,1.0,11.274340768641904,0.9885774514931104,1.4798031720981333,5250816,5342400,3016.076,6.115,7277.602,16.665,2.278125047683716,4.999999873689376e-05,180625.5625,-0.03590394929051399,180625.578125,0.3459888994693756,0.011980066075921059,0.7088127136230469,0.0
3185.6014454425595,-77.58494454526166,398.1695864001168,100.0,56,5600,False,5348000,53480,955,ae3b9b3532214bc3bad13e7ea9518ddf,2020-03-21_00-02-37,1584748957,10.410037994384766,9865.199448108673,23993,eclipse,137.195.211.213,9865.199448108673,5348000,955,28,2ed37c9e,0.37,0.0,1.0,11.27461613244263,0.9885678087012199,1.4797779601050183,5256320,5348000,3007.856,6.074,7272.207,15.653,2.278125047683716,4.999999873689376e-05,66922.8359375,-0.033027924597263336,66922.8515625,0.3835498094558716,0.011396287940442562,0.4782840311527252,0.0
2423.6655495375176,-143.63848674324262,272.6943979526243,100.0,56,5600,False,5353600,53536,956,ae3b9b3532214bc3bad13e7ea9518ddf,2020-03-21_00-02-48,1584748968,10.231488227844238,9875.430936336517,23993,eclipse,137.195.211.213,9875.430936336517,5353600,956,28,2ed37c9e,0.3,0.0,1.0,11.27489257501873,0.9885634314182746,1.479752783202308,5261824,5353600,3010.195,6.083,7264.28,15.163,2.278125047683716,4.999999873689376e-05,94721.5078125,-0.03168369457125664,94721.515625,0.31462860107421875,0.01456843875348568,0.6738362908363342,0.0
2870.880254552041,-37.257151065940675,268.37226860209444,100.0,56,5600,False,5359200,53592,957,ae3b9b3532214bc3bad13e7ea9518ddf,2020-03-21_00-02-58,1584748978,10.235064506530762,9885.666000843048,23993,eclipse,137.195.211.213,9885.666000843048,5359200,957,28,2ed37c9e,0.27,0.0,1.0,11.274807852920777,0.9885561709951141,1.4797249657585894,5267328,5359200,3000.838,6.113,7255.634,15.077,2.278125047683716,4.999999873689376e-05,85310.78125,-0.026833267882466316,85310.78125,0.3435527980327606,0.00976807251572609,1.6226593255996704,0.0
2647.340339410667,-34.383028679981656,253.62146999509704,100.0,56,5600,False,5364800,53648,958,ae3b9b3532214bc3bad13e7ea9518ddf,2020-03-21_00-03-08,1584748988,10.184974431991577,9895.85097527504,23993,eclipse,137.195.211.213,9895.85097527504,5364800,958,28,2ed37c9e,0.31,0.0,1.0,11.274830196691159,0.9885316544537673,1.4796984388318828,5272832,5364800,3000.147,6.025,7246.706,14.716,2.278125047683716,4.999999873689376e-05,88651.4453125,-0.03878199681639671,88651.453125,0.33961862325668335,0.012365361675620079,0.9738202691078186,0.0
2247.433169017407,-42.54629118442058,291.39036493763973,100.0,56,5600,False,5370400,53704,959,ae3b9b3532214bc3bad13e7ea9518ddf,2020-03-21_00-03-18,1584748998,10.055214643478394,9905.906189918518,23993,eclipse,137.195.211.213,9905.906189918518,5370400,959,28,2ed37c9e,0.33,0.0,1.0,11.275119530849112,0.9885300075792037,1.4797137332017953,5278336,5370400,3009.504,5.758,7216.825,14.853,2.278125047683716,4.999999873689376e-05,96035.671875,-0.03535059839487076,96035.671875,0.35680946707725525,0.012612748891115189,0.6360257863998413,0.0
2566.78534789913,-33.230838641306136,339.5603918606316,100.0,56,5600,False,5376000,53760,960,ae3b9b3532214bc3bad13e7ea9518ddf,2020-03-21_00-03-28,1584749008,10.072472095489502,9915.978662014008,23993,eclipse,137.195.211.213,9915.978662014008,5376000,960,28,2ed37c9e,0.37,0.0,1.0,11.275617390727525,0.9885272674262322,1.479768631982064,5283840,5376000,3022.901,5.581,7164.553,15.864,2.278125047683716,4.999999873689376e-05,81499.4453125,-0.03444008156657219,81499.4609375,0.3465442955493927,0.012719315476715565,0.5780506730079651,0.0
2566.78534789913,-311.5861870630701,243.76407605430165,100.0,56,5600,False,5381600,53816,961,ae3b9b3532214bc3bad13e7ea9518ddf,2020-03-21_00-03-38,1584749018,10.079216957092285,9926.0578789711,23993,eclipse,137.195.211.213,9926.0578789711,5381600,961,28,2ed37c9e,0.28,0.0,1.0,11.275984122306355,0.9885305722243042,1.4798071197762743,5289344,5381600,3035.562,5.555,7123.038,15.214,2.278125047683716,4.999999873689376e-05,48538.94140625,-0.033382393419742584,48538.94921875,0.3066119849681854,0.011114374734461308,0.9215626120567322,0.0
2991.363570377397,-240.87241693711903,311.6300591639306,100.0,56,5600,False,5387200,53872,962,ae3b9b3532214bc3bad13e7ea9518ddf,2020-03-21_00-03-49,1584749029,10.578126192092896,9936.636005163193,23993,eclipse,137.195.211.213,9936.636005163193,5387200,962,28,2ed37c9e,0.27,0.0,1.0,11.277084333387826,0.9885773135806312,1.4800000772831516,5294848,5387200,3088.97,5.375,7093.741,15.677,2.278125047683716,4.999999873689376e-05,123902.0078125,-0.035306937992572784,123902.0078125,0.4015166163444519,0.010885241441428661,0.2760944366455078,0.0
3653.024048117431,-38.53134834785321,371.6874645066722,100.0,56,5600,False,5392800,53928,963,ae3b9b3532214bc3bad13e7ea9518ddf,2020-03-21_00-03-59,1584749039,10.112581729888916,9946.748586893082,23993,eclipse,137.195.211.213,9946.748586893082,5392800,963,28,2ed37c9e,0.27,0.0,1.0,11.27796361800031,0.9886256393393231,1.4801751014797855,5300352,5392800,3094.371,5.522,7050.299,15.851,2.278125047683716,4.999999873689376e-05,175244.359375,-0.03776610642671585,175244.390625,0.30910924077033997,0.010722297243773937,0.7366293668746948,0.0
3768.9871560631464,-216.88179303692007,273.9152123953303,100.0,56,5600,False,5398400,53984,964,ae3b9b3532214bc3bad13e7ea9518ddf,2020-03-21_00-04-10,1584749050,10.783166408538818,9957.53175330162,23993,eclipse,137.195.211.213,9957.53175330162,5398400,964,28,2ed37c9e,0.22,0.0,1.0,11.278628824664988,0.9886788400643889,1.4803370008335741,5305856,5398400,3128.118,5.521,7061.296,16.269,2.278125047683716,4.999999873689376e-05,125374.0234375,-0.0327678844332695,125374.03125,0.2970324158668518,0.010452375747263432,1.1741361618041992,0.0
3768.9871560631464,-216.88179303692007,296.4613624639983,100.0,56,5600,False,5404000,54040,965,ae3b9b3532214bc3bad13e7ea9518ddf,2020-03-21_00-04-20,1584749060,10.364251852035522,9967.896005153656,23993,eclipse,137.195.211.213,9967.896005153656,5404000,965,28,2ed37c9e,0.23,0.0,1.0,11.279177405905882,0.9887215226714702,1.4804424261144018,5311360,5404000,3124.761,5.713,7060.049,16.783,2.278125047683716,4.999999873689376e-05,115569.0078125,-0.030795052647590637,115569.0078125,0.3187812566757202,0.013402746059000492,0.6895578503608704,0.0
4101.89707012665,-39.996202884674695,310.5223899578703,100.0,56,5600,False,5409600,54096,966,ae3b9b3532214bc3bad13e7ea9518ddf,2020-03-21_00-04-31,1584749071,10.332134246826172,9978.228139400482,23993,eclipse,137.195.211.213,9978.228139400482,5409600,966,28,2ed37c9e,0.25,0.0,1.0,11.279132378062735,0.988716387876082,1.4804199786123673,5316864,5409600,3122.602,5.86,7073.248,17.41,2.278125047683716,4.999999873689376e-05,150631.53125,-0.03507933393120766,150631.515625,0.3558708727359772,0.011751685291528702,1.6405144929885864,0.0
4736.195555055675,-381.5010944987547,477.07200198149405,100.0,56,5600,False,5415200,54152,967,ae3b9b3532214bc3bad13e7ea9518ddf,2020-03-21_00-04-41,1584749081,10.44063687324524,9988.668776273727,23993,eclipse,137.195.211.213,9988.668776273727,5415200,967,28,2ed37c9e,0.32,0.0,1.0,11.279202159705143,0.988712960535274,1.4804109949461914,5322368,5415200,3134.733,5.993,7081.798,17.72,2.278125047683716,4.999999873689376e-05,353419.40625,-0.0360310822725296,353419.40625,0.29294678568840027,0.011625662446022034,0.7769853472709656,0.0
4736.195555055675,-397.27639908624354,481.1625207158031,100.0,56,5600,False,5420800,54208,968,ae3b9b3532214bc3bad13e7ea9518ddf,2020-03-21_00-04-52,1584749092,10.354158639907837,9999.022934913635,23993,eclipse,137.195.211.213,9999.022934913635,5420800,968,28,2ed37c9e,0.4,0.0,1.0,11.279216520574648,0.9887259154721693,1.4804064493472366,5327872,5420800,3130.185,5.826,7099.665,18.223,2.278125047683716,4.999999873689376e-05,105809.5078125,-0.033937644213438034,105809.5234375,0.3418588936328888,0.011375217698514462,1.1537665128707886,0.0
2879.1210414153775,-397.27639908624354,389.3888464714327,100.0,56,5600,False,5426400,54264,969,ae3b9b3532214bc3bad13e7ea9518ddf,2020-03-21_00-05-02,1584749102,10.477636337280273,10009.500571250916,23993,eclipse,137.195.211.213,10009.500571250916,5426400,969,28,2ed37c9e,0.35,0.0,1.0,11.279293025385096,0.9887200491813243,1.4803853898832755,5333376,5426400,3122.829,6.128,7148.35,18.961,2.278125047683716,4.999999873689376e-05,145809.5625,-0.02890636958181858,145809.546875,0.29967963695526123,0.013902801088988781,0.6062395572662354,0.0
2879.1210414153775,-37.793210213478964,325.19296014062786,100.0,56,5600,False,5432000,54320,970,ae3b9b3532214bc3bad13e7ea9518ddf,2020-03-21_00-05-12,1584749112,10.226896047592163,10019.727467298508,23993,eclipse,137.195.211.213,10019.727467298508,5432000,970,28,2ed37c9e,0.29,0.0,1.0,11.27936385796186,0.9887024470322499,1.4803561392828088,5338880,5432000,3105.014,6.349,7181.278,18.628,2.278125047683716,4.999999873689376e-05,60587.265625,-0.04113825038075447,60587.28515625,0.42121943831443787,0.010855601169168949,1.2427451610565186,0.0
3019.1285521565683,-81.45188993336563,263.8887114393982,100.0,56,5600,False,5437600,54376,971,ae3b9b3532214bc3bad13e7ea9518ddf,2020-03-21_00-05-23,1584749123,10.40273904800415,10030.130206346512,23993,eclipse,137.195.211.213,10030.130206346512,5437600,971,28,2ed37c9e,0.27,0.0,1.0,11.279410217211323,0.9886944950153981,1.4803272535841279,5344384,5437600,3101.304,6.546,7217.234,18.96,2.278125047683716,4.999999873689376e-05,108244.265625,-0.03597245737910271,108244.28125,0.33161166310310364,0.011842435225844383,0.883912205696106,0.0
3019.1285521565683,-38.75807761504257,316.62207049965485,100.0,56,5600,False,5443200,54432,972,ae3b9b3532214bc3bad13e7ea9518ddf,2020-03-21_00-05-33,1584749133,10.3589448928833,10040.489151239395,23993,eclipse,137.195.211.213,10040.489151239395,5443200,972,28,2ed37c9e,0.29,0.0,1.0,11.27958466283345,0.9886905793373814,1.4802976744664091,5349888,5443200,3051.943,6.536,7244.091,19.109,2.278125047683716,4.999999873689376e-05,94838.7578125,-0.03971442952752113,94838.765625,0.3584325909614563,0.013218135572969913,0.5534189939498901,0.0
1563.6997677742654,-36.88433951507396,237.5795655217727,100.0,56,5600,False,5448800,54488,973,ae3b9b3532214bc3bad13e7ea9518ddf,2020-03-21_00-05-44,1584749144,10.370234489440918,10050.859385728836,23993,eclipse,137.195.211.213,10050.859385728836,5448800,973,28,2ed37c9e,0.28,0.0,1.0,11.279702963239266,0.9886854866248058,1.4802625464016967,5355392,5448800,3038.786,6.526,7282.761,19.199,2.278125047683716,4.999999873689376e-05,46666.12109375,-0.032228466123342514,46666.12890625,0.4688737988471985,0.012133244425058365,0.9584846496582031,0.0
3853.12638456924,-178.26355721524303,329.51950116295257,100.0,56,5600,False,5454400,54544,974,ae3b9b3532214bc3bad13e7ea9518ddf,2020-03-21_00-05-54,1584749154,10.306254625320435,10061.165640354156,23993,eclipse,137.195.211.213,10061.165640354156,5454400,974,28,2ed37c9e,0.25,0.0,1.0,11.279775731720376,0.9886748026353473,1.4802263759157008,5360896,5454400,3000.719,6.45,7273.715,19.016,2.278125047683716,4.999999873689376e-05,241551.328125,-0.030190495774149895,241551.328125,0.32782262563705444,0.012906511314213276,0.7419770956039429,0.0
4000.7484207916514,-178.26355721524303,426.8191775302141,100.0,56,5600,False,5460000,54600,975,ae3b9b3532214bc3bad13e7ea9518ddf,2020-03-21_00-06-04,1584749164,10.313623905181885,10071.479264259338,23993,eclipse,137.195.211.213,10071.479264259338,5460000,975,28,2ed37c9e,0.26,0.0,1.0,11.279779981119116,0.9886562161592061,1.4801809362645864,5366400,5460000,2994.62,6.297,7273.442,18.556,2.278125047683716,4.999999873689376e-05,211029.375,-0.0353255420923233,211029.421875,0.3618393838405609,0.010571368969976902,1.3959022760391235,0.0
4000.7484207916514,-68.99853266708172,367.4138028444055,100.0,56,5600,False,5465600,54656,976,ae3b9b3532214bc3bad13e7ea9518ddf,2020-03-21_00-06-15,1584749175,10.421972513198853,10081.901236772537,23993,eclipse,137.195.211.213,10081.901236772537,5465600,976,28,2ed37c9e,0.26,0.0,1.0,11.279791429740204,0.9886541789767869,1.4801553568972372,5371904,5465600,3008.601,5.984,7268.182,17.993,2.278125047683716,4.999999873689376e-05,110630.421875,-0.03271576389670372,110630.4296875,0.37420347332954407,0.01197415217757225,0.9132544994354248,0.0
2898.774107750029,-32.809214242895706,356.2400401169757,100.0,56,5600,False,5471200,54712,977,ae3b9b3532214bc3bad13e7ea9518ddf,2020-03-21_00-06-25,1584749185,10.436765193939209,10092.338001966476,23993,eclipse,137.195.211.213,10092.338001966476,5471200,977,28,2ed37c9e,0.34,0.0,1.0,11.280081365795247,0.9886499564214101,1.4801360690139285,5377408,5471200,3014.18,5.97,7263.458,18.106,2.278125047683716,4.999999873689376e-05,79074.6953125,-0.030509158968925476,79074.6953125,0.4459965229034424,0.012500064447522163,0.2702108323574066,0.0
2898.774107750029,-37.736238764993175,328.9501131403839,100.0,56,5600,False,5476800,54768,978,ae3b9b3532214bc3bad13e7ea9518ddf,2020-03-21_00-06-36,1584749196,10.304605722427368,10102.642607688904,23993,eclipse,137.195.211.213,10102.642607688904,5476800,978,28,2ed37c9e,0.36,0.0,1.0,11.2803309885909,0.9886373030885673,1.4801110121518815,5382912,5476800,3018.011,6.353,7255.951,18.314,2.278125047683716,4.999999873689376e-05,82233.7578125,-0.03727898746728897,82233.7734375,0.28330346941947937,0.01039939932525158,0.9096808433532715,0.0
3523.9382742863286,-615.3139350139073,468.5830146850445,100.0,56,5600,False,5482400,54824,979,ae3b9b3532214bc3bad13e7ea9518ddf,2020-03-21_00-06-46,1584749206,10.352055788040161,10112.994663476944,23993,eclipse,137.195.211.213,10112.994663476944,5482400,979,28,2ed37c9e,0.42,0.0,1.0,11.280589088362609,0.9886296701386833,1.4800929958980162,5388416,5482400,3021.665,6.311,7239.435,18.441,2.278125047683716,4.999999873689376e-05,237580.015625,-0.03111325576901436,237580.046875,0.33054640889167786,0.013728967867791653,0.5987058877944946,0.0
3764.38120618937,-615.3139350139073,458.86923634453046,100.0,56,5600,False,5488000,54880,980,ae3b9b3532214bc3bad13e7ea9518ddf,2020-03-21_00-06-57,1584749217,10.370715379714966,10123.365378856659,23993,eclipse,137.195.211.213,10123.365378856659,5488000,980,28,2ed37c9e,0.35,0.0,1.0,11.280755578460052,0.9886228258900982,1.4800749266875532,5393920,5488000,3015.907,6.263,7259.778,18.532,2.278125047683716,4.999999873689376e-05,208437.0625,-0.03561932593584061,208437.09375,0.318814218044281,0.013101200573146343,0.7165408730506897,0.0
3598.459062442029,-35.16444921905565,372.74290066869565,100.0,56,5600,False,5493600,54936,981,ae3b9b3532214bc3bad13e7ea9518ddf,2020-03-21_00-07-07,1584749227,10.351014137268066,10133.716392993927,23993,eclipse,137.195.211.213,10133.716392993927,5493600,981,28,2ed37c9e,0.28,0.0,1.0,11.28073123631541,0.9886220218118993,1.4800493066912275,5399424,5493600,3010.479,6.208,7260.582,18.658,2.278125047683716,4.999999873689376e-05,156722.890625,-0.03679420426487923,156722.890625,0.3842048645019531,0.01043254416435957,1.2615731954574585,0.0
3316.7557665199442,-36.2701568179331,349.6923180774356,100.0,56,5600,False,5499200,54992,982,ae3b9b3532214bc3bad13e7ea9518ddf,2020-03-21_00-07-17,1584749237,10.305148601531982,10144.021541595459,23993,eclipse,137.195.211.213,10144.021541595459,5499200,982,28,2ed37c9e,0.29,0.0,1.0,11.280648049313077,0.988607025989589,1.4800267682836468,5404928,5499200,3000.825,6.223,7263.995,18.763,2.278125047683716,4.999999873689376e-05,102267.6640625,-0.030984463170170784,102267.671875,0.3679250180721283,0.011606254614889622,1.131016492843628,0.0
2889.2318527277453,-67.49265483694177,339.47472831974227,100.0,56,5600,False,5504800,55048,983,ae3b9b3532214bc3bad13e7ea9518ddf,2020-03-21_00-07-28,1584749248,10.327086210250854,10154.34862780571,23993,eclipse,137.195.211.213,10154.34862780571,5504800,983,28,2ed37c9e,0.28,0.0,1.0,11.2807200026932,0.9885916556567697,1.4800090191720818,5410432,5504800,2999.958,6.2,7260.333,19.066,2.278125047683716,4.999999873689376e-05,155514.1875,-0.02865833230316639,155514.171875,0.3913823366165161,0.011143438518047333,0.6756190061569214,0.0
2889.2318527277453,-353.53413597330695,421.6716771974691,100.0,56,5600,False,5510400,55104,984,ae3b9b3532214bc3bad13e7ea9518ddf,2020-03-21_00-07-38,1584749258,10.384737730026245,10164.733365535736,23993,eclipse,137.195.211.213,10164.733365535736,5510400,984,28,2ed37c9e,0.35,0.0,1.0,11.280942963563394,0.9885748278888556,1.47998242978245,5415936,5510400,3004.361,6.137,7263.893,19.021,2.278125047683716,4.999999873689376e-05,132183.703125,-0.030904410406947136,132183.703125,0.3854396641254425,0.011224769987165928,0.975591242313385,0.0
2676.029520082517,-353.53413597330695,341.64654691096075,100.0,56,5600,False,5516000,55160,985,ae3b9b3532214bc3bad13e7ea9518ddf,2020-03-21_00-07-48,1584749268,10.39126706123352,10175.12463259697,23993,eclipse,137.195.211.213,10175.12463259697,5516000,985,28,2ed37c9e,0.34,0.0,1.0,11.281117626877677,0.9885630744415401,1.4799540603521115,5421440,5516000,3008.271,6.099,7269.505,19.079,2.278125047683716,4.999999873689376e-05,67007.0078125,-0.03547857329249382,67007.03125,0.32041415572166443,0.011931848712265491,0.8694543838500977,0.0
3558.950021218916,-490.4685052735558,264.5867397186642,100.0,56,5600,False,5521600,55216,986,ae3b9b3532214bc3bad13e7ea9518ddf,2020-03-21_00-07-59,1584749279,10.36667513847351,10185.491307735443,23993,eclipse,137.195.211.213,10185.491307735443,5521600,986,28,2ed37c9e,0.28,0.0,1.0,11.281197324955006,0.9885583853278449,1.4799302998802752,5426944,5521600,2996.057,6.265,7275.962,19.633,2.278125047683716,4.999999873689376e-05,117696.71875,-0.030901506543159485,117696.734375,0.35417354106903076,0.010064619593322277,1.0249916315078735,0.0
3558.950021218916,-490.4685052735558,355.2313322477317,100.0,56,5600,False,5527200,55272,987,ae3b9b3532214bc3bad13e7ea9518ddf,2020-03-21_00-08-09,1584749289,10.126022577285767,10195.617330312729,23993,eclipse,137.195.211.213,10195.617330312729,5527200,987,28,2ed37c9e,0.36,0.0,1.0,11.281382489408479,0.9885563088861928,1.479909170203305,5432448,5527200,2986.48,6.21,7255.404,18.899,2.278125047683716,4.999999873689376e-05,124524.78125,-0.037429265677928925,124524.8046875,0.3452441692352295,0.01193611416965723,0.6422581076622009,0.0
3662.665856963216,-38.57949892895654,410.0658482828203,100.0,56,5600,False,5532800,55328,988,ae3b9b3532214bc3bad13e7ea9518ddf,2020-03-21_00-08-19,1584749299,10.051258325576782,10205.668588638306,23993,eclipse,137.195.211.213,10205.668588638306,5532800,988,28,2ed37c9e,0.31,0.0,1.0,11.281692224879844,0.9885743152799205,1.4799262228803243,5437952,5532800,2995.167,6.244,7222.862,18.793,2.278125047683716,4.999999873689376e-05,231519.234375,-0.037645865231752396,231519.25,0.289783775806427,0.012131784111261368,0.6940227746963501,0.0
4315.495585158599,-386.8147846878981,499.1693968006863,100.0,56,5600,False,5538400,55384,989,ae3b9b3532214bc3bad13e7ea9518ddf,2020-03-21_00-08-29,1584749309,10.117884397506714,10215.786473035812,23993,eclipse,137.195.211.213,10215.786473035812,5538400,989,28,2ed37c9e,0.4,0.0,1.0,11.282191990463453,0.9885837298076194,1.4799876971151509,5443456,5538400,3002.472,6.422,7190.598,18.498,2.278125047683716,4.999999873689376e-05,241361.234375,-0.037388384342193604,241361.234375,0.263457328081131,0.012335088104009628,0.25325819849967957,0.0
4315.495585158599,-499.3785262493173,445.0297927634716,100.0,56,5600,False,5544000,55440,990,ae3b9b3532214bc3bad13e7ea9518ddf,2020-03-21_00-08-39,1584749319,10.115625381469727,10225.902098417282,23993,eclipse,137.195.211.213,10225.902098417282,5544000,990,28,2ed37c9e,0.38,0.0,1.0,11.282632221533527,0.9885856916277816,1.4800395266509196,5448960,5544000,3021.698,6.295,7143.744,18.427,2.278125047683716,4.999999873689376e-05,151211.671875,-0.030924059450626373,151211.671875,0.2992188334465027,0.011893440037965775,0.7246812582015991,0.0
2759.970206589321,-38.819306784426544,348.340096099647,100.0,56,5600,False,5549600,55496,991,ae3b9b3532214bc3bad13e7ea9518ddf,2020-03-21_00-08-50,1584749330,10.324461936950684,10236.226560354233,23993,eclipse,137.195.211.213,10236.226560354233,5549600,991,28,2ed37c9e,0.37,0.0,1.0,11.28323969388096,0.9886198026317763,1.4801304828903306,5454464,5549600,3053.621,6.19,7110.232,17.967,2.278125047683716,4.999999873689376e-05,106561.171875,-0.041486989706754684,106561.1875,0.29243984818458557,0.012152493931353092,1.0698784589767456,0.0
4085.1809878673107,-33.828932445078436,433.5092052224061,100.0,56,5600,False,5555200,55552,992,ae3b9b3532214bc3bad13e7ea9518ddf,2020-03-21_00-09-00,1584749340,10.251516342163086,10246.478076696396,23993,eclipse,137.195.211.213,10246.478076696396,5555200,992,28,2ed37c9e,0.36,0.0,1.0,11.283828146373018,0.9886563631333479,1.4802265602340245,5459968,5555200,3082.526,6.257,7074.174,18.348,2.278125047683716,4.999999873689376e-05,189623.75,-0.03349077329039574,189623.75,0.35279354453086853,0.013712666928768158,0.884342610836029,0.0
4085.1809878673107,-345.2913506933818,323.7430657028297,100.0,56,5600,False,5560800,55608,993,ae3b9b3532214bc3bad13e7ea9518ddf,2020-03-21_00-09-11,1584749351,11.134371995925903,10257.612448692322,23993,eclipse,137.195.211.213,10257.612448692322,5560800,993,28,2ed37c9e,0.29,0.0,1.0,11.28470915731001,0.9887022678015946,1.48046315230258,5465472,5560800,3150.775,6.333,7084.398,18.118,2.278125047683716,4.999999873689376e-05,92917.3984375,-0.031562358140945435,92917.3984375,0.3003174960613251,0.010140545666217804,1.434076189994812,0.0
3633.81874310861,-345.2913506933818,303.60042385314887,100.0,56,5600,False,5566400,55664,994,ae3b9b3532214bc3bad13e7ea9518ddf,2020-03-21_00-09-22,1584749362,10.223217248916626,10267.835665941238,23993,eclipse,137.195.211.213,10267.835665941238,5566400,994,28,2ed37c9e,0.3,0.0,1.0,11.285184678099947,0.9887293189516904,1.4805942429578274,5470976,5566400,3143.948,6.429,7075.359,18.159,2.278125047683716,4.999999873689376e-05,126235.6484375,-0.035040490329265594,126235.671875,0.30171462893486023,0.009871908463537693,1.3751170635223389,0.0
4974.7874933329695,-47.36474316756063,428.80164097947835,100.0,56,5600,False,5572000,55720,995,ae3b9b3532214bc3bad13e7ea9518ddf,2020-03-21_00-09-32,1584749372,10.301687240600586,10278.137353181839,23993,eclipse,137.195.211.213,10278.137353181839,5572000,995,28,2ed37c9e,0.38,0.0,1.0,11.28520342496788,0.9887025559465077,1.4805699582325462,5476480,5572000,3144.165,6.475,7065.193,18.954,2.278125047683716,4.999999873689376e-05,215283.515625,-0.02935827523469925,215283.515625,0.33563143014907837,0.010272792540490627,1.2039387226104736,0.0
4974.7874933329695,-47.36474316756063,334.37572847291784,100.0,56,5600,False,5577600,55776,996,ae3b9b3532214bc3bad13e7ea9518ddf,2020-03-21_00-09-42,1584749382,10.39327096939087,10288.53062415123,23993,eclipse,137.195.211.213,10288.53062415123,5577600,996,28,2ed37c9e,0.32,0.0,1.0,11.285145863295092,0.9886815183830777,1.4805542589401925,5481984,5577600,3143.279,6.609,7067.904,18.625,2.278125047683716,4.999999873689376e-05,60733.2734375,-0.03859272599220276,60733.2890625,0.32814547419548035,0.012078083120286465,1.4512219429016113,0.0
3435.7722435980763,-35.34856361258207,245.17447835720074,100.0,56,5600,False,5583200,55832,997,ae3b9b3532214bc3bad13e7ea9518ddf,2020-03-21_00-09-53,1584749393,10.449663400650024,10298.98028755188,23993,eclipse,137.195.211.213,10298.98028755188,5583200,997,28,2ed37c9e,0.26,0.0,1.0,11.285197457317668,0.9886674764177832,1.4805343207688535,5487488,5583200,3150.241,6.616,7091.574,18.908,2.278125047683716,4.999999873689376e-05,82983.8046875,-0.02914278768002987,82983.8046875,0.2890799641609192,0.011011425405740738,0.9343516230583191,0.0
3778.1465714531446,-35.34856361258207,258.6021818200016,100.0,56,5600,False,5588800,55888,998,ae3b9b3532214bc3bad13e7ea9518ddf,2020-03-21_00-10-03,1584749403,10.05040955543518,10309.030697107315,23993,eclipse,137.195.211.213,10309.030697107315,5588800,998,28,2ed37c9e,0.28,0.0,1.0,11.28533957916943,0.9886642432017894,1.480507926869908,5492992,5588800,3141.607,6.512,7099.192,18.761,2.278125047683716,4.999999873689376e-05,147756.296875,-0.03820296749472618,147756.296875,0.3373850882053375,0.010946017690002918,0.6953434944152832,0.0
3778.1465714531446,-36.81164980648967,422.9033117174053,100.0,56,5600,False,5594400,55944,999,ae3b9b3532214bc3bad13e7ea9518ddf,2020-03-21_00-10-13,1584749413,10.263558864593506,10319.294255971909,23993,eclipse,137.195.211.213,10319.294255971909,5594400,999,28,2ed37c9e,0.35,0.0,1.0,11.285585237464502,0.988674200027847,1.4805247842775002,5498496,5594400,3141.568,6.356,7114.792,19.117,2.278125047683716,4.999999873689376e-05,152460.4375,-0.034164272248744965,152460.4375,0.39531800150871277,0.012569444254040718,0.9760563969612122,0.0
2562.739911221175,-36.81164980648967,436.5593158118767,100.0,56,5600,False,5600000,56000,1000,ae3b9b3532214bc3bad13e7ea9518ddf,2020-03-21_00-10-24,1584749424,10.496277332305908,10329.790533304214,23993,eclipse,137.195.211.213,10329.790533304214,5600000,1000,28,2ed37c9e,0.41,0.0,1.0,11.285866519817246,0.9886791498656357,1.4805355610163087,5504000,5600000,3137.461,6.512,7159.285,19.415,2.278125047683716,4.999999873689376e-05,85305.8203125,-0.03197625279426575,85305.828125,0.40575098991394043,0.01294950395822525,0.7304027676582336,0.0
3116.124189730041,-37.04372092261436,445.7614002317166,100.0,56,5600,False,5605600,56056,1001,ae3b9b3532214bc3bad13e7ea9518ddf,2020-03-21_00-10-34,1584749434,10.422073125839233,10340.212606430054,23993,eclipse,137.195.211.213,10340.212606430054,5605600,1001,28,2ed37c9e,0.39,0.0,1.0,11.286085243119105,0.9886716137070141,1.4805236111072764,5509504,5605600,3110.966,6.529,7195.652,19.55,2.278125047683716,4.999999873689376e-05,204821.09375,-0.029811715707182884,204821.09375,0.31708332896232605,0.011963478289544582,0.6690471768379211,0.0
2626.7427902382583,-37.04372092261436,294.9977425302102,100.0,56,5600,False,5611200,56112,1002,ae3b9b3532214bc3bad13e7ea9518ddf,2020-03-21_00-10-45,1584749445,10.392609596252441,10350.605216026306,23993,eclipse,137.195.211.213,10350.605216026306,5611200,1002,28,2ed37c9e,0.26,0.0,1.0,11.286181113074685,0.9886625414706316,1.4804990204373802,5515008,5611200,3093.205,6.564,7229.712,20.042,2.278125047683716,4.999999873689376e-05,38655.34375,-0.03434063121676445,38655.34375,0.4073070287704468,0.013516053557395935,0.8554222583770752,0.0
4206.244000055616,-131.30841631749337,325.70398147406615,100.0,56,5600,False,5616800,56168,1003,ae3b9b3532214bc3bad13e7ea9518ddf,2020-03-21_00-10-55,1584749455,10.384616136550903,10360.989832162857,23993,eclipse,137.195.211.213,10360.989832162857,5616800,1003,28,2ed37c9e,0.28,0.0,1.0,11.286165066212513,0.9886461704497286,1.4804737120108542,5520512,5616800,3023.81,6.401,7226.167,20.221,2.278125047683716,4.999999873689376e-05,208956.8125,-0.038923878222703934,208956.8125,0.31993940472602844,0.011654828675091267,1.2287124395370483,0.0
4206.244000055616,-132.72303310680655,410.1729005187479,100.0,56,5600,False,5622400,56224,1004,ae3b9b3532214bc3bad13e7ea9518ddf,2020-03-21_00-11-06,1584749466,10.375701665878296,10371.365533828735,23993,eclipse,137.195.211.213,10371.365533828735,5622400,1004,28,2ed37c9e,0.36,0.0,1.0,11.286272909342026,0.9886250570467371,1.480449217075751,5526016,5622400,3032.852,6.415,7232.388,19.965,2.278125047683716,4.999999873689376e-05,125865.5078125,-0.03449387103319168,125865.5234375,0.2606605589389801,0.012505654245615005,0.48163995146751404,0.0
3870.8236807375474,-40.571484087741304,281.48551770756507,100.0,56,5600,False,5628000,56280,1005,ae3b9b3532214bc3bad13e7ea9518ddf,2020-03-21_00-11-16,1584749476,10.37377381324768,10381.739307641983,23993,eclipse,137.195.211.213,10381.739307641983,5628000,1005,28,2ed37c9e,0.28,0.0,1.0,11.286457345107547,0.9886111329122282,1.4804263680856382,5531520,5628000,3034.116,6.625,7237.698,19.636,2.278125047683716,4.999999873689376e-05,97132.609375,-0.035613011568784714,97132.609375,0.3022754192352295,0.014663106761872768,0.7398256063461304,0.0
2755.672282231083,-40.571484087741304,258.9352345301079,100.0,56,5600,False,5633600,56336,1006,ae3b9b3532214bc3bad13e7ea9518ddf,2020-03-21_00-11-26,1584749486,10.420795440673828,10392.160103082657,23993,eclipse,137.195.211.213,10392.160103082657,5633600,1006,28,2ed37c9e,0.26,0.0,1.0,11.28657052850987,0.9885950701011581,1.480401799078283,5537024,5633600,3041.387,6.504,7235.232,19.549,2.278125047683716,4.999999873689376e-05,81777.9375,-0.039370421320199966,81777.9453125,0.39579281210899353,0.012613196857273579,0.6535809636116028,0.0
2863.0833103229406,-34.789013812152554,266.26817883349247,100.0,56,5600,False,5639200,56392,1007,ae3b9b3532214bc3bad13e7ea9518ddf,2020-03-21_00-11-37,1584749497,10.334688663482666,10402.49479174614,23993,eclipse,137.195.211.213,10402.49479174614,5639200,1007,28,2ed37c9e,0.29,0.0,1.0,11.286621664059272,0.9885889390062707,1.4803821191832802,5542528,5639200,3031.994,6.4,7233.841,19.362,2.278125047683716,4.999999873689376e-05,83498.375,-0.03261692449450493,83498.375,0.3767196238040924,0.012423980981111526,0.7851062417030334,0.0
2958.4518591812757,-38.67428809417454,365.72333558176814,100.0,56,5600,False,5644800,56448,1008,ae3b9b3532214bc3bad13e7ea9518ddf,2020-03-21_00-11-47,1584749507,10.359478950500488,10412.85427069664,23993,eclipse,137.195.211.213,10412.85427069664,5644800,1008,28,2ed37c9e,0.33,0.0,1.0,11.286832922498284,0.9885880634382161,1.4804085413758576,5548032,5644800,3043.734,6.302,7254.961,18.841,2.278125047683716,4.999999873689376e-05,164741.609375,-0.030773788690567017,164741.625,0.3481307029724121,0.014166911132633686,0.9574534296989441,0.0
2958.4518591812757,-38.67428809417454,294.8217785118326,100.0,56,5600,False,5650400,56504,1009,ae3b9b3532214bc3bad13e7ea9518ddf,2020-03-21_00-11-58,1584749518,10.479640007019043,10423.333910703659,23993,eclipse,137.195.211.213,10423.333910703659,5650400,1009,28,2ed37c9e,0.28,0.0,1.0,11.287290677528507,0.9885997581743411,1.48050587182659,5553536,5650400,3050.095,6.301,7270.71,18.294,2.278125047683716,4.999999873689376e-05,68527.0078125,-0.03360326588153839,68527.015625,0.25344815850257874,0.010781586170196533,0.9438943266868591,0.0
2762.930134641733,-34.06675627243103,293.162075921964,100.0,56,5600,False,5656000,56560,1010,ae3b9b3532214bc3bad13e7ea9518ddf,2020-03-21_00-12-08,1584749528,10.33574891090393,10433.669659614563,23993,eclipse,137.195.211.213,10433.669659614563,5656000,1010,28,2ed37c9e,0.33,0.0,1.0,11.287661459677095,0.9885913878906919,1.4805478912915362,5559040,5656000,3041.239,6.103,7263.794,17.841,2.278125047683716,4.999999873689376e-05,89109.421875,-0.030362337827682495,89109.4140625,0.32873326539993286,0.012648224830627441,0.6640579104423523,0.0
2762.930134641733,-33.79356533092745,345.45625309336333,100.0,56,5600,False,5661600,56616,1011,ae3b9b3532214bc3bad13e7ea9518ddf,2020-03-21_00-12-19,1584749539,10.371594429016113,10444.04125404358,23993,eclipse,137.195.211.213,10444.04125404358,5661600,1011,28,2ed37c9e,0.31,0.0,1.0,11.287878587928935,0.9885797881483029,1.4805272013291324,5564544,5661600,3046.611,6.031,7253.178,18.174,2.278125047683716,4.999999873689376e-05,112259.0234375,-0.03560924902558327,112259.0234375,0.3402547836303711,0.011366695165634155,0.3540385365486145,0.0
3409.769093647414,-266.974666379644,355.12838651083047,100.0,56,5600,False,5667200,56672,1012,ae3b9b3532214bc3bad13e7ea9518ddf,2020-03-21_00-12-29,1584749549,10.348054647445679,10454.389308691025,23993,eclipse,137.195.211.213,10454.389308691025,5667200,1012,28,2ed37c9e,0.32,0.0,1.0,11.287966348850837,0.988579666800616,1.4805087571239683,5570048,5667200,3046.837,5.823,7248.176,17.538,2.278125047683716,4.999999873689376e-05,165698.953125,-0.035122327506542206,165698.9375,0.3536319434642792,0.011485273018479347,1.3532798290252686,0.0
3409.769093647414,-373.77903992575057,386.0161315214639,100.0,56,5600,False,5672800,56728,1013,ae3b9b3532214bc3bad13e7ea9518ddf,2020-03-21_00-12-39,1584749559,10.344563961029053,10464.733872652054,23993,eclipse,137.195.211.213,10464.733872652054,5672800,1013,28,2ed37c9e,0.38,0.0,1.0,11.287939500768923,0.9885745148341658,1.480479956124175,5575552,5672800,3043.685,5.597,7246.138,17.834,2.278125047683716,4.999999873689376e-05,101868.0703125,-0.03444188833236694,101868.078125,0.414093554019928,0.011464123614132404,1.07625150680542,0.0
2747.105418432163,-373.77903992575057,326.9509741422342,100.0,56,5600,False,5678400,56784,1014,ae3b9b3532214bc3bad13e7ea9518ddf,2020-03-21_00-12-50,1584749570,10.375073671340942,10475.108946323395,23993,eclipse,137.195.211.213,10475.108946323395,5678400,1014,28,2ed37c9e,0.34,0.0,1.0,11.288051403084996,0.9885617161815466,1.4804527492254618,5581056,5678400,3039.84,5.629,7247.88,18.516,2.278125047683716,4.999999873689376e-05,119468.046875,-0.032267238944768906,119468.046875,0.2829860746860504,0.012523687444627285,0.4960009455680847,0.0
2341.931506962912,-667.8930042343445,261.76507564283975,100.0,56,5600,False,5684000,56840,1015,ae3b9b3532214bc3bad13e7ea9518ddf,2020-03-21_00-13-00,1584749580,10.41391110420227,10485.522857427597,23993,eclipse,137.195.211.213,10485.522857427597,5684000,1015,28,2ed37c9e,0.28,0.0,1.0,11.288228775426838,0.9885480637719541,1.480424221828538,5586560,5684000,3043.631,5.506,7249.973,18.393,2.278125047683716,4.999999873689376e-05,80293.1875,-0.03577543795108795,80293.1953125,0.28117984533309937,0.010607285425066948,0.7811294198036194,0.0
3517.077658589838,-667.8930042343445,388.1786995340805,100.0,56,5600,False,5689600,56896,1016,ae3b9b3532214bc3bad13e7ea9518ddf,2020-03-21_00-13-10,1584749590,10.088966369628906,10495.611823797226,23993,eclipse,137.195.211.213,10495.611823797226,5689600,1016,28,2ed37c9e,0.32,0.0,1.0,11.288415703294902,0.9885323011396406,1.4803936282104766,5592064,5689600,3039.327,5.465,7219.552,19.255,2.278125047683716,4.999999873689376e-05,219535.09375,-0.04280589148402214,219535.09375,0.3039278984069824,0.012405863031744957,0.4578040838241577,0.0
3517.077658589838,-40.341993939627116,477.37124418355495,100.0,56,5600,False,5695200,56952,1017,ae3b9b3532214bc3bad13e7ea9518ddf,2020-03-21_00-13-20,1584749600,9.882140398025513,10505.493964195251,23993,eclipse,137.195.211.213,10505.493964195251,5695200,1017,28,2ed37c9e,0.37,0.0,1.0,11.2886606140341,0.9885166918294934,1.4804010537019712,5597568,5695200,3043.797,5.651,7168.45,19.566,2.278125047683716,4.999999873689376e-05,166550.96875,-0.03518906980752945,166550.984375,0.3492911756038666,0.00990043580532074,0.7264589667320251,0.0
3122.2358908196393,-33.63416446765182,366.13936452308155,100.0,56,5600,False,5700800,57008,1018,ae3b9b3532214bc3bad13e7ea9518ddf,2020-03-21_00-13-30,1584749610,10.026031732559204,10515.51999592781,23993,eclipse,137.195.211.213,10515.51999592781,5700800,1018,28,2ed37c9e,0.27,0.0,1.0,11.288893261374069,0.9885035747705768,1.4804383897291558,5603072,5700800,3036.581,5.759,7139.312,19.591,2.278125047683716,4.999999873689376e-05,108056.171875,-0.036891065537929535,108056.1875,0.3746933937072754,0.011735719628632069,1.165330410003662,0.0
4420.1264650694575,-33.63416446765182,285.4203199346209,100.0,56,5600,False,5706400,57064,1019,ae3b9b3532214bc3bad13e7ea9518ddf,2020-03-21_00-13-41,1584749621,10.181869745254517,10525.701865673065,23993,eclipse,137.195.211.213,10525.701865673065,5706400,1019,28,2ed37c9e,0.21,0.0,1.0,11.289202940997221,0.9884988302852356,1.4804891038614223,5608576,5706400,3027.508,5.959,7115.536,19.768,2.278125047683716,4.999999873689376e-05,152635.46875,-0.03565579652786255,152635.46875,0.31142812967300415,0.013010405004024506,0.3435457944869995,0.0
2556.291808084611,-202.815642851735,324.8766386322714,100.0,56,5600,False,5712000,57120,1020,ae3b9b3532214bc3bad13e7ea9518ddf,2020-03-21_00-13-51,1584749631,10.466468334197998,10536.168334007263,23993,eclipse,137.195.211.213,10536.168334007263,5712000,1020,28,2ed37c9e,0.27,0.0,1.0,11.290071348249253,0.9885393745670945,1.4806413856585516,5614080,5712000,3079.986,6.045,7075.983,19.873,2.278125047683716,4.999999873689376e-05,102799.40625,-0.035689447075128555,102799.421875,0.3310857117176056,0.012006929144263268,0.3975381553173065,0.0
2993.1291983164288,-328.1985259459348,268.6719225507343,100.0,56,5600,False,5717600,57176,1021,ae3b9b3532214bc3bad13e7ea9518ddf,2020-03-21_00-14-01,1584749641,10.028927326202393,10546.197261333466,23993,eclipse,137.195.211.213,10546.197261333466,5717600,1021,28,2ed37c9e,0.24,0.0,1.0,11.290909823358142,0.9885735696407252,1.480787375664334,5619584,5717600,3080.871,6.238,7041.144,19.938,2.278125047683716,4.999999873689376e-05,82113.5625,-0.03059840202331543,82113.5703125,0.3985633850097656,0.011651851236820221,0.4516778886318207,0.0
2787.5437377846265,-328.1985259459348,302.6871199728521,100.0,56,5600,False,5723200,57232,1022,ae3b9b3532214bc3bad13e7ea9518ddf,2020-03-21_00-14-12,1584749652,10.961997985839844,10557.159259319305,23993,eclipse,137.195.211.213,10557.159259319305,5723200,1022,28,2ed37c9e,0.29,0.0,1.0,11.29159153533792,0.9886099867740695,1.4809144649992911,5625088,5723200,3130.675,6.378,7053.68,19.972,2.278125047683716,4.999999873689376e-05,138054.109375,-0.03586171567440033,138054.140625,0.29119354486465454,0.013018551282584667,0.9553039073944092,0.0
2787.5437377846265,-405.7453432638721,329.09112891109027,100.0,56,5600,False,5728800,57288,1023,ae3b9b3532214bc3bad13e7ea9518ddf,2020-03-21_00-14-23,1584749663,10.367586612701416,10567.526845932007,23993,eclipse,137.195.211.213,10567.526845932007,5728800,1023,28,2ed37c9e,0.34,0.0,1.0,11.29209887708563,0.9886393108223984,1.4809851111680201,5630592,5728800,3137.099,6.642,7050.397,19.298,2.278125047683716,4.999999873689376e-05,79541.6328125,-0.04009247571229935,79541.6484375,0.3132592439651489,0.012763045728206635,0.5838648676872253,0.0
2686.144042649436,-36.39366051241679,401.1814549413733,100.0,56,5600,False,5734400,57344,1024,ae3b9b3532214bc3bad13e7ea9518ddf,2020-03-21_00-14-33,1584749673,10.40896463394165,10577.935810565948,23993,eclipse,137.195.211.213,10577.935810565948,5734400,1024,28,2ed37c9e,0.42,0.0,1.0,11.292370388515522,0.9886176059015505,1.480961330860019,5636096,5734400,3138.695,6.284,7053.723,19.2,2.278125047683716,4.999999873689376e-05,186803.53125,-0.03425402566790581,186803.546875,0.3286708891391754,0.014459325931966305,0.2702743709087372,0.0
3540.611873908127,-38.866454220662774,456.23576045443025,100.0,56,5600,False,5740000,57400,1025,ae3b9b3532214bc3bad13e7ea9518ddf,2020-03-21_00-14-44,1584749684,10.475000858306885,10588.410811424255,23993,eclipse,137.195.211.213,10588.410811424255,5740000,1025,28,2ed37c9e,0.42,0.0,1.0,11.292581985586416,0.9886065815146415,1.4809349540770136,5641600,5740000,3140.036,6.339,7057.078,19.3,2.278125047683716,4.999999873689376e-05,174141.203125,-0.03589353710412979,174141.21875,0.3477519750595093,0.014350760728120804,1.0070079565048218,0.0
3983.976702107017,-377.7887740212629,341.3025498739301,100.0,56,5600,False,5745600,57456,1026,ae3b9b3532214bc3bad13e7ea9518ddf,2020-03-21_00-14-54,1584749694,10.316486120223999,10598.72729754448,23993,eclipse,137.195.211.213,10598.72729754448,5745600,1026,28,2ed37c9e,0.39,0.0,1.0,11.292636418167872,0.9885930314779243,1.4809086472605952,5647104,5745600,3135.115,6.564,7086.051,17.496,2.278125047683716,4.999999873689376e-05,142652.515625,-0.03218013048171997,142652.515625,0.3705483078956604,0.010667300783097744,0.7424658536911011,0.0
3983.976702107017,-377.7887740212629,375.2115601343493,100.0,56,5600,False,5751200,57512,1027,ae3b9b3532214bc3bad13e7ea9518ddf,2020-03-21_00-15-04,1584749704,10.412655591964722,10609.139953136444,23993,eclipse,137.195.211.213,10609.139953136444,5751200,1027,28,2ed37c9e,0.37,0.0,1.0,11.292564301684042,0.9885713818876364,1.48087638095954,5652608,5751200,3132.903,6.583,7142.294,17.492,2.278125047683716,4.999999873689376e-05,151311.703125,-0.03871966525912285,151311.71875,0.35082030296325684,0.011964666657149792,1.4046562910079956,0.0
3185.466946925227,-39.39625836984552,351.93898503175757,100.0,56,5600,False,5756800,57568,1028,ae3b9b3532214bc3bad13e7ea9518ddf,2020-03-21_00-15-15,1584749715,10.287162780761719,10619.427115917206,23993,eclipse,137.195.211.213,10619.427115917206,5756800,1028,28,2ed37c9e,0.3,0.0,1.0,11.292552136183554,0.9885564202633806,1.4808449279239715,5658112,5756800,3125.733,6.601,7176.141,18.238,2.278125047683716,4.999999873689376e-05,121435.734375,-0.031150437891483307,121435.7421875,0.3775572180747986,0.010754973627626896,0.7809469699859619,0.0
4190.8448711983165,-222.48997953564654,331.7049446619255,100.0,56,5600,False,5762400,57624,1029,ae3b9b3532214bc3bad13e7ea9518ddf,2020-03-21_00-15-25,1584749725,10.391393661499023,10629.818509578705,23993,eclipse,137.195.211.213,10629.818509578705,5762400,1029,28,2ed37c9e,0.28,0.0,1.0,11.292620797731566,0.9885440070470662,1.480822028290512,5663616,5762400,3116.598,6.527,7209.63,18.295,2.278125047683716,4.999999873689376e-05,153497.203125,-0.039286110550165176,153497.234375,0.3439737856388092,0.011491845361888409,0.8700011372566223,0.0
4190.8448711983165,-488.17449471495513,360.0084008121286,100.0,56,5600,False,5768000,57680,1030,ae3b9b3532214bc3bad13e7ea9518ddf,2020-03-21_00-15-35,1584749735,10.347258567810059,10640.165768146515,23993,eclipse,137.195.211.213,10640.165768146515,5768000,1030,28,2ed37c9e,0.28,0.0,1.0,11.292701074119025,0.9885395359685828,1.4808025373269498,5669120,5768000,3060.075,6.64,7252.833,19.162,2.278125047683716,4.999999873689376e-05,165722.984375,-0.03749028965830803,165722.984375,0.3649216294288635,0.01021039579063654,1.1538790464401245,0.0
4084.476435319712,-488.17449471495513,375.60430633688,100.0,56,5600,False,5773600,57736,1031,ae3b9b3532214bc3bad13e7ea9518ddf,2020-03-21_00-15-46,1584749746,10.456785440444946,10650.62255358696,23993,eclipse,137.195.211.213,10650.62255358696,5773600,1031,28,2ed37c9e,0.34,0.0,1.0,11.292869650390962,0.9885291110062769,1.4807747155696886,5674624,5773600,3057.455,6.478,7295.952,19.438,2.278125047683716,4.999999873689376e-05,168871.0625,-0.03626953810453415,168871.0625,0.273029625415802,0.013942047953605652,0.519858717918396,0.0
4084.476435319712,-34.04148172329787,369.3658297428324,100.0,56,5600,False,5779200,57792,1032,ae3b9b3532214bc3bad13e7ea9518ddf,2020-03-21_00-15-56,1584749756,10.432125329971313,10661.054678916931,23993,eclipse,137.195.211.213,10661.054678916931,5779200,1032,28,2ed37c9e,0.33,0.0,1.0,11.293099662706123,0.9885214883484711,1.4807546618235954,5680128,5779200,3011.632,6.395,7287.815,19.683,2.278125047683716,4.999999873689376e-05,146051.59375,-0.031103219836950302,146051.578125,0.36121466755867004,0.012819730676710606,0.5965337157249451,0.0
3413.5308945447846,-34.66817913299082,336.24774494911185,100.0,56,5600,False,5784800,57848,1033,ae3b9b3532214bc3bad13e7ea9518ddf,2020-03-21_00-16-07,1584749767,10.308480024337769,10671.363158941269,23993,eclipse,137.195.211.213,10671.363158941269,5784800,1033,28,2ed37c9e,0.3,0.0,1.0,11.293114333352156,0.9885095185726342,1.480734248546365,5685632,5784800,3004.795,6.459,7288.857,20.197,2.278125047683716,4.999999873689376e-05,139771.671875,-0.030027633532881737,139771.671875,0.37819090485572815,0.011836830526590347,1.353086233139038,0.0
3291.84916031629,-35.741556772099585,366.80023012600026,100.0,56,5600,False,5790400,57904,1034,ae3b9b3532214bc3bad13e7ea9518ddf,2020-03-21_00-16-17,1584749777,10.427958250045776,10681.791117191315,23993,eclipse,137.195.211.213,10681.791117191315,5790400,1034,28,2ed37c9e,0.29,0.0,1.0,11.293207054550555,0.9884999513307102,1.4807189195399053,5691136,5790400,3009.012,6.711,7286.412,20.328,2.278125047683716,4.999999873689376e-05,116285.2890625,-0.03596463054418564,116285.2890625,0.39032289385795593,0.012839432805776596,0.8164771199226379,0.0
2525.1731551996263,-35.741556772099585,276.4318752743419,100.0,56,5600,False,5796000,57960,1035,ae3b9b3532214bc3bad13e7ea9518ddf,2020-03-21_00-16-28,1584749788,10.507793426513672,10692.298910617828,23993,eclipse,137.195.211.213,10692.298910617828,5796000,1035,28,2ed37c9e,0.26,0.0,1.0,11.293430739895893,0.98849394624682,1.4807043455929132,5696640,5796000,3009.62,6.587,7289.853,20.065,2.278125047683716,4.999999873689376e-05,72052.640625,-0.037552718073129654,72052.6484375,0.22870807349681854,0.012603024952113628,0.3074963092803955,0.0
3865.1174475198422,-220.41757251030762,366.7089559301408,100.0,56,5600,False,5801600,58016,1036,ae3b9b3532214bc3bad13e7ea9518ddf,2020-03-21_00-16-38,1584749798,10.420010328292847,10702.718920946121,23993,eclipse,137.195.211.213,10702.718920946121,5801600,1036,28,2ed37c9e,0.37,0.0,1.0,11.29368343223054,0.9884797662957956,1.480679084867272,5702144,5801600,3013.527,6.322,7294.039,21.213,2.278125047683716,4.999999873689376e-05,156840.640625,-0.027268683537840843,156840.625,0.3559233844280243,0.01300047431141138,0.3015507459640503,0.0
3865.1174475198422,-220.41757251030762,337.17538677275115,100.0,56,5600,False,5807200,58072,1037,ae3b9b3532214bc3bad13e7ea9518ddf,2020-03-21_00-16-49,1584749809,10.297122955322266,10713.016043901443,23993,eclipse,137.195.211.213,10713.016043901443,5807200,1037,28,2ed37c9e,0.36,0.0,1.0,11.293734557602109,0.9884655319579477,1.4806582058305051,5707648,5807200,3005.39,6.333,7290.883,20.951,2.278125047683716,4.999999873689376e-05,85514.1796875,-0.033162862062454224,85514.1875,0.33716675639152527,0.010677110403776169,1.475832462310791,0.0
2879.1611895513147,-39.43125687270665,322.41288916120243,100.0,56,5600,False,5812800,58128,1038,ae3b9b3532214bc3bad13e7ea9518ddf,2020-03-21_00-16-59,1584749819,10.409074783325195,10723.425118684769,23993,eclipse,137.195.211.213,10723.425118684769,5812800,1038,28,2ed37c9e,0.27,0.0,1.0,11.293674221450607,0.988454543178394,1.4806342871179945,5713152,5812800,3010.328,6.252,7296.608,20.85,2.278125047683716,4.999999873689376e-05,171514.578125,-0.03410781919956207,171514.59375,0.32640013098716736,0.012868032790720463,0.7664570212364197,0.0
2879.1611895513147,-39.43125687270665,387.86628985875774,100.0,56,5600,False,5818400,58184,1039,ae3b9b3532214bc3bad13e7ea9518ddf,2020-03-21_00-17-09,1584749829,10.419828414916992,10733.844947099686,23993,eclipse,137.195.211.213,10733.844947099686,5818400,1039,28,2ed37c9e,0.29,0.0,1.0,11.293803938147256,0.9884461714712464,1.4806089505362667,5718656,5818400,3010.051,6.187,7298.969,20.897,2.278125047683716,4.999999873689376e-05,117228.71875,-0.034286245703697205,117228.7421875,0.38039758801460266,0.011999391950666904,0.7622882723808289,0.0
2544.6267691649564,-123.45856493556903,373.4781981070291,100.0,56,5600,False,5824000,58240,1040,ae3b9b3532214bc3bad13e7ea9518ddf,2020-03-21_00-17-20,1584749840,10.397506475448608,10744.242453575134,23993,eclipse,137.195.211.213,10744.242453575134,5824000,1040,28,2ed37c9e,0.35,0.0,1.0,11.293821388919934,0.9884422344332455,1.4805881189686254,5724160,5824000,3014.868,6.149,7300.258,20.513,2.278125047683716,4.999999873689376e-05,90819.140625,-0.03454684466123581,90819.1484375,0.4325281083583832,0.012030061334371567,0.8200498819351196,0.0
2543.668182045513,-123.45856493556903,269.5525878453281,100.0,56,5600,False,5829600,58296,1041,ae3b9b3532214bc3bad13e7ea9518ddf,2020-03-21_00-17-30,1584749850,10.449383735656738,10754.691837310791,23993,eclipse,137.195.211.213,10754.691837310791,5829600,1041,28,2ed37c9e,0.28,0.0,1.0,11.293831408076981,0.9884265986737869,1.480556783025743,5729664,5829600,3011.9,6.308,7304.488,19.803,2.278125047683716,4.999999873689376e-05,65616.1953125,-0.036030419170856476,65616.1953125,0.3966059684753418,0.011175123043358326,0.6197987794876099,0.0
3985.92413486245,-36.71712015188562,368.4892882848318,100.0,56,5600,False,5835200,58352,1042,ae3b9b3532214bc3bad13e7ea9518ddf,2020-03-21_00-17-41,1584749861,10.364641904830933,10765.056479215622,23993,eclipse,137.195.211.213,10765.056479215622,5835200,1042,28,2ed37c9e,0.34,0.0,1.0,11.2940241173823,0.9884136466452486,1.4805203744564222,5735168,5835200,3001.682,6.284,7309.138,19.642,2.278125047683716,4.999999873689376e-05,231244.625,-0.03987770900130272,231244.703125,0.308809369802475,0.011355916038155556,0.43989965319633484,0.0
3985.92413486245,-36.728692358800245,365.99176340021063,100.0,56,5600,False,5840800,58408,1043,ae3b9b3532214bc3bad13e7ea9518ddf,2020-03-21_00-17-51,1584749871,10.28867483139038,10775.345154047012,23993,eclipse,137.195.211.213,10775.345154047012,5840800,1043,28,2ed37c9e,0.32,0.0,1.0,11.294117519963917,0.9884037634051219,1.4805087289189027,5740672,5840800,3003.546,6.203,7304.431,19.727,2.278125047683716,4.999999873689376e-05,102823.71875,-0.03011961281299591,102823.71875,0.3218991160392761,0.013654058799147606,0.9884113073348999,0.0
3315.1884347518835,-40.295257490211156,326.63243526078395,100.0,56,5600,False,5846400,58464,1044,ae3b9b3532214bc3bad13e7ea9518ddf,2020-03-21_00-18-02,1584749882,10.32233715057373,10785.667491197586,23993,eclipse,137.195.211.213,10785.667491197586,5846400,1044,28,2ed37c9e,0.32,0.0,1.0,11.294164181803326,0.988387859995658,1.4804795413205105,5746176,5846400,2996.188,6.381,7301.74,19.14,2.278125047683716,4.999999873689376e-05,89364.375,-0.03077336587011814,89364.375,0.4099496006965637,0.012555056251585484,0.6556258797645569,0.0
3212.8870247089585,-40.295257490211156,339.5675619034269,100.0,56,5600,False,5852000,58520,1045,ae3b9b3532214bc3bad13e7ea9518ddf,2020-03-21_00-18-12,1584749892,9.98034405708313,10795.64783525467,23993,eclipse,137.195.211.213,10795.64783525467,5852000,1045,28,2ed37c9e,0.3,0.0,1.0,11.294329649797978,0.9883761603385605,1.4804482141831228,5751680,5852000,2994.86,6.464,7249.772,19.519,2.278125047683716,4.999999873689376e-05,138991.109375,-0.030988166108727455,138991.109375,0.3879817724227905,0.013698967173695564,0.230789914727211,0.0
3745.921924911029,-37.219967754992524,449.1888643728981,100.0,56,5600,False,5857600,58576,1046,ae3b9b3532214bc3bad13e7ea9518ddf,2020-03-21_00-18-22,1584749902,10.083663940429688,10805.731499195099,23993,eclipse,137.195.211.213,10805.731499195099,5857600,1046,28,2ed37c9e,0.36,0.0,1.0,11.29471470378669,0.9883834991293472,1.480468064293222,5757184,5857600,3009.195,6.677,7202.813,19.553,2.278125047683716,4.999999873689376e-05,188917.953125,-0.03352738916873932,188917.953125,0.3199276030063629,0.012157062999904156,0.3006274700164795,0.0
3537.8605172975126,-37.219967754992524,284.54104649009224,100.0,56,5600,False,5863200,58632,1047,ae3b9b3532214bc3bad13e7ea9518ddf,2020-03-21_00-18-32,1584749912,10.214705228805542,10815.946204423904,23993,eclipse,137.195.211.213,10815.946204423904,5863200,1047,28,2ed37c9e,0.32,0.0,1.0,11.29524091111694,0.9884063022087365,1.480539407977653,5762688,5863200,3037.25,6.652,7165.741,20.12,2.278125047683716,4.999999873689376e-05,65544.0625,-0.03651857003569603,65544.0703125,0.19986535608768463,0.011992080137133598,0.34306469559669495,0.0
4310.75989281346,-34.7494696221268,324.1256562649387,100.0,56,5600,False,5868800,58688,1048,ae3b9b3532214bc3bad13e7ea9518ddf,2020-03-21_00-18-42,1584749922,10.33488392829895,10826.281088352203,23993,eclipse,137.195.211.213,10826.281088352203,5868800,1048,28,2ed37c9e,0.29,0.0,1.0,11.295701334339988,0.9884247365053249,1.4805910766147954,5768192,5868800,3051.428,6.863,7147.33,19.488,2.278125047683716,4.999999873689376e-05,205169.75,-0.03349444642663002,205169.75,0.2907571494579315,0.014362238347530365,0.16469182074069977,0.0
4310.75989281346,-33.04009003355033,348.9241149436612,100.0,56,5600,False,5874400,58744,1049,ae3b9b3532214bc3bad13e7ea9518ddf,2020-03-21_00-18-53,1584749933,10.2569739818573,10836.53806233406,23993,eclipse,137.195.211.213,10836.53806233406,5874400,1049,28,2ed37c9e,0.27,0.0,1.0,11.296011990331463,0.988438109112543,1.4806234351985819,5773696,5874400,3085.405,7.007,7097.573,19.964,2.278125047683716,4.999999873689376e-05,71222.9453125,-0.03823579475283623,71222.953125,0.3512277901172638,0.010894237086176872,1.1010688543319702,0.0
2652.2389664821853,-76.36696889780877,269.92609912183997,100.0,56,5600,False,5880000,58800,1050,ae3b9b3532214bc3bad13e7ea9518ddf,2020-03-21_00-19-03,1584749943,10.239345073699951,10846.77740740776,23993,eclipse,137.195.211.213,10846.77740740776,5880000,1050,28,2ed37c9e,0.21,0.0,1.0,11.296313281443037,0.9884521184977821,1.4806599946039745,5779200,5880000,3092.777,6.882,7071.28,20.191,2.278125047683716,4.999999873689376e-05,130738.0703125,-0.03417738154530525,130738.078125,0.30084583163261414,0.013360942713916302,0.4666263163089752,0.0
3122.477963189981,-79.83396406124263,304.0826746521823,100.0,56,5600,False,5885600,58856,1051,ae3b9b3532214bc3bad13e7ea9518ddf,2020-03-21_00-19-13,1584749953,10.291168451309204,10857.06857585907,23993,eclipse,137.195.211.213,10857.06857585907,5885600,1051,28,2ed37c9e,0.26,0.0,1.0,11.296481567742187,0.9884559174968399,1.48065388180761,5784704,5885600,3084.638,6.891,7061.68,20.36,2.278125047683716,4.999999873689376e-05,126646.8125,-0.03235645219683647,126646.8125,0.3550660014152527,0.012228312902152538,1.1291835308074951,0.0
3540.1940368211735,-79.83396406124263,387.75455210242404,100.0,56,5600,False,5891200,58912,1052,ae3b9b3532214bc3bad13e7ea9518ddf,2020-03-21_00-19-24,1584749964,10.468404054641724,10867.536979913712,23993,eclipse,137.195.211.213,10867.536979913712,5891200,1052,28,2ed37c9e,0.35,0.0,1.0,11.296528683592229,0.9884525824965178,1.4806231073022196,5790208,5891200,3098.713,6.956,7058.322,20.069,2.278125047683716,4.999999873689376e-05,162799.03125,-0.03858012333512306,162799.046875,0.3670051395893097,0.011062894947826862,0.5719003081321716,0.0
3540.1940368211735,-341.1591615389998,296.68242237037606,100.0,56,5600,False,5896800,58968,1053,ae3b9b3532214bc3bad13e7ea9518ddf,2020-03-21_00-19-34,1584749974,10.309787511825562,10877.846767425537,23993,eclipse,137.195.211.213,10877.846767425537,5896800,1053,28,2ed37c9e,0.29,0.0,1.0,11.296596954486033,0.9884466313658617,1.4805999712923796,5795712,5896800,3102.235,7.01,7059.286,18.788,2.278125047683716,4.999999873689376e-05,85557.1171875,-0.03585800901055336,85557.125,0.32624518871307373,0.013438109308481216,0.5583773255348206,0.0
4190.058113370392,-36.35836524876481,375.09672015905903,100.0,56,5600,False,5902400,59024,1054,ae3b9b3532214bc3bad13e7ea9518ddf,2020-03-21_00-19-45,1584749985,10.39973783493042,10888.246505260468,23993,eclipse,137.195.211.213,10888.246505260468,5902400,1054,28,2ed37c9e,0.29,0.0,1.0,11.296813365650744,0.9884270963517349,1.4805715642954203,5801216,5902400,3110.664,6.877,7056.891,19.353,2.278125047683716,4.999999873689376e-05,248163.859375,-0.040448952466249466,248163.84375,0.2881420850753784,0.013286207802593708,0.2802085876464844,0.0
4190.058113370392,-36.35836524876481,315.0456770274752,100.0,56,5600,False,5908000,59080,1055,ae3b9b3532214bc3bad13e7ea9518ddf,2020-03-21_00-19-55,1584749995,10.398567914962769,10898.64507317543,23993,eclipse,137.195.211.213,10898.64507317543,5908000,1055,28,2ed37c9e,0.24,0.0,1.0,11.296822792351266,0.9884114842878376,1.4805581683386537,5806720,5908000,3109.741,6.824,7099.307,19.297,2.278125047683716,4.999999873689376e-05,43595.7734375,-0.03530626371502876,43595.78125,0.2814275324344635,0.012586218304932117,1.1358909606933594,0.0
2442.4275411627123,-35.48415842801577,289.43163810219687,100.0,56,5600,False,5913600,59136,1056,ae3b9b3532214bc3bad13e7ea9518ddf,2020-03-21_00-20-06,1584750006,10.49260926246643,10909.137682437897,23993,eclipse,137.195.211.213,10909.137682437897,5913600,1056,28,2ed37c9e,0.32,0.0,1.0,11.296939521863715,0.9884044717949501,1.4805330350711452,5812224,5913600,3104.19,6.748,7146.719,18.661,2.278125047683716,4.999999873689376e-05,116578.234375,-0.03886730223894119,116578.2421875,0.2743604779243469,0.012121085077524185,0.44632720947265625,0.0
4304.228825446962,-35.48415842801577,426.8558592520964,100.0,56,5600,False,5919200,59192,1057,ae3b9b3532214bc3bad13e7ea9518ddf,2020-03-21_00-20-16,1584750016,10.3388512134552,10919.476533651352,23993,eclipse,137.195.211.213,10919.476533651352,5919200,1057,28,2ed37c9e,0.4,0.0,1.0,11.297323291835774,0.9884025601864919,1.480506432708293,5817728,5919200,3087.214,6.769,7177.173,17.921,2.278125047683716,4.999999873689376e-05,214047.65625,-0.03493766114115715,214047.65625,0.3164774775505066,0.01458327192813158,0.04127240553498268,0.0
3917.070798354277,-33.352097172763095,310.7045276589073,100.0,56,5600,False,5924800,59248,1058,ae3b9b3532214bc3bad13e7ea9518ddf,2020-03-21_00-20-26,1584750026,10.440522193908691,10929.91705584526,23993,eclipse,137.195.211.213,10929.91705584526,5924800,1058,28,2ed37c9e,0.35,0.0,1.0,11.297584267901033,0.9883960800967903,1.4804834609520108,5823232,5924800,3082.804,6.603,7191.061,18.777,2.278125047683716,4.999999873689376e-05,111506.9921875,-0.03255913034081459,111507.0078125,0.2764001190662384,0.009624859318137169,0.5819750428199768,0.0
4116.718745256133,-301.60966706006866,301.4307369226461,100.0,56,5600,False,5930400,59304,1059,ae3b9b3532214bc3bad13e7ea9518ddf,2020-03-21_00-20-37,1584750037,10.490951299667358,10940.408007144928,23993,eclipse,137.195.211.213,10940.408007144928,5930400,1059,28,2ed37c9e,0.26,0.0,1.0,11.297705060972214,0.9883981922278329,1.4804525638133632,5828736,5930400,3055.693,6.42,7238.821,18.826,2.278125047683716,4.999999873689376e-05,154626.671875,-0.02431436814367771,154626.6875,0.2872038185596466,0.01242806762456894,0.6830143332481384,0.0
4116.718745256133,-301.60966706006866,298.17994081567014,100.0,56,5600,False,5936000,59360,1060,ae3b9b3532214bc3bad13e7ea9518ddf,2020-03-21_00-20-47,1584750047,10.490419149398804,10950.898426294327,23993,eclipse,137.195.211.213,10950.898426294327,5936000,1060,28,2ed37c9e,0.27,0.0,1.0,11.297808343088878,0.9883885361335956,1.4804244122220434,5834240,5936000,3059.361,6.524,7261.83,18.805,2.278125047683716,4.999999873689376e-05,60672.98828125,-0.036433376371860504,60672.98828125,0.39102473855018616,0.011883684433996677,0.4657396674156189,0.0
3530.9861165800803,-119.10003590910132,238.32127926462337,100.0,56,5600,False,5941600,59416,1061,ae3b9b3532214bc3bad13e7ea9518ddf,2020-03-21_00-20-58,1584750058,10.392947912216187,10961.291374206543,23993,eclipse,137.195.211.213,10961.291374206543,5941600,1061,28,2ed37c9e,0.26,0.0,1.0,11.297848793849749,0.988377768652916,1.4803927897868754,5839744,5941600,3064.874,6.382,7265.867,19.114,2.278125047683716,4.999999873689376e-05,98083.0,-0.031966570764780045,98083.0078125,0.3355462849140167,0.010097797960042953,1.09935462474823,0.0
3530.9861165800803,-119.10003590910132,239.29425390586428,100.0,56,5600,False,5947200,59472,1062,ae3b9b3532214bc3bad13e7ea9518ddf,2020-03-21_00-21-08,1584750068,10.420361518859863,10971.711735725403,23993,eclipse,137.195.211.213,10971.711735725403,5947200,1062,28,2ed37c9e,0.27,0.0,1.0,11.29784934706986,0.9883819071430401,1.4803704403883513,5845248,5947200,3054.755,6.326,7271.588,18.72,2.278125047683716,4.999999873689376e-05,75991.1015625,-0.029468081891536713,75991.1015625,0.30647900700569153,0.013288179412484169,0.8326491713523865,0.0
3122.5499520952235,-56.887740773035404,356.0933961002704,100.0,56,5600,False,5952800,59528,1063,ae3b9b3532214bc3bad13e7ea9518ddf,2020-03-21_00-21-19,1584750079,10.472869396209717,10982.184605121613,23993,eclipse,137.195.211.213,10982.184605121613,5952800,1063,28,2ed37c9e,0.34,0.0,1.0,11.29814658172318,0.9883777256670307,1.4803549650591248,5850752,5952800,3062.035,6.307,7279.372,19.971,2.278125047683716,4.999999873689376e-05,191190.515625,-0.02936086617410183,191190.515625,0.2885262072086334,0.013610667549073696,-0.24912552535533905,0.0
4047.3628509600967,-413.6853354404371,307.6486762887088,100.0,56,5600,False,5958400,59584,1064,ae3b9b3532214bc3bad13e7ea9518ddf,2020-03-21_00-21-29,1584750089,10.381013870239258,10992.565618991852,23993,eclipse,137.195.211.213,10992.565618991852,5958400,1064,28,2ed37c9e,0.28,0.0,1.0,11.298319667205787,0.9883674669677753,1.4803396792336088,5856256,5958400,3054.889,6.184,7284.571,19.747,2.278125047683716,4.999999873689376e-05,132351.1875,-0.035525549203157425,132351.171875,0.19504229724407196,0.01059796568006277,1.048366665840149,0.0
4047.3628509600967,-428.50854027095596,328.22178266923817,100.0,56,5600,False,5964000,59640,1065,ae3b9b3532214bc3bad13e7ea9518ddf,2020-03-21_00-21-40,1584750100,10.472843170166016,11003.038462162018,23993,eclipse,137.195.211.213,11003.038462162018,5964000,1065,28,2ed37c9e,0.27,0.0,1.0,11.298404604769468,0.9883508641863343,1.4803164889439782,5861760,5964000,3065.618,6.103,7282.981,19.746,2.278125047683716,4.999999873689376e-05,171053.703125,-0.03687448427081108,171053.703125,0.31147274374961853,0.013931723311543465,0.572418212890625,0.0
3958.301825225176,-428.50854027095596,413.45671840445533,100.0,56,5600,False,5969600,59696,1066,ae3b9b3532214bc3bad13e7ea9518ddf,2020-03-21_00-21-50,1584750110,10.4022798538208,11013.440742015839,23993,eclipse,137.195.211.213,11013.440742015839,5969600,1066,28,2ed37c9e,0.34,0.0,1.0,11.298534590821996,0.9883435195870917,1.4802900217648693,5867264,5969600,3058.737,6.071,7280.946,20.234,2.278125047683716,4.999999873689376e-05,110794.734375,-0.03165588155388832,110794.765625,0.3321847915649414,0.012537638656795025,0.5246657729148865,0.0
2223.3460582174844,-34.68813411714821,355.4588803676295,100.0,56,5600,False,5975200,59752,1067,ae3b9b3532214bc3bad13e7ea9518ddf,2020-03-21_00-22-01,1584750121,10.390411853790283,11023.831153869629,23993,eclipse,137.195.211.213,11023.831153869629,5975200,1067,28,2ed37c9e,0.33,0.0,1.0,11.298638858380585,0.9883462214707986,1.4802621133957095,5872768,5975200,3057.701,5.92,7286.85,20.364,2.278125047683716,4.999999873689376e-05,87202.5546875,-0.02919982559978962,87202.546875,0.35870590806007385,0.01775793358683586,0.8624216318130493,0.0
3436.2446352629113,-35.50291520078325,434.8812042749008,100.0,56,5600,False,5980800,59808,1068,ae3b9b3532214bc3bad13e7ea9518ddf,2020-03-21_00-22-11,1584750131,10.286811590194702,11034.117965459824,23993,eclipse,137.195.211.213,11034.117965459824,5980800,1068,28,2ed37c9e,0.38,0.0,1.0,11.298677496880503,0.9883374535742709,1.4802306958519005,5878272,5980800,3046.704,5.931,7283.056,19.908,2.278125047683716,4.999999873689376e-05,224550.015625,-0.04242519661784172,224550.046875,0.30056998133659363,0.013977737165987492,0.9078599810600281,0.0
5004.713139966124,-396.8663861697197,438.9071043263674,100.0,56,5600,False,5986400,59864,1069,ae3b9b3532214bc3bad13e7ea9518ddf,2020-03-21_00-22-22,1584750142,10.44825005531311,11044.566215515137,23993,eclipse,137.195.211.213,11044.566215515137,5986400,1069,28,2ed37c9e,0.35,0.0,1.0,11.298777061667021,0.9883162853977132,1.480198950074397,5883776,5986400,3044.003,5.86,7283.002,19.376,2.278125047683716,4.999999873689376e-05,294197.6875,-0.0340038500726223,294197.65625,0.28549662232398987,0.010404344648122787,0.6694505214691162,0.0
5004.713139966124,-396.8663861697197,415.1458661996962,100.0,56,5600,False,5992000,59920,1070,ae3b9b3532214bc3bad13e7ea9518ddf,2020-03-21_00-22-32,1584750152,10.373311996459961,11054.939527511597,23993,eclipse,137.195.211.213,11054.939527511597,5992000,1070,28,2ed37c9e,0.35,0.0,1.0,11.298925069038733,0.9883037650119979,1.4801724347267435,5889280,5992000,3036.138,5.899,7280.067,18.397,2.278125047683716,4.999999873689376e-05,122551.9453125,-0.03341929614543915,122551.9453125,0.3375687897205353,0.014488045126199722,0.33103686571121216,0.0
2325.481931359663,-58.02770656458259,357.9951687233546,100.0,56,5600,False,5997600,59976,1071,ae3b9b3532214bc3bad13e7ea9518ddf,2020-03-21_00-22-42,1584750162,10.424602508544922,11065.364130020142,23993,eclipse,137.195.211.213,11065.364130020142,5997600,1071,28,2ed37c9e,0.31,0.0,1.0,11.299069272905886,0.988287763469749,1.480149350038897,5894784,5997600,3038.628,6.007,7282.354,18.125,2.278125047683716,4.999999873689376e-05,117933.6484375,-0.0348922461271286,117933.671875,0.37020343542099,0.011596906930208206,0.5485165119171143,0.0
2315.8193161683153,-33.22339810544363,302.6248182622764,100.0,56,5600,False,6003200,60032,1072,ae3b9b3532214bc3bad13e7ea9518ddf,2020-03-21_00-22-53,1584750173,10.3130624294281,11075.67719244957,23993,eclipse,137.195.211.213,11075.67719244957,6003200,1072,28,2ed37c9e,0.24,0.0,1.0,11.29917507449114,0.9882693525350582,1.480129016261647,5900288,6003200,3035.566,6.095,7273.255,18.241,2.278125047683716,4.999999873689376e-05,63544.52734375,-0.03636687248945236,63544.53515625,0.3362668454647064,0.01053337100893259,0.7746340036392212,0.0
2211.74657517436,-560.4432212409015,247.03019475785652,100.0,56,5600,False,6008800,60088,1073,ae3b9b3532214bc3bad13e7ea9518ddf,2020-03-21_00-23-03,1584750183,10.454267263412476,11086.131459712982,23993,eclipse,137.195.211.213,11086.131459712982,6008800,1073,28,2ed37c9e,0.27,0.0,1.0,11.299316415142034,0.9882596008107676,1.4800963119105734,5905792,6008800,3036.157,6.116,7271.519,18.403,2.278125047683716,4.999999873689376e-05,87192.2578125,-0.03519594669342041,87192.2578125,0.31876862049102783,0.014477839693427086,0.33113133907318115,0.0
3073.825582191421,-560.4432212409015,373.4562685240946,100.0,56,5600,False,6014400,60144,1074,ae3b9b3532214bc3bad13e7ea9518ddf,2020-03-21_00-23-13,1584750193,10.091949701309204,11096.223409414291,23993,eclipse,137.195.211.213,11096.223409414291,6014400,1074,28,2ed37c9e,0.38,0.0,1.0,11.299629677765319,0.9882475645863846,1.480075253956323,5911296,6014400,3043.472,5.951,7237.723,18.657,2.278125047683716,4.999999873689376e-05,152916.578125,-0.03558095544576645,152916.59375,0.31188613176345825,0.011766884475946426,0.30284059047698975,0.0
3073.825582191421,-61.59435148018351,322.00984721613406,100.0,56,5600,False,6020000,60200,1075,ae3b9b3532214bc3bad13e7ea9518ddf,2020-03-21_00-23-24,1584750204,10.249896764755249,11106.473306179047,23993,eclipse,137.195.211.213,11106.473306179047,6020000,1075,28,2ed37c9e,0.32,0.0,1.0,11.299988404060484,0.988255342619389,1.4801041466006604,5916800,6020000,3057.737,5.969,7199.106,18.747,2.278125047683716,4.999999873689376e-05,61582.44140625,-0.029096264392137527,61582.453125,0.3835494816303253,0.009869859553873539,0.9851083159446716,0.0
4046.1570755884813,-291.32887991759713,278.2190089233404,100.0,56,5600,False,6025600,60256,1076,ae3b9b3532214bc3bad13e7ea9518ddf,2020-03-21_00-23-34,1584750214,10.228649854660034,11116.701956033707,23993,eclipse,137.195.211.213,11116.701956033707,6025600,1076,28,2ed37c9e,0.27,0.0,1.0,11.300307972239224,0.9882641160924556,1.4801325744380416,5922304,6025600,3080.232,5.761,7159.926,18.604,2.278125047683716,4.999999873689376e-05,147413.25,-0.032841894775629044,147413.25,0.30535608530044556,0.012536388821899891,0.5034263730049133,0.0
4046.1570755884813,-66.69279780948372,309.036519057821,100.0,56,5600,False,6031200,60312,1077,ae3b9b3532214bc3bad13e7ea9518ddf,2020-03-21_00-23-44,1584750224,10.27803349494934,11126.979989528656,23993,eclipse,137.195.211.213,11126.979989528656,6031200,1077,28,2ed37c9e,0.27,0.0,1.0,11.300679226545398,0.9882812089140522,1.4801601753522329,5927808,6031200,3096.649,5.838,7133.289,18.171,2.278125047683716,4.999999873689376e-05,113255.828125,-0.026483308523893356,113255.8125,0.3874329924583435,0.016575675457715988,0.5422599911689758,0.0
3198.508644649963,-66.69279780948372,326.6259764369224,100.0,56,5600,False,6036800,60368,1078,ae3b9b3532214bc3bad13e7ea9518ddf,2020-03-21_00-23-55,1584750235,10.304316520690918,11137.284306049347,23993,eclipse,137.195.211.213,11137.284306049347,6036800,1078,28,2ed37c9e,0.27,0.0,1.0,11.301059265040934,0.9883006725810671,1.4801882895327498,5933312,6036800,3128.892,5.894,7102.411,18.222,2.278125047683716,4.999999873689376e-05,100855.21875,-0.029658358544111252,100855.21875,0.3737005591392517,0.015107626095414162,0.8275911808013916,0.0
3848.9103754566213,-573.5318251842592,342.0183821560729,100.0,56,5600,False,6042400,60424,1079,ae3b9b3532214bc3bad13e7ea9518ddf,2020-03-21_00-24-05,1584750245,10.564320802688599,11147.848626852036,23993,eclipse,137.195.211.213,11147.848626852036,6042400,1079,28,2ed37c9e,0.3,0.0,1.0,11.301477834553062,0.9883184980899421,1.4802214208521505,5938816,6042400,3151.588,6.098,7090.216,18.201,2.278125047683716,4.999999873689376e-05,167885.03125,-0.03226275369524956,167885.03125,0.28763914108276367,0.013139969669282436,0.344648540019989,0.0
3848.9103754566213,-176.1202772940909,339.3974926356342,100.0,56,5600,False,6048000,60480,1080,ae3b9b3532214bc3bad13e7ea9518ddf,2020-03-21_00-24-16,1584750256,10.356044054031372,11158.204670906067,23993,eclipse,137.195.211.213,11158.204670906067,6048000,1080,28,2ed37c9e,0.37,0.0,1.0,11.301770088579971,0.9883250045999281,1.4802284934730299,5944320,6048000,3144.38,6.064,7094.642,18.678,2.278125047683716,4.999999873689376e-05,127533.1015625,-0.0335359089076519,127533.1171875,0.364621102809906,0.010087145492434502,0.7390514612197876,0.0
2894.0151488054953,-176.1202772940909,316.8741453430959,100.0,56,5600,False,6053600,60536,1081,ae3b9b3532214bc3bad13e7ea9518ddf,2020-03-21_00-24-26,1584750266,10.38965392112732,11168.594324827194,23993,eclipse,137.195.211.213,11168.594324827194,6053600,1081,28,2ed37c9e,0.37,0.0,1.0,11.301786893309837,0.9883316459378348,1.480203904956159,5949824,6053600,3139.298,5.949,7093.671,18.937,2.278125047683716,4.999999873689376e-05,90931.8984375,-0.03670534864068031,90931.90625,0.32926011085510254,0.01119216624647379,1.0083682537078857,0.0
3621.8031447346143,-46.01950970250004,357.57684978197375,100.0,56,5600,False,6059200,60592,1082,ae3b9b3532214bc3bad13e7ea9518ddf,2020-03-21_00-24-37,1584750277,10.463432550430298,11179.057757377625,23993,eclipse,137.195.211.213,11179.057757377625,6059200,1082,28,2ed37c9e,0.35,0.0,1.0,11.301861689441711,0.9883251025639406,1.4801770606818974,5955328,6059200,3148.256,6.106,7099.097,19.0,2.278125047683716,4.999999873689376e-05,190650.4375,-0.030531859025359154,190650.4375,0.2711668610572815,0.017545973882079124,0.8250677585601807,0.0
3621.8031447346143,-599.064799683608,378.2067919902041,100.0,56,5600,False,6064800,60648,1083,ae3b9b3532214bc3bad13e7ea9518ddf,2020-03-21_00-24-47,1584750287,10.438046216964722,11189.49580359459,23993,eclipse,137.195.211.213,11189.49580359459,6064800,1083,28,2ed37c9e,0.37,0.0,1.0,11.3018814995316,0.9883095890441578,1.4801540461552878,5960832,6064800,3146.141,6.018,7098.719,18.449,2.278125047683716,4.999999873689376e-05,161920.609375,-0.030947651714086533,161920.640625,0.3318183124065399,0.011487338691949844,0.9789890050888062,0.0
4417.275111947088,-599.064799683608,314.4660672852446,100.0,56,5600,False,6070400,60704,1084,ae3b9b3532214bc3bad13e7ea9518ddf,2020-03-21_00-24-58,1584750298,10.338292360305786,11199.834095954895,23993,eclipse,137.195.211.213,11199.834095954895,6070400,1084,28,2ed37c9e,0.28,0.0,1.0,11.301886955876656,0.988296979154631,1.4801435773353895,5966336,6070400,3137.742,6.406,7131.313,17.191,2.278125047683716,4.999999873689376e-05,149566.703125,-0.03267667442560196,149566.703125,0.2991747260093689,0.012055732309818268,0.9295652508735657,0.0
3324.6215616800155,-472.97987123711647,314.26428999162005,100.0,56,5600,False,6076000,60760,1085,ae3b9b3532214bc3bad13e7ea9518ddf,2020-03-21_00-25-08,1584750308,10.691757678985596,11210.52585363388,23993,eclipse,137.195.211.213,11210.52585363388,6076000,1085,28,2ed37c9e,0.31,0.0,1.0,11.302051784403593,0.9882942913018721,1.4801516046229881,5971840,6076000,3133.13,6.602,7179.518,17.318,2.278125047683716,4.999999873689376e-05,196994.53125,-0.03642860800027847,196994.53125,0.3089185655117035,0.012701261788606644,0.39062678813934326,0.0
3324.6215616800155,-183.0177816560041,349.4548020641508,100.0,56,5600,False,6081600,60816,1086,ae3b9b3532214bc3bad13e7ea9518ddf,2020-03-21_00-25-19,1584750319,10.489135503768921,11221.01498913765,23993,eclipse,137.195.211.213,11221.01498913765,6081600,1086,28,2ed37c9e,0.38,0.0,1.0,11.302186989440196,0.9882981923708499,1.4801501800247943,5977344,6081600,3113.403,6.95,7221.949,17.872,2.278125047683716,4.999999873689376e-05,75316.2578125,-0.03020990453660488,75316.2578125,0.3367733955383301,0.011829935014247894,0.7798848748207092,0.0
2890.13202367446,-183.0177816560041,310.9938156884384,100.0,56,5600,False,6087200,60872,1087,ae3b9b3532214bc3bad13e7ea9518ddf,2020-03-21_00-25-29,1584750329,10.34013295173645,11231.355122089386,23993,eclipse,137.195.211.213,11231.355122089386,6087200,1087,28,2ed37c9e,0.31,0.0,1.0,11.302193818609085,0.9882932735126932,1.4801311126506778,5982848,6087200,3095.907,6.675,7245.011,18.358,2.278125047683716,4.999999873689376e-05,137244.109375,-0.03125794231891632,137244.125,0.3522898554801941,0.010573355481028557,1.0702424049377441,0.0
4081.1082264182833,-526.1834330649375,372.1211553234314,100.0,56,5600,False,6092800,60928,1088,ae3b9b3532214bc3bad13e7ea9518ddf,2020-03-21_00-25-40,1584750340,10.394115209579468,11241.749237298965,23993,eclipse,137.195.211.213,11241.749237298965,6092800,1088,28,2ed37c9e,0.32,0.0,1.0,11.302230771992901,0.988286282075573,1.4801007332212288,5988352,6092800,3070.38,6.623,7279.022,18.399,2.278125047683716,4.999999873689376e-05,216508.25,-0.04113193601369858,216508.25,0.2764277756214142,0.013254789635539055,0.6165198683738708,0.0
4081.1082264182833,-526.1834330649375,402.1634315502764,100.0,56,5600,False,6098400,60984,1089,ae3b9b3532214bc3bad13e7ea9518ddf,2020-03-21_00-25-50,1584750350,10.399139165878296,11252.148376464844,23993,eclipse,137.195.211.213,11252.148376464844,6098400,1089,28,2ed37c9e,0.36,0.0,1.0,11.3024049487321,0.9882759398781209,1.4800687720073538,5993856,6098400,3045.091,6.623,7290.312,17.464,2.278125047683716,4.999999873689376e-05,199126.0625,-0.031339943408966064,199126.0625,0.23985975980758667,0.01534525491297245,-0.04434216767549515,0.0
3981.8087789129922,-39.202122684578946,418.20385590524717,100.0,56,5600,False,6104000,61040,1090,ae3b9b3532214bc3bad13e7ea9518ddf,2020-03-21_00-26-00,1584750360,10.345224380493164,11262.493600845337,23993,eclipse,137.195.211.213,11262.493600845337,6104000,1090,28,2ed37c9e,0.32,0.0,1.0,11.302610710537987,0.9882613082347277,1.4800394783038688,5999360,6104000,3052.888,6.533,7283.379,17.644,2.278125047683716,4.999999873689376e-05,205961.625,-0.033089760690927505,205961.609375,0.37019214034080505,0.012486583553254604,0.5171358585357666,0.0
3981.8087789129922,-32.006270034744205,346.6113253571886,100.0,56,5600,False,6109600,61096,1091,ae3b9b3532214bc3bad13e7ea9518ddf,2020-03-21_00-26-11,1584750371,10.381835222244263,11272.875436067581,23993,eclipse,137.195.211.213,11272.875436067581,6109600,1091,28,2ed37c9e,0.27,0.0,1.0,11.3027766051488,0.988253976275363,1.4800116659666696,6004864,6109600,3054.719,6.575,7283.906,17.919,2.278125047683716,4.999999873689376e-05,62117.87890625,-0.03054805099964142,62117.87109375,0.3212229311466217,0.011392624117434025,0.6829765439033508,0.0
2235.1587690550327,-37.88951307949704,232.0597724884851,100.0,56,5600,False,6115200,61152,1092,ae3b9b3532214bc3bad13e7ea9518ddf,2020-03-21_00-26-21,1584750381,10.323337316513062,11283.198773384094,23993,eclipse,137.195.211.213,11283.198773384094,6115200,1092,28,2ed37c9e,0.26,0.0,1.0,11.302839498999374,0.988247509423323,1.4799808776875198,6010368,6115200,3044.118,6.494,7280.757,17.759,2.278125047683716,4.999999873689376e-05,81911.7578125,-0.038561660796403885,81911.7734375,0.3739728629589081,0.011950074695050716,1.1983383893966675,0.0
2677.842919077479,-38.439417142031644,270.1168802866098,100.0,56,5600,False,6120800,61208,1093,ae3b9b3532214bc3bad13e7ea9518ddf,2020-03-21_00-26-32,1584750392,10.332538843154907,11293.53131222725,23993,eclipse,137.195.211.213,11293.53131222725,6120800,1093,28,2ed37c9e,0.26,0.0,1.0,11.302806399719179,0.9882354123054617,1.4799545530524643,6015872,6120800,3045.206,6.62,7269.371,17.673,2.278125047683716,4.999999873689376e-05,101105.625,-0.03638138249516487,101105.640625,0.3652633726596832,0.014406155794858932,1.0653364658355713,0.0
4097.0390553712405,-39.554953358543045,312.8208433206817,100.0,56,5600,False,6126400,61264,1094,ae3b9b3532214bc3bad13e7ea9518ddf,2020-03-21_00-26-42,1584750402,10.46516227722168,11303.99647450447,23993,eclipse,137.195.211.213,11303.99647450447,6126400,1094,28,2ed37c9e,0.26,0.0,1.0,11.302931032895247,0.9882182936608624,1.4799282944190808,6021376,6126400,3056.205,6.507,7269.164,18.552,2.278125047683716,4.999999873689376e-05,140410.296875,-0.03251701593399048,140410.28125,0.3648366332054138,0.017749406397342682,0.33291566371917725,0.0
2877.1065588596553,-39.554953358543045,378.0176761183447,100.0,56,5600,False,6132000,61320,1095,ae3b9b3532214bc3bad13e7ea9518ddf,2020-03-21_00-26-53,1584750413,10.422990083694458,11314.419464588165,23993,eclipse,137.195.211.213,11314.419464588165,6132000,1095,28,2ed37c9e,0.36,0.0,1.0,11.30311826081127,0.988217390975107,1.479897033900263,6026880,6132000,3039.336,6.36,7260.459,18.251,2.278125047683716,4.999999873689376e-05,163345.171875,-0.028499772772192955,163345.1875,0.2781332731246948,0.012910556048154831,0.5579347014427185,0.0
2877.1065588596553,-679.361207249992,333.97265402184706,100.0,56,5600,False,6137600,61376,1096,ae3b9b3532214bc3bad13e7ea9518ddf,2020-03-21_00-27-03,1584750423,10.460174083709717,11324.879638671875,23993,eclipse,137.195.211.213,11324.879638671875,6137600,1096,28,2ed37c9e,0.38,0.0,1.0,11.303289413405421,0.9882090103662864,1.479870723343522,6032384,6137600,3038.094,6.284,7258.427,18.264,2.278125047683716,4.999999873689376e-05,41322.90234375,-0.039238668978214264,41322.9140625,0.38852620124816895,0.01265404000878334,0.6462739109992981,0.0
2859.4702665224613,-679.361207249992,235.66052035080392,100.0,56,5600,False,6143200,61432,1097,ae3b9b3532214bc3bad13e7ea9518ddf,2020-03-21_00-27-14,1584750434,10.387337446212769,11335.266976118088,23993,eclipse,137.195.211.213,11335.266976118088,6143200,1097,28,2ed37c9e,0.32,0.0,1.0,11.303419804973379,0.9882024710486198,1.4798508013540845,6037888,6143200,3039.444,6.533,7261.421,18.937,2.278125047683716,4.999999873689376e-05,76565.1171875,-0.03422744944691658,76565.1328125,0.28071555495262146,0.011555137112736702,1.0880038738250732,0.0
3331.024055968771,-446.0290845457293,260.4672955427954,100.0,56,5600,False,6148800,61488,1098,ae3b9b3532214bc3bad13e7ea9518ddf,2020-03-21_00-27-24,1584750444,10.371421337127686,11345.638397455215,23993,eclipse,137.195.211.213,11345.638397455215,6148800,1098,28,2ed37c9e,0.29,0.0,1.0,11.303505946561705,0.9881953400953637,1.4798357406637204,6043392,6148800,3036.041,6.428,7263.387,19.031,2.278125047683716,4.999999873689376e-05,118662.859375,-0.03277220577001572,118662.8515625,0.31649723649024963,0.013674769550561905,0.6275430917739868,0.0
3331.024055968771,-75.53614728379867,300.8764647733323,100.0,56,5600,False,6154400,61544,1099,ae3b9b3532214bc3bad13e7ea9518ddf,2020-03-21_00-27-34,1584750454,10.405529975891113,11356.043927431107,23993,eclipse,137.195.211.213,11356.043927431107,6154400,1099,28,2ed37c9e,0.33,0.0,1.0,11.303571633743877,0.988202334442787,1.4798254150997079,6048896,6154400,3033.136,6.456,7264.428,20.028,2.278125047683716,4.999999873689376e-05,89975.859375,-0.03508387878537178,89975.875,0.4050232768058777,0.013267282396554947,0.8361421823501587,0.0
2524.1617221386555,-565.1394989480996,246.7544199382577,100.0,56,5600,False,6160000,61600,1100,ae3b9b3532214bc3bad13e7ea9518ddf,2020-03-21_00-27-45,1584750465,10.434407711029053,11366.478335142136,23993,eclipse,137.195.211.213,11366.478335142136,6160000,1100,28,2ed37c9e,0.26,0.0,1.0,11.3036516560579,0.9882028275368754,1.479805607449959,6054400,6160000,3034.348,6.51,7270.403,19.909,2.278125047683716,4.999999873689376e-05,69928.21875,-0.03459768742322922,69928.21875,0.3217793107032776,0.011076885275542736,0.5714961886405945,0.0
3727.9866787423184,-406.62209931236566,319.9766011186283,100.0,56,5600,False,6165600,61656,1101,ae3b9b3532214bc3bad13e7ea9518ddf,2020-03-21_00-27-55,1584750475,10.408175230026245,11376.886510372162,23993,eclipse,137.195.211.213,11376.886510372162,6165600,1101,28,2ed37c9e,0.3,0.0,1.0,11.303714793101147,0.9881860733852768,1.4797808703215043,6059904,6165600,3036.173,6.525,7272.089,19.081,2.278125047683716,4.999999873689376e-05,192394.125,-0.03195912018418312,192394.125,0.2963736355304718,0.01441147830337286,0.9902505874633789,0.0
3727.9866787423184,-535.183519978247,397.50521872024296,100.0,56,5600,False,6171200,61712,1102,ae3b9b3532214bc3bad13e7ea9518ddf,2020-03-21_00-28-06,1584750486,10.28533935546875,11387.17184972763,23993,eclipse,137.195.211.213,11387.17184972763,6171200,1102,28,2ed37c9e,0.34,0.0,1.0,11.303676217573189,0.9881714744070572,1.4797566386326013,6065408,6171200,3036.646,6.467,7267.845,19.685,2.278125047683716,4.999999873689376e-05,193281.359375,-0.03187479078769684,193281.359375,0.3183257579803467,0.011522880755364895,0.7071091532707214,0.0
3423.7267605675356,-535.183519978247,406.7997804192397,100.0,56,5600,False,6176800,61768,1103,ae3b9b3532214bc3bad13e7ea9518ddf,2020-03-21_00-28-16,1584750496,10.029345750808716,11397.20119547844,23993,eclipse,137.195.211.213,11397.20119547844,6176800,1103,28,2ed37c9e,0.34,0.0,1.0,11.303761537096698,0.9881650437501065,1.4797642158528033,6070912,6176800,3043.331,6.445,7231.577,20.089,2.278125047683716,4.999999873689376e-05,184046.296875,-0.03101145476102829,184046.296875,0.3652711808681488,0.014753114432096481,0.8830172419548035,0.0
3748.6383877364715,-534.4952242648621,368.9587571148081,100.0,56,5600,False,6182400,61824,1104,ae3b9b3532214bc3bad13e7ea9518ddf,2020-03-21_00-28-26,1584750506,9.863178968429565,11407.064374446869,23993,eclipse,137.195.211.213,11407.064374446869,6182400,1104,28,2ed37c9e,0.28,0.0,1.0,11.30382555133012,0.9881619563439975,1.4797958998711784,6076416,6182400,3027.284,6.388,7189.478,20.281,2.278125047683716,4.999999873689376e-05,181883.671875,-0.02769121155142784,181883.671875,0.2522814869880676,0.012548496946692467,1.348162055015564,0.0
3748.6383877364715,-633.679443196161,370.7603268735093,100.0,56,5600,False,6188000,61880,1105,ae3b9b3532214bc3bad13e7ea9518ddf,2020-03-21_00-28-36,1584750516,10.195561170578003,11417.259935617447,23993,eclipse,137.195.211.213,11417.259935617447,6188000,1105,28,2ed37c9e,0.29,0.0,1.0,11.30403536261821,0.9881688251838393,1.479872448926483,6081920,6188000,3041.716,6.391,7153.096,20.533,2.278125047683716,4.999999873689376e-05,163437.5625,-0.031567007303237915,163437.5625,0.3901877701282501,0.015260538086295128,0.8841533064842224,0.0
3759.2274254614963,-633.679443196161,401.2693251457076,100.0,56,5600,False,6193600,61936,1106,ae3b9b3532214bc3bad13e7ea9518ddf,2020-03-21_00-28-46,1584750526,10.132025241851807,11427.391960859299,23993,eclipse,137.195.211.213,11427.391960859299,6193600,1106,28,2ed37c9e,0.33,0.0,1.0,11.304350135922604,0.9881748666413414,1.4799367284822673,6087424,6193600,3049.651,6.279,7115.858,20.175,2.278125047683716,4.999999873689376e-05,223559.046875,-0.03176416456699371,223559.09375,0.3397955596446991,0.0136554641649127,0.6237861514091492,0.0
3882.0574425420177,-37.018918057568754,351.49288960736186,100.0,56,5600,False,6199200,61992,1107,ae3b9b3532214bc3bad13e7ea9518ddf,2020-03-21_00-28-56,1584750536,10.058627128601074,11437.4505879879,23993,eclipse,137.195.211.213,11437.4505879879,6199200,1107,28,2ed37c9e,0.34,0.0,1.0,11.304586795061484,0.9881783736013314,1.479976170380565,6092928,6199200,3057.538,6.23,7075.322,19.962,2.278125047683716,4.999999873689376e-05,120501.09375,-0.03328268229961395,120501.1015625,0.32705628871917725,0.012090257368981838,1.047532081604004,0.0
3882.0574425420177,-47.13948140088079,289.2959782104967,100.0,56,5600,False,6204800,62048,1108,ae3b9b3532214bc3bad13e7ea9518ddf,2020-03-21_00-29-06,1584750546,10.10326361656189,11447.553851604462,23993,eclipse,137.195.211.213,11447.553851604462,6204800,1108,28,2ed37c9e,0.31,0.0,1.0,11.304895860433183,0.9881828043899605,1.4800121544711908,6098432,6204800,3065.783,5.938,7040.017,20.011,2.278125047683716,4.999999873689376e-05,99929.3828125,-0.03329404443502426,99929.40625,0.26637887954711914,0.01226503774523735,0.5809211730957031,0.0
3988.965633943496,-189.5483669510587,354.7332357060803,100.0,56,5600,False,6210400,62104,1109,ae3b9b3532214bc3bad13e7ea9518ddf,2020-03-21_00-29-17,1584750557,10.467060804367065,11458.020912408829,23993,eclipse,137.195.211.213,11458.020912408829,6210400,1109,28,2ed37c9e,0.28,0.0,1.0,11.30524249131775,0.9881808923318819,1.4800245291453569,6103936,6210400,3075.081,5.908,7040.029,19.625,2.278125047683716,4.999999873689376e-05,216966.140625,-0.03370324522256851,216966.140625,0.2885068953037262,0.014061752706766129,0.4005337655544281,0.0
3988.965633943496,-189.5483669510587,392.7780729361864,100.0,56,5600,False,6216000,62160,1110,ae3b9b3532214bc3bad13e7ea9518ddf,2020-03-21_00-29-27,1584750567,10.380043029785156,11468.400955438614,23993,eclipse,137.195.211.213,11468.400955438614,6216000,1110,28,2ed37c9e,0.32,0.0,1.0,11.305512539487943,0.9881671544780383,1.480011097767105,6109440,6216000,3064.625,5.817,7046.529,19.379,2.278125047683716,4.999999873689376e-05,100863.953125,-0.03656971827149391,100863.96875,0.3045639991760254,0.011927258223295212,0.3255821168422699,0.0
2993.6359858653605,-564.3300338813391,256.96785635169635,100.0,56,5600,False,6221600,62216,1111,ae3b9b3532214bc3bad13e7ea9518ddf,2020-03-21_00-29-38,1584750578,10.485254764556885,11478.88621020317,23993,eclipse,137.195.211.213,11478.88621020317,6221600,1111,28,2ed37c9e,0.23,0.0,1.0,11.305708807151508,0.9881544842965642,1.4799967431677203,6114944,6221600,3070.408,5.83,7047.259,20.043,2.278125047683716,4.999999873689376e-05,105040.8125,-0.030735187232494354,105040.8046875,0.3267074227333069,0.01135486550629139,0.6929133534431458,0.0
3022.136664984182,-154.601998560856,306.0871825510519,100.0,56,5600,False,6227200,62272,1112,ae3b9b3532214bc3bad13e7ea9518ddf,2020-03-21_00-29-48,1584750588,10.415537357330322,11489.301747560501,23993,eclipse,137.195.211.213,11489.301747560501,6227200,1112,28,2ed37c9e,0.27,0.0,1.0,11.305896921033234,0.9881409803751353,1.4799795409720662,6120448,6227200,3084.615,5.882,7046.688,19.862,2.278125047683716,4.999999873689376e-05,127170.3359375,-0.03081657364964485,127170.3125,0.29756152629852295,0.0193004347383976,0.27902600169181824,0.0
5484.9804371673135,-36.448316069361155,383.2976827337167,100.0,56,5600,False,6232800,62328,1113,ae3b9b3532214bc3bad13e7ea9518ddf,2020-03-21_00-29-59,1584750599,10.473026514053345,11499.774774074554,23993,eclipse,137.195.211.213,11499.774774074554,6232800,1113,28,2ed37c9e,0.32,0.0,1.0,11.306078729970986,0.9881211350466156,1.4799566684459233,6125952,6232800,3076.857,5.857,7096.823,20.093,2.278125047683716,4.999999873689376e-05,185846.609375,-0.031249888241291046,185846.609375,0.33939236402511597,0.012549943290650845,0.47719818353652954,0.0
5484.9804371673135,-33.54304481308379,309.93864809367244,100.0,56,5600,False,6238400,62384,1114,ae3b9b3532214bc3bad13e7ea9518ddf,2020-03-21_00-30-09,1584750609,10.391794204711914,11510.166568279266,23993,eclipse,137.195.211.213,11510.166568279266,6238400,1114,28,2ed37c9e,0.26,0.0,1.0,11.306134336353326,0.9880997229095039,1.4799339189209275,6131456,6238400,3085.818,6.024,7137.691,20.27,2.278125047683716,4.999999873689376e-05,68373.5625,-0.027792220935225487,68373.5546875,0.31329965591430664,0.01359421107918024,0.981874406337738,0.0
3769.953729593601,-470.2729985431472,332.7192449343258,100.0,56,5600,False,6244000,62440,1115,ae3b9b3532214bc3bad13e7ea9518ddf,2020-03-21_00-30-20,1584750620,10.376359224319458,11520.542927503586,23993,eclipse,137.195.211.213,11520.542927503586,6244000,1115,28,2ed37c9e,0.27,0.0,1.0,11.30604695634956,0.9880990411169652,1.4799044108880748,6136960,6244000,3061.931,5.951,7179.706,19.717,2.278125047683716,4.999999873689376e-05,223889.421875,-0.032779742032289505,223889.4375,0.30915215611457825,0.012967628426849842,0.7890247702598572,0.0
2911.26634139989,-44.564802740264916,287.387139556997,100.0,56,5600,False,6249600,62496,1116,ae3b9b3532214bc3bad13e7ea9518ddf,2020-03-21_00-30-30,1584750630,10.476184606552124,11531.019112110138,23993,eclipse,137.195.211.213,11531.019112110138,6249600,1116,28,2ed37c9e,0.27,0.0,1.0,11.306093415068945,0.9880872103081438,1.479876146745575,6142464,6249600,3062.345,6.023,7213.781,19.404,2.278125047683716,4.999999873689376e-05,94803.921875,-0.022574102506041527,94803.8984375,0.32586076855659485,0.017004745081067085,0.5502368807792664,0.0
2911.26634139989,-147.04799828554823,317.83225188233047,100.0,56,5600,False,6255200,62552,1117,ae3b9b3532214bc3bad13e7ea9518ddf,2020-03-21_00-30-41,1584750641,10.47711968421936,11541.496231794357,23993,eclipse,137.195.211.213,11541.496231794357,6255200,1117,28,2ed37c9e,0.3,0.0,1.0,11.306272480440994,0.9880734232047313,1.4798537508616465,6147968,6255200,3061.801,6.042,7255.375,19.334,2.278125047683716,4.999999873689376e-05,112747.3125,-0.03817427530884743,112747.328125,0.28801169991493225,0.014809251762926579,0.13751687109470367,0.0
3735.472482311422,-526.6488093944572,302.25792915433,100.0,56,5600,False,6260800,62608,1118,ae3b9b3532214bc3bad13e7ea9518ddf,2020-03-21_00-30-51,1584750651,10.489804744720459,11551.986036539078,23993,eclipse,137.195.211.213,11551.986036539078,6260800,1118,28,2ed37c9e,0.3,0.0,1.0,11.306425862729313,0.9880628954764897,1.4798307174370424,6153472,6260800,3058.461,6.298,7296.662,18.479,2.278125047683716,4.999999873689376e-05,117016.421875,-0.03276935964822769,117016.421875,0.28981298208236694,0.010790867730975151,0.8624109029769897,0.0
3735.472482311422,-526.6488093944572,280.6242589964062,100.0,56,5600,False,6266400,62664,1119,ae3b9b3532214bc3bad13e7ea9518ddf,2020-03-21_00-31-02,1584750662,10.406060457229614,11562.392096996307,23993,eclipse,137.195.211.213,11562.392096996307,6266400,1119,28,2ed37c9e,0.26,0.0,1.0,11.306747897216196,0.9880660398921256,1.479839229312217,6158976,6266400,3057.744,5.86,7291.297,18.55,2.278125047683716,4.999999873689376e-05,88725.4296875,-0.030174465849995613,88725.4296875,0.2860660254955292,0.012471122667193413,0.1566295474767685,0.0
2574.862564111719,-34.71961140374885,353.1609809761063,100.0,56,5600,False,6272000,62720,1120,ae3b9b3532214bc3bad13e7ea9518ddf,2020-03-21_00-31-12,1584750672,10.482635021209717,11572.874732017517,23993,eclipse,137.195.211.213,11572.874732017517,6272000,1120,28,2ed37c9e,0.33,0.0,1.0,11.307377531910758,0.9880726991623874,1.4798885527651777,6164480,6272000,3074.216,5.852,7284.549,18.998,2.278125047683716,4.999999873689376e-05,135370.484375,-0.034703660756349564,135370.484375,0.30390357971191406,0.013943606987595558,-0.25867268443107605,0.0
5893.294323806969,-34.71961140374885,446.7125644082509,100.0,56,5600,False,6277600,62776,1121,ae3b9b3532214bc3bad13e7ea9518ddf,2020-03-21_00-31-23,1584750683,10.353690385818481,11583.228422403336,23993,eclipse,137.195.211.213,11583.228422403336,6277600,1121,28,2ed37c9e,0.33,0.0,1.0,11.307817234488784,0.9880705892089314,1.479905474961807,6169984,6277600,3067.853,5.992,7277.315,19.163,2.278125047683716,4.999999873689376e-05,369570.25,-0.03073527105152607,369570.25,0.24902471899986267,0.012616586871445179,0.24740958213806152,0.0
4750.641853438647,-481.0254905624846,303.1760512904286,100.0,56,5600,False,6283200,62832,1122,ae3b9b3532214bc3bad13e7ea9518ddf,2020-03-21_00-31-33,1584750693,10.231587886810303,11593.460010290146,23993,eclipse,137.195.211.213,11593.460010290146,6283200,1122,28,2ed37c9e,0.26,0.0,1.0,11.30785994230135,0.9880635858811297,1.479888665457625,6175488,6283200,3051.405,5.848,7276.336,18.782,2.278125047683716,4.999999873689376e-05,150744.546875,-0.03337175026535988,150744.546875,0.30269289016723633,0.010288364253938198,0.947386622428894,0.0
4750.641853438647,-481.0254905624846,319.5238737871639,100.0,56,5600,False,6288800,62888,1123,ae3b9b3532214bc3bad13e7ea9518ddf,2020-03-21_00-31-43,1584750703,10.319478273391724,11603.779488563538,23993,eclipse,137.195.211.213,11603.779488563538,6288800,1123,28,2ed37c9e,0.23,0.0,1.0,11.307855925052431,0.9880550203828572,1.4798712732347201,6180992,6288800,3041.136,5.83,7271.885,18.203,2.278125047683716,4.999999873689376e-05,142235.375,-0.0337224043905735,142235.359375,0.3399311900138855,0.013817468658089638,0.43073293566703796,0.0
4298.302021050311,-32.99421374005943,362.31861645993655,100.0,56,5600,False,6294400,62944,1124,ae3b9b3532214bc3bad13e7ea9518ddf,2020-03-21_00-31-54,1584750714,10.375338315963745,11614.154826879501,23993,eclipse,137.195.211.213,11614.154826879501,6294400,1124,28,2ed37c9e,0.31,0.0,1.0,11.308048228302532,0.9880398188727199,1.4798550901487104,6186496,6294400,3034.456,5.649,7278.713,17.763,2.278125047683716,4.999999873689376e-05,189236.9375,-0.031906675547361374,189236.953125,0.23923256993293762,0.01034674234688282,0.5775200724601746,0.0
4298.302021050311,-204.00408330615863,363.04615869348186,100.0,56,5600,False,6300000,63000,1125,ae3b9b3532214bc3bad13e7ea9518ddf,2020-03-21_00-32-04,1584750724,10.374036312103271,11624.528863191605,23993,eclipse,137.195.211.213,11624.528863191605,6300000,1125,28,2ed37c9e,0.36,0.0,1.0,11.308130567023367,0.9880319470397667,1.4798323987758806,6192000,6300000,3041.265,5.7,7271.206,18.391,2.278125047683716,4.999999873689376e-05,165693.71875,-0.03485003858804703,165693.75,0.31767338514328003,0.013746468350291252,0.8405473232269287,0.0
3761.1361239537437,-136.15017022425135,362.8817947809005,100.0,56,5600,False,6305600,63056,1126,ae3b9b3532214bc3bad13e7ea9518ddf,2020-03-21_00-32-15,1584750735,10.470374822616577,11634.999238014221,23993,eclipse,137.195.211.213,11634.999238014221,6305600,1126,28,2ed37c9e,0.29,0.0,1.0,11.308163222938674,0.9880305292891187,1.479819662296397,6197504,6305600,3035.294,5.659,7276.223,18.656,2.278125047683716,4.999999873689376e-05,171106.015625,-0.03535810112953186,171106.03125,0.2970242500305176,0.010935906320810318,1.0354241132736206,0.0
3761.1361239537437,-41.13802792154795,407.1092383936772,100.0,56,5600,False,6311200,63112,1127,ae3b9b3532214bc3bad13e7ea9518ddf,2020-03-21_00-32-25,1584750745,10.331113815307617,11645.330351829529,23993,eclipse,137.195.211.213,11645.330351829529,6311200,1127,28,2ed37c9e,0.32,0.0,1.0,11.308191528319462,0.9880303446374716,1.4798016126069384,6203008,6311200,3032.38,5.89,7264.405,18.094,2.278125047683716,4.999999873689376e-05,226882.796875,-0.028758537024259567,226882.765625,0.3371342420578003,0.015261678956449032,0.45146599411964417,0.0
3573.856236158303,-31.754732492137457,367.6069732621899,100.0,56,5600,False,6316800,63168,1128,ae3b9b3532214bc3bad13e7ea9518ddf,2020-03-21_00-32-35,1584750755,10.532651901245117,11655.863003730774,23993,eclipse,137.195.211.213,11655.863003730774,6316800,1128,28,2ed37c9e,0.29,0.0,1.0,11.308374176760845,0.9880337632169816,1.4797686316178513,6208512,6316800,3042.904,5.916,7259.578,18.688,2.278125047683716,4.999999873689376e-05,112151.21875,-0.030073409900069237,112151.21875,0.2743626832962036,0.01402338594198227,0.4770204424858093,0.0
2627.4888172735987,-38.34699144139835,339.6085221119987,100.0,56,5600,False,6322400,63224,1129,ae3b9b3532214bc3bad13e7ea9518ddf,2020-03-21_00-32-46,1584750766,10.447043657302856,11666.310047388077,23993,eclipse,137.195.211.213,11666.310047388077,6322400,1129,28,2ed37c9e,0.29,0.0,1.0,11.3086315823245,0.9880275618171143,1.4797401886957404,6214016,6322400,3037.916,6.345,7267.605,18.676,2.278125047683716,4.999999873689376e-05,140727.3125,-0.029319586232304573,140727.3125,0.2691919803619385,0.014528804458677769,0.47576358914375305,0.0
3033.088693314798,-400.07361256098056,346.6594970585074,100.0,56,5600,False,6328000,63280,1130,ae3b9b3532214bc3bad13e7ea9518ddf,2020-03-21_00-32-56,1584750776,10.438953876495361,11676.749001264572,23993,eclipse,137.195.211.213,11676.749001264572,6328000,1130,28,2ed37c9e,0.32,0.0,1.0,11.308788478608871,0.9880109042050058,1.479713471052388,6219520,6328000,3030.49,6.611,7269.086,18.631,2.278125047683716,4.999999873689376e-05,140733.03125,-0.03164262697100639,140733.015625,0.3024345934391022,0.01209324598312378,0.6722182631492615,0.0
3033.088693314798,-39.345445899796374,275.07810047529506,100.0,56,5600,False,6333600,63336,1131,ae3b9b3532214bc3bad13e7ea9518ddf,2020-03-21_00-33-07,1584750787,10.340394973754883,11687.089396238327,23993,eclipse,137.195.211.213,11687.089396238327,6333600,1131,28,2ed37c9e,0.32,0.0,1.0,11.30895822665218,0.988002831870506,1.479696252152465,6225024,6333600,3034.533,6.53,7264.71,18.171,2.278125047683716,4.999999873689376e-05,47118.69140625,-0.03131217882037163,47118.69921875,0.3186235725879669,0.011221661232411861,0.4372768700122833,0.0
2555.1390683721734,-36.58504270470188,311.5574828641934,100.0,56,5600,False,6339200,63392,1132,ae3b9b3532214bc3bad13e7ea9518ddf,2020-03-21_00-33-17,1584750797,10.281735181808472,11697.371131420135,23993,eclipse,137.195.211.213,11697.371131420135,6339200,1132,28,2ed37c9e,0.28,0.0,1.0,11.309327253360637,0.9880080639028955,1.4796934321624833,6230528,6339200,3068.73,6.616,7235.424,18.599,2.278125047683716,4.999999873689376e-05,139155.75,-0.03959568962454796,139155.75,0.2469131350517273,0.0133869843557477,0.19299043715000153,0.0
3670.0537620061596,-44.21510800910355,479.836342738787,100.0,56,5600,False,6344800,63448,1133,ae3b9b3532214bc3bad13e7ea9518ddf,2020-03-21_00-33-27,1584750807,10.1993408203125,11707.570472240448,23993,eclipse,137.195.211.213,11707.570472240448,6344800,1133,28,2ed37c9e,0.38,0.0,1.0,11.309808177231412,0.9880094039448852,1.47971831037213,6236032,6344800,3096.778,6.652,7194.494,19.317,2.278125047683716,4.999999873689376e-05,217867.34375,-0.03311787545681,217867.34375,0.3155331015586853,0.012839493341743946,0.5580533146858215,0.0
3670.0537620061596,-44.21510800910355,455.0780292043416,100.0,56,5600,False,6350400,63504,1134,ae3b9b3532214bc3bad13e7ea9518ddf,2020-03-21_00-33-38,1584750818,10.311739206314087,11717.882211446762,23993,eclipse,137.195.211.213,11717.882211446762,6350400,1134,28,2ed37c9e,0.39,0.0,1.0,11.310218035017822,0.988020710242384,1.4797522312189546,6241536,6350400,3131.973,6.74,7153.807,19.166,2.278125047683716,4.999999873689376e-05,156193.796875,-0.03197672218084335,156193.796875,0.27333447337150574,0.011257823556661606,0.3297067880630493,0.0
2653.1321825251252,-35.44650855429844,304.8953439732288,100.0,56,5600,False,6356000,63560,1135,ae3b9b3532214bc3bad13e7ea9518ddf,2020-03-21_00-33-48,1584750828,10.54608702659607,11728.428298473358,23993,eclipse,137.195.211.213,11728.428298473358,6356000,1135,28,2ed37c9e,0.31,0.0,1.0,11.31069112446314,0.9880339128919353,1.4798044434714865,6247040,6356000,3163.267,6.44,7139.421,18.407,2.278125047683716,4.999999873689376e-05,69371.234375,-0.03186657652258873,69371.2421875,0.3241121172904968,0.012067862786352634,0.675912618637085,0.0
4663.898964927877,-35.44650855429844,240.93071986829793,100.0,56,5600,False,6361600,63616,1136,ae3b9b3532214bc3bad13e7ea9518ddf,2020-03-21_00-33-59,1584750839,10.417057275772095,11738.84535574913,23993,eclipse,137.195.211.213,11738.84535574913,6361600,1136,28,2ed37c9e,0.24,0.0,1.0,11.311019260235268,0.9880521826393981,1.4798376015783368,6252544,6361600,3196.555,6.581,7099.064,18.404,2.278125047683716,4.999999873689376e-05,148746.640625,-0.03627791255712509,148746.65625,0.3464992940425873,0.01145865023136139,0.7888904213905334,0.0
4663.898964927877,-90.02363864093773,328.811140575089,100.0,56,5600,False,6367200,63672,1137,ae3b9b3532214bc3bad13e7ea9518ddf,2020-03-21_00-34-09,1584750849,10.39982271194458,11749.245178461075,23993,eclipse,137.195.211.213,11749.245178461075,6367200,1137,28,2ed37c9e,0.28,0.0,1.0,11.311267336134474,0.988063915314514,1.479865129812474,6258048,6367200,3199.354,6.427,7102.865,18.899,2.278125047683716,4.999999873689376e-05,124284.5,-0.03394559398293495,124284.5,0.3102303147315979,0.012769042514264584,0.8389616012573242,0.0
3870.3932874266334,-244.327761415012,336.50681323555256,100.0,56,5600,False,6372800,63728,1138,ae3b9b3532214bc3bad13e7ea9518ddf,2020-03-21_00-34-20,1584750860,10.552178144454956,11759.79735660553,23993,eclipse,137.195.211.213,11759.79735660553,6372800,1138,28,2ed37c9e,0.33,0.0,1.0,11.311502968840795,0.9880729200383419,1.4798881628606784,6263552,6372800,3194.66,6.483,7108.704,18.966,2.278125047683716,4.999999873689376e-05,120938.90625,-0.0378965362906456,120938.921875,0.31822657585144043,0.013475577346980572,0.7921085953712463,0.0
2983.5831705115716,-244.327761415012,313.83322808797243,100.0,56,5600,False,6378400,63784,1139,ae3b9b3532214bc3bad13e7ea9518ddf,2020-03-21_00-34-30,1584750870,10.376671552658081,11770.174028158188,23993,eclipse,137.195.211.213,11770.174028158188,6378400,1139,28,2ed37c9e,0.28,0.0,1.0,11.311641205162486,0.9880721882318386,1.4798758271510126,6269056,6378400,3190.021,6.56,7105.253,19.186,2.278125047683716,4.999999873689376e-05,107897.09375,-0.031675081700086594,107897.1015625,0.33880338072776794,0.01272683497518301,0.9112440347671509,0.0
3122.017419153443,-39.134624670319106,286.86089893354693,100.0,56,5600,False,6384000,63840,1140,ae3b9b3532214bc3bad13e7ea9518ddf,2020-03-21_00-34-41,1584750881,10.446606159210205,11780.620634317398,23993,eclipse,137.195.211.213,11780.620634317398,6384000,1140,28,2ed37c9e,0.28,0.0,1.0,11.31183295057585,0.9880699289070907,1.4798436989018506,6274560,6384000,3189.239,6.413,7109.071,19.016,2.278125047683716,4.999999873689376e-05,129405.6015625,-0.03921591863036156,129405.6171875,0.25770053267478943,0.012736955657601357,0.13860157132148743,0.0
3122.017419153443,-34.458210892215895,335.835354657889,100.0,56,5600,False,6389600,63896,1141,ae3b9b3532214bc3bad13e7ea9518ddf,2020-03-21_00-34-51,1584750891,10.382735252380371,11791.003369569778,23993,eclipse,137.195.211.213,11791.003369569778,6389600,1141,28,2ed37c9e,0.32,0.0,1.0,11.312076630163096,0.9880697749932519,1.479808715935915,6280064,6389600,3181.826,6.374,7121.166,18.43,2.278125047683716,4.999999873689376e-05,85376.359375,-0.03287413343787193,85376.359375,0.2556471824645996,0.01278347335755825,0.3317391276359558,0.0
3067.631408413726,-453.9940215646121,216.99831393018476,100.0,56,5600,False,6395200,63952,1142,ae3b9b3532214bc3bad13e7ea9518ddf,2020-03-21_00-35-02,1584750902,10.523850917816162,11801.527220487595,23993,eclipse,137.195.211.213,11801.527220487595,6395200,1142,28,2ed37c9e,0.26,0.0,1.0,11.31219574522406,0.9880617395640428,1.4797835202880674,6285568,6395200,3161.768,6.415,7162.485,18.559,2.278125047683716,4.999999873689376e-05,63926.6640625,-0.036772530525922775,63926.67578125,0.3712071478366852,0.010337878949940205,1.178991675376892,0.0
3330.888027278455,-453.9940215646121,332.8293771137221,100.0,56,5600,False,6400800,64008,1143,ae3b9b3532214bc3bad13e7ea9518ddf,2020-03-21_00-35-12,1584750912,10.34168553352356,11811.868906021118,23993,eclipse,137.195.211.213,11811.868906021118,6400800,1143,28,2ed37c9e,0.28,0.0,1.0,11.312233132713786,0.9880517686275574,1.4797675512648218,6291072,6400800,3136.576,6.397,7202.175,18.214,2.278125047683716,4.999999873689376e-05,181451.140625,-0.03573717176914215,181451.140625,0.30378371477127075,0.014410828240215778,0.4321250021457672,0.0
2774.124753306332,-602.2344863241103,327.3964410240122,100.0,56,5600,False,6406400,64064,1144,ae3b9b3532214bc3bad13e7ea9518ddf,2020-03-21_00-35-23,1584750923,10.394056558609009,11822.262962579727,23993,eclipse,137.195.211.213,11822.262962579727,6406400,1144,28,2ed37c9e,0.26,0.0,1.0,11.312325418796336,0.9880435603168307,1.4797454979095983,6296576,6406400,3106.196,6.282,7241.081,18.375,2.278125047683716,4.999999873689376e-05,89692.3984375,-0.04029935970902443,89692.40625,0.34807413816452026,0.013250181451439857,0.46098488569259644,0.0
3099.7669375086316,-602.2344863241103,249.99578167360124,100.0,56,5600,False,6412000,64120,1145,ae3b9b3532214bc3bad13e7ea9518ddf,2020-03-21_00-35-33,1584750933,10.451083898544312,11832.714046478271,23993,eclipse,137.195.211.213,11832.714046478271,6412000,1145,28,2ed37c9e,0.23,0.0,1.0,11.312469346795288,0.9880341000047365,1.479720803626822,6302080,6412000,3080.437,6.711,7256.618,19.459,2.278125047683716,4.999999873689376e-05,82328.890625,-0.03499371185898781,82328.8984375,0.2860926687717438,0.01267270464450121,0.586342453956604,0.0
3099.7669375086316,-53.571978176099954,222.83632836663904,100.0,56,5600,False,6417600,64176,1146,ae3b9b3532214bc3bad13e7ea9518ddf,2020-03-21_00-35-44,1584750944,10.456139326095581,11843.170185804367,23993,eclipse,137.195.211.213,11843.170185804367,6417600,1146,28,2ed37c9e,0.19,0.0,1.0,11.312562257466864,0.9880262445163089,1.4796948508417622,6307584,6417600,3049.907,6.564,7289.948,19.892,2.278125047683716,4.999999873689376e-05,72327.3125,-0.03634549677371979,72327.328125,0.3400278091430664,0.010324436239898205,0.8234690427780151,0.0
2985.2647014262297,-53.571978176099954,344.52147342217125,100.0,56,5600,False,6423200,64232,1147,ae3b9b3532214bc3bad13e7ea9518ddf,2020-03-21_00-35-54,1584750954,10.40844988822937,11853.578635692596,23993,eclipse,137.195.211.213,11853.578635692596,6423200,1147,28,2ed37c9e,0.25,0.0,1.0,11.312657523242576,0.9880198751077378,1.479671319758278,6313088,6423200,3042.151,6.534,7298.373,19.849,2.278125047683716,4.999999873689376e-05,214119.609375,-0.03032359480857849,214119.609375,0.3133728504180908,0.015783509239554405,0.6527290940284729,0.0
3322.800628131927,-37.44021092210119,467.2456922432035,100.0,56,5600,False,6428800,64288,1148,ae3b9b3532214bc3bad13e7ea9518ddf,2020-03-21_00-36-04,1584750964,10.385077238082886,11863.96371293068,23993,eclipse,137.195.211.213,11863.96371293068,6428800,1148,28,2ed37c9e,0.34,0.0,1.0,11.312862136673418,0.9880100699957072,1.479647289828454,6318592,6428800,3030.971,6.665,7292.052,20.051,2.278125047683716,4.999999873689376e-05,194459.53125,-0.028352582827210426,194459.53125,0.33995285630226135,0.017145009711384773,0.5058634281158447,0.0
4405.822006685405,-33.819698385483214,500.3014955612499,100.0,56,5600,False,6434400,64344,1149,ae3b9b3532214bc3bad13e7ea9518ddf,2020-03-21_00-36-15,1584750975,10.323870182037354,11874.287583112717,23993,eclipse,137.195.211.213,11874.287583112717,6434400,1149,28,2ed37c9e,0.38,0.0,1.0,11.313043447382752,0.9880060572623305,1.4796225476497102,6324096,6434400,3035.848,6.357,7284.203,19.747,2.278125047683716,4.999999873689376e-05,237694.484375,-0.0321621336042881,237694.484375,0.2910708487033844,0.013136512599885464,0.6566004753112793,0.0
4128.583599986345,-34.78599383837996,457.6072074417962,100.0,56,5600,False,6440000,64400,1150,ae3b9b3532214bc3bad13e7ea9518ddf,2020-03-21_00-36-25,1584750985,10.538549661636353,11884.826132774353,23993,eclipse,137.195.211.213,11884.826132774353,6440000,1150,28,2ed37c9e,0.41,0.0,1.0,11.313334899396896,0.9880141153548608,1.4795916987097906,6329600,6440000,3043.113,6.33,7283.459,19.591,2.278125047683716,4.999999873689376e-05,228113.34375,-0.03668589890003204,228113.328125,0.2547896206378937,0.013630575500428677,-0.025384051725268364,0.0
3848.003912788063,-37.66945682488248,429.61346582598395,100.0,56,5600,False,6445600,64456,1151,ae3b9b3532214bc3bad13e7ea9518ddf,2020-03-21_00-36-36,1584750996,10.371099948883057,11895.197232723236,23993,eclipse,137.195.211.213,11895.197232723236,6445600,1151,28,2ed37c9e,0.4,0.0,1.0,11.31351414216027,0.9880121451739771,1.4795639557773996,6335104,6445600,3039.632,6.325,7283.926,20.463,2.278125047683716,4.999999873689376e-05,158274.015625,-0.03695322573184967,158274.015625,0.34349411725997925,0.012084493413567543,1.1159247159957886,0.0
3098.5677847258403,-124.17182199525931,304.8320711202588,100.0,56,5600,False,6451200,64512,1152,ae3b9b3532214bc3bad13e7ea9518ddf,2020-03-21_00-36-46,1584751006,10.502536535263062,11905.6997692585,23993,eclipse,137.195.211.213,11905.6997692585,6451200,1152,28,2ed37c9e,0.31,0.0,1.0,11.313759246428399,0.9880078644924768,1.4795407888639374,6340608,6451200,3041.263,6.179,7281.362,20.37,2.278125047683716,4.999999873689376e-05,53893.33203125,-0.03030307963490486,53893.32421875,0.3413279354572296,0.014683066867291927,0.23136374354362488,0.0
2640.034140207641,-124.17182199525931,251.43587877399722,100.0,56,5600,False,6456800,64568,1153,ae3b9b3532214bc3bad13e7ea9518ddf,2020-03-21_00-36-57,1584751017,10.589852571487427,11916.289621829987,23993,eclipse,137.195.211.213,11916.289621829987,6456800,1153,28,2ed37c9e,0.28,0.0,1.0,11.314071801722985,0.9879975795278945,1.4795121664901987,6346112,6456800,3058.293,6.038,7289.678,20.156,2.278125047683716,4.999999873689376e-05,71313.3515625,-0.028272533789277077,71313.3515625,0.2919533848762512,0.0142475925385952,0.3847523629665375,0.0
3191.0804100298806,-105.68869221720789,269.47245785886076,100.0,56,5600,False,6462400,64624,1154,ae3b9b3532214bc3bad13e7ea9518ddf,2020-03-21_00-37-07,1584751027,10.308557033538818,11926.598178863525,23993,eclipse,137.195.211.213,11926.598178863525,6462400,1154,28,2ed37c9e,0.28,0.0,1.0,11.314132862415809,0.9879973304566502,1.479481099215157,6351616,6462400,3059.614,6.174,7279.747,19.991,2.278125047683716,4.999999873689376e-05,133620.8125,-0.03171341121196747,133620.8125,0.2689192295074463,0.014871598221361637,0.8234836459159851,0.0
3542.6003237047757,-434.4012948441397,320.5001963525315,100.0,56,5600,False,6468000,64680,1155,ae3b9b3532214bc3bad13e7ea9518ddf,2020-03-21_00-37-18,1584751038,10.499790668487549,11937.097969532013,23993,eclipse,137.195.211.213,11937.097969532013,6468000,1155,28,2ed37c9e,0.27,0.0,1.0,11.31416746668565,0.9879864811999391,1.47945151434179,6357120,6468000,3059.072,6.125,7286.789,19.228,2.278125047683716,4.999999873689376e-05,134917.796875,-0.038286179304122925,134917.8125,0.32046547532081604,0.011870223097503185,1.1125541925430298,0.0
3542.6003237047757,-556.3982164890482,241.85253343426436,100.0,56,5600,False,6473600,64736,1156,ae3b9b3532214bc3bad13e7ea9518ddf,2020-03-21_00-37-28,1584751048,10.475350141525269,11947.573319673538,23993,eclipse,137.195.211.213,11947.573319673538,6473600,1156,28,2ed37c9e,0.24,0.0,1.0,11.314242575229162,0.9879787878382911,1.4794277741182658,6362624,6473600,3056.586,6.294,7293.315,18.136,2.278125047683716,4.999999873689376e-05,84374.7421875,-0.027631383389234543,84374.734375,0.36607763171195984,0.015218199230730534,1.1124176979064941,0.0
3320.0593349305154,-556.3982164890482,259.6288860753764,100.0,56,5600,False,6479200,64792,1157,ae3b9b3532214bc3bad13e7ea9518ddf,2020-03-21_00-37-39,1584751059,10.407801866531372,11957.98112154007,23993,eclipse,137.195.211.213,11957.98112154007,6479200,1157,28,2ed37c9e,0.25,0.0,1.0,11.314391061682851,0.9879734778228827,1.4794149036223507,6368128,6479200,3058.934,6.036,7290.946,18.349,2.278125047683716,4.999999873689376e-05,129275.53125,-0.03191890940070152,129275.53125,0.35834047198295593,0.013739208690822124,0.5354412198066711,0.0
3320.0593349305154,-482.0325303887036,351.190185767002,100.0,56,5600,False,6484800,64848,1158,ae3b9b3532214bc3bad13e7ea9518ddf,2020-03-21_00-37-49,1584751069,10.447505474090576,11968.42862701416,23993,eclipse,137.195.211.213,11968.42862701416,6484800,1158,28,2ed37c9e,0.33,0.0,1.0,11.314672284641583,0.9879675921801366,1.47938773816466,6373632,6484800,3064.527,5.845,7292.73,17.944,2.278125047683716,4.999999873689376e-05,127194.640625,-0.03150440752506256,127194.6484375,0.327997624874115,0.01387724932283163,0.3228791356086731,0.0
2883.3111050523144,-56.937206738412506,353.3924718860999,100.0,56,5600,False,6490400,64904,1159,ae3b9b3532214bc3bad13e7ea9518ddf,2020-03-21_00-38-00,1584751080,10.380819320678711,11978.809446334839,23993,eclipse,137.195.211.213,11978.809446334839,6490400,1159,28,2ed37c9e,0.33,0.0,1.0,11.314863204830544,0.9879673737895367,1.4793563960229517,6379136,6490400,3063.715,5.953,7295.792,18.047,2.278125047683716,4.999999873689376e-05,135793.859375,-0.0347289964556694,135793.890625,0.3187819719314575,0.017010608687996864,0.8490492105484009,0.0
2872.7556820663112,-123.2518391931123,310.1616102830814,100.0,56,5600,False,6496000,64960,1160,ae3b9b3532214bc3bad13e7ea9518ddf,2020-03-21_00-38-10,1584751090,10.136743545532227,11988.946189880371,23993,eclipse,137.195.211.213,11988.946189880371,6496000,1160,28,2ed37c9e,0.38,0.0,1.0,11.3150654119134,0.9879610807220849,1.4793325742436843,6384640,6496000,3059.158,6.046,7261.552,17.565,2.278125047683716,4.999999873689376e-05,70650.78125,-0.029595989733934402,70650.78125,0.30903008580207825,0.012668147683143616,0.3838467597961426,0.0
2195.437115702855,-123.2518391931123,266.6346278187324,100.0,56,5600,False,6501600,65016,1161,ae3b9b3532214bc3bad13e7ea9518ddf,2020-03-21_00-38-20,1584751100,10.18320894241333,11999.129398822784,23993,eclipse,137.195.211.213,11999.129398822784,6501600,1161,28,2ed37c9e,0.35,0.0,1.0,11.315350095771883,0.987962763722615,1.479336637215165,6390144,6501600,3082.724,6.089,7221.91,16.727,2.278125047683716,4.999999873689376e-05,74375.171875,-0.03795252740383148,74375.1953125,0.3157048225402832,0.012617736123502254,0.4981333613395691,0.0
2756.080518929782,-35.46837659683881,274.2869953043628,100.0,56,5600,False,6507200,65072,1162,ae3b9b3532214bc3bad13e7ea9518ddf,2020-03-21_00-38-30,1584751110,10.209626913070679,12009.339025735855,23993,eclipse,137.195.211.213,12009.339025735855,6507200,1162,28,2ed37c9e,0.3,0.0,1.0,11.315649808356655,0.9879752994106287,1.4793606116967526,6395648,6507200,3089.722,6.044,7186.956,15.838,2.278125047683716,4.999999873689376e-05,109090.734375,-0.03439459949731827,109090.7421875,0.34381431341171265,0.011338247917592525,0.546486496925354,0.0
4519.897417015115,-34.44345793614812,401.55049430080066,100.0,56,5600,False,6512800,65128,1163,ae3b9b3532214bc3bad13e7ea9518ddf,2020-03-21_00-38-41,1584751121,10.355271816253662,12019.694297552109,23993,eclipse,137.195.211.213,12019.694297552109,6512800,1163,28,2ed37c9e,0.36,0.0,1.0,11.316040989529606,0.9879899529968026,1.4793928367016034,6401152,6512800,3108.544,6.266,7143.589,16.312,2.278125047683716,4.999999873689376e-05,216940.625,-0.03757695108652115,216940.625,0.2341594249010086,0.011948063969612122,0.3452773094177246,0.0
4752.062380760921,-36.71447579069369,354.6659874973441,100.0,56,5600,False,6518400,65184,1164,ae3b9b3532214bc3bad13e7ea9518ddf,2020-03-21_00-38-51,1584751131,10.55099105834961,12030.245288610458,23993,eclipse,137.195.211.213,12030.245288610458,6518400,1164,28,2ed37c9e,0.33,0.0,1.0,11.316667930365291,0.9880204932974571,1.4794620759558126,6406656,6518400,3147.54,6.362,7127.999,16.331,2.278125047683716,4.999999873689376e-05,198236.046875,-0.03701759874820709,198236.046875,0.24266348779201508,0.013808295130729675,0.5129151344299316,0.0
3761.2313969056995,-126.37713913202299,228.0425096874847,100.0,56,5600,False,6524000,65240,1165,ae3b9b3532214bc3bad13e7ea9518ddf,2020-03-21_00-39-02,1584751142,10.403489351272583,12040.648777961731,23993,eclipse,137.195.211.213,12040.648777961731,6524000,1165,28,2ed37c9e,0.21,0.0,1.0,11.317219987316749,0.9880541248686313,1.479542660689107,6412160,6524000,3182.968,6.381,7082.261,16.505,2.278125047683716,4.999999873689376e-05,85593.8515625,-0.03263236582279205,85593.8515625,0.2791082561016083,0.01327697467058897,0.8027355074882507,0.0
4313.97816234054,-126.37713913202299,295.5090104751725,100.0,56,5600,False,6529600,65296,1166,ae3b9b3532214bc3bad13e7ea9518ddf,2020-03-21_00-39-13,1584751153,10.726841926574707,12051.375619888306,23993,eclipse,137.195.211.213,12051.375619888306,6529600,1166,28,2ed37c9e,0.25,0.0,1.0,11.317669058708667,0.9880789581207828,1.4795808677570517,6417664,6529600,3208.966,6.381,7080.88,17.598,2.278125047683716,4.999999873689376e-05,191971.609375,-0.029034608975052834,191971.609375,0.25680553913116455,0.015340101905167103,0.29072749614715576,0.0
4313.97816234054,-38.504771470100856,405.64790846591563,100.0,56,5600,False,6535200,65352,1167,ae3b9b3532214bc3bad13e7ea9518ddf,2020-03-21_00-39-23,1584751163,10.40086841583252,12061.776488304138,23993,eclipse,137.195.211.213,12061.776488304138,6535200,1167,28,2ed37c9e,0.33,0.0,1.0,11.318007798073578,0.9880819128088213,1.479584493628103,6423168,6535200,3208.09,6.636,7082.661,16.904,2.278125047683716,4.999999873689376e-05,200128.71875,-0.033407293260097504,200128.71875,0.3043674826622009,0.011162864975631237,0.33709442615509033,0.0
3909.706164575663,-35.17355858458364,443.5060457644764,100.0,56,5600,False,6540800,65408,1168,ae3b9b3532214bc3bad13e7ea9518ddf,2020-03-21_00-39-34,1584751174,10.376821279525757,12072.153309583664,23993,eclipse,137.195.211.213,12072.153309583664,6540800,1168,28,2ed37c9e,0.35,0.0,1.0,11.318047463122852,0.9880778873098257,1.4795635204793869,6428672,6540800,3200.589,6.735,7083.814,16.607,2.278125047683716,4.999999873689376e-05,187491.265625,-0.027927637100219727,187491.265625,0.33480700850486755,0.01302922423928976,1.0155082941055298,0.0
3909.706164575663,-50.918929722994775,389.6268888476559,100.0,56,5600,False,6546400,65464,1169,ae3b9b3532214bc3bad13e7ea9518ddf,2020-03-21_00-39-44,1584751184,10.377761125564575,12082.531070709229,23993,eclipse,137.195.211.213,12082.531070709229,6546400,1169,28,2ed37c9e,0.3,0.0,1.0,11.318095756096204,0.9880673796895205,1.4795476522148778,6434176,6546400,3198.36,6.89,7086.593,16.903,2.278125047683716,4.999999873689376e-05,158915.84375,-0.03603830933570862,158915.859375,0.34290412068367004,0.011004086583852768,0.5685481429100037,0.0
3109.4167887434432,-209.47253208055244,266.21521811499804,100.0,56,5600,False,6552000,65520,1170,ae3b9b3532214bc3bad13e7ea9518ddf,2020-03-21_00-39-54,1584751194,10.504079818725586,12093.035150527954,23993,eclipse,137.195.211.213,12093.035150527954,6552000,1170,28,2ed37c9e,0.24,0.0,1.0,11.318184471608854,0.9880596254906666,1.4795274169917096,6439680,6552000,3206.382,6.51,7115.678,17.773,2.278125047683716,4.999999873689376e-05,99879.1875,-0.026876099407672882,99879.1875,0.3201748728752136,0.01407162006944418,1.0608851909637451,0.0
3327.8542631246514,-209.47253208055244,318.68081338709345,100.0,56,5600,False,6557600,65576,1171,ae3b9b3532214bc3bad13e7ea9518ddf,2020-03-21_00-40-05,1584751205,10.376564264297485,12103.411714792252,23993,eclipse,137.195.211.213,12103.411714792252,6557600,1171,28,2ed37c9e,0.25,0.0,1.0,11.318336951564836,0.988054836884303,1.4795105749172242,6445184,6557600,3188.039,6.383,7150.645,18.53,2.278125047683716,4.999999873689376e-05,159496.875,-0.035582784563302994,159496.875,0.31732097268104553,0.013916040770709515,0.6922875046730042,0.0
3327.8542631246514,-38.64772644283006,406.26490581334093,100.0,56,5600,False,6563200,65632,1172,ae3b9b3532214bc3bad13e7ea9518ddf,2020-03-21_00-40-15,1584751215,10.330706596374512,12113.742421388626,23993,eclipse,137.195.211.213,12113.742421388626,6563200,1172,28,2ed37c9e,0.34,0.0,1.0,11.318457431938418,0.9880381341981602,1.4794888471997085,6450688,6563200,3172.121,6.58,7178.583,19.595,2.278125047683716,4.999999873689376e-05,128367.78125,-0.031584955751895905,128367.78125,0.3352435231208801,0.013260798528790474,0.6174641251564026,0.0
3879.6945548180993,-54.16330852712887,415.1285693367232,100.0,56,5600,False,6568800,65688,1173,ae3b9b3532214bc3bad13e7ea9518ddf,2020-03-21_00-40-26,1584751226,10.52541446685791,12124.267835855484,23993,eclipse,137.195.211.213,12124.267835855484,6568800,1173,28,2ed37c9e,0.32,0.0,1.0,11.318640091071124,0.9880219944055352,1.479453115353202,6456192,6568800,3148.089,6.615,7221.549,18.61,2.278125047683716,4.999999873689376e-05,176148.75,-0.028937922790646553,176148.75,0.33619967103004456,0.015135249122977257,0.2751498222351074,0.0
2900.1591325090876,-54.16330852712887,245.57815297116053,100.0,56,5600,False,6574400,65744,1174,ae3b9b3532214bc3bad13e7ea9518ddf,2020-03-21_00-40-36,1584751236,10.36323857307434,12134.631074428558,23993,eclipse,137.195.211.213,12134.631074428558,6574400,1174,28,2ed37c9e,0.24,0.0,1.0,11.318741608477481,0.9880135425741137,1.4794217939282401,6461696,6574400,3110.373,6.448,7241.242,18.237,2.278125047683716,4.999999873689376e-05,74295.828125,-0.019720854237675667,74295.8203125,0.3906356990337372,0.014689991250634193,1.094406247138977,0.0
2964.7662095777264,-541.1882428506552,295.858664916244,100.0,56,5600,False,6580000,65800,1175,ae3b9b3532214bc3bad13e7ea9518ddf,2020-03-21_00-40-47,1584751247,10.467219352722168,12145.09829378128,23993,eclipse,137.195.211.213,12145.09829378128,6580000,1175,28,2ed37c9e,0.26,0.0,1.0,11.318850244651143,0.98801458415486,1.4793937104813937,6467200,6580000,3071.954,6.324,7285.709,18.478,2.278125047683716,4.999999873689376e-05,161395.109375,-0.0408373586833477,161395.109375,0.3089783787727356,0.013834117911756039,0.22577208280563354,0.0
3864.788969094454,-82.45597208176922,427.2151501826765,100.0,56,5600,False,6585600,65856,1176,ae3b9b3532214bc3bad13e7ea9518ddf,2020-03-21_00-40-57,1584751257,10.614118814468384,12155.712412595749,23993,eclipse,137.195.211.213,12155.712412595749,6585600,1176,28,2ed37c9e,0.37,0.0,1.0,11.319144746885682,0.9880092437130976,1.4793691571267653,6472704,6585600,3057.384,6.262,7287.884,18.281,2.278125047683716,4.999999873689376e-05,221320.4375,-0.03945855423808098,221320.4375,0.2674928605556488,0.012273749336600304,0.1990668922662735,0.0
3768.1533407664274,-490.02982690117767,282.19466670142793,100.0,56,5600,False,6591200,65912,1177,ae3b9b3532214bc3bad13e7ea9518ddf,2020-03-21_00-41-08,1584751268,10.367368698120117,12166.079781293869,23993,eclipse,137.195.211.213,12166.079781293869,6591200,1177,28,2ed37c9e,0.3,0.0,1.0,11.31940260539824,0.9879992519709281,1.4793406201748138,6478208,6591200,3060.855,6.275,7281.354,18.177,2.278125047683716,4.999999873689376e-05,62358.65625,-0.03579168766736984,62358.6640625,0.34966376423835754,0.012646619230508804,0.8375394344329834,0.0
4655.14313199038,-490.02982690117767,285.6760495740902,100.0,56,5600,False,6596800,65968,1178,ae3b9b3532214bc3bad13e7ea9518ddf,2020-03-21_00-41-18,1584751278,10.461230516433716,12176.541011810303,23993,eclipse,137.195.211.213,12176.541011810303,6596800,1178,28,2ed37c9e,0.3,0.0,1.0,11.319475368320816,0.9879950902309135,1.4793014591432612,6483712,6596800,3068.923,5.971,7279.71,19.601,2.278125047683716,4.999999873689376e-05,143627.625,-0.03848036378622055,143627.625,0.32286083698272705,0.012065092101693153,0.8650544881820679,0.0
4655.14313199038,-35.06964242182024,327.76205934203443,100.0,56,5600,False,6602400,66024,1179,ae3b9b3532214bc3bad13e7ea9518ddf,2020-03-21_00-41-29,1584751289,10.230108499526978,12186.77112030983,23993,eclipse,137.195.211.213,12186.77112030983,6602400,1179,28,2ed37c9e,0.31,0.0,1.0,11.319482356292559,0.9879867357465082,1.479277388445087,6489216,6602400,3063.928,5.757,7271.457,18.892,2.278125047683716,4.999999873689376e-05,157621.125,-0.03844894468784332,157621.140625,0.3343987464904785,0.01307058334350586,0.8286424875259399,0.0
3115.146575202007,-38.70121958718459,309.3757722301115,100.0,56,5600,False,6608000,66080,1180,ae3b9b3532214bc3bad13e7ea9518ddf,2020-03-21_00-41-39,1584751299,10.369773626327515,12197.140893936157,23993,eclipse,137.195.211.213,12197.140893936157,6608000,1180,28,2ed37c9e,0.31,0.0,1.0,11.319473629916367,0.9879832802993522,1.479253907615502,6494720,6608000,3053.177,6.351,7268.638,19.055,2.278125047683716,4.999999873689376e-05,73175.3515625,-0.02989444136619568,73175.3515625,0.32549330592155457,0.012796972878277302,1.1072263717651367,0.0
4316.835931509234,-242.6489348570665,359.67830714894023,100.0,56,5600,False,6613600,66136,1181,ae3b9b3532214bc3bad13e7ea9518ddf,2020-03-21_00-41-50,1584751310,10.402727127075195,12207.543621063232,23993,eclipse,137.195.211.213,12207.543621063232,6613600,1181,28,2ed37c9e,0.29,0.0,1.0,11.319510405304632,0.9879814476228084,1.4792284761659353,6500224,6613600,3053.112,6.332,7271.489,19.076,2.278125047683716,4.999999873689376e-05,287764.84375,-0.0325024388730526,287764.8125,0.33351173996925354,0.013571193441748619,0.8188560009002686,0.0
4316.835931509234,-172.87497112459016,384.6955633017463,100.0,56,5600,False,6619200,66192,1182,ae3b9b3532214bc3bad13e7ea9518ddf,2020-03-21_00-42-00,1584751320,10.347168922424316,12217.890789985657,23993,eclipse,137.195.211.213,12217.890789985657,6619200,1182,28,2ed37c9e,0.32,0.0,1.0,11.31956176637638,0.987983069649927,1.4792106457578384,6505728,6619200,3057.558,6.188,7267.301,18.766,2.278125047683716,4.999999873689376e-05,93718.171875,-0.027777908369898796,93718.1796875,0.2892816662788391,0.013313310220837593,0.8839011788368225,0.0
3331.4218441238936,-40.17881952529656,312.60310240512047,100.0,56,5600,False,6624800,66248,1183,ae3b9b3532214bc3bad13e7ea9518ddf,2020-03-21_00-42-10,1584751330,10.423675775527954,12228.314465761185,23993,eclipse,137.195.211.213,12228.314465761185,6624800,1183,28,2ed37c9e,0.33,0.0,1.0,11.319800352084615,0.9879859313229958,1.479190485445513,6511232,6624800,3052.836,6.021,7261.267,19.08,2.278125047683716,4.999999873689376e-05,164532.65625,-0.03241388127207756,164532.65625,0.2936581075191498,0.011196649633347988,-0.053193945437669754,0.0
3658.1937680429023,-37.52899641160336,431.17312568577455,100.0,56,5600,False,6630400,66304,1184,ae3b9b3532214bc3bad13e7ea9518ddf,2020-03-21_00-42-21,1584751341,10.513061285018921,12238.827527046204,23993,eclipse,137.195.211.213,12238.827527046204,6630400,1184,28,2ed37c9e,0.35,0.0,1.0,11.320007694904684,0.9879882372152988,1.479164731903041,6516736,6630400,3057.018,5.97,7271.173,19.699,2.278125047683716,4.999999873689376e-05,190415.921875,-0.027180474251508713,190415.90625,0.3396739363670349,0.01347036100924015,0.9022396802902222,0.0
3658.1937680429023,-41.186865885572416,386.94438060234444,100.0,56,5600,False,6636000,66360,1185,ae3b9b3532214bc3bad13e7ea9518ddf,2020-03-21_00-42-31,1584751351,10.453283309936523,12249.28081035614,23993,eclipse,137.195.211.213,12249.28081035614,6636000,1185,28,2ed37c9e,0.35,0.0,1.0,11.32020285726044,0.9879877087393973,1.47913857296932,6522240,6636000,3058.146,6.009,7269.088,19.034,2.278125047683716,4.999999873689376e-05,151329.5625,-0.025947969406843185,151329.578125,0.28990113735198975,0.014635386876761913,0.4947287440299988,0.0
4002.6097925742783,-574.5338813331646,349.0597009859952,100.0,56,5600,False,6641600,66416,1186,ae3b9b3532214bc3bad13e7ea9518ddf,2020-03-21_00-42-42,1584751362,10.25734567642212,12259.538156032562,23993,eclipse,137.195.211.213,12259.538156032562,6641600,1186,28,2ed37c9e,0.28,0.0,1.0,11.320156570559396,0.9879899822820536,1.479112445930603,6527744,6641600,3033.065,5.715,7260.217,18.739,2.278125047683716,4.999999873689376e-05,171285.3125,-0.03514476493000984,171285.328125,0.29742416739463806,0.010620109736919403,1.5877373218536377,0.0
4002.6097925742783,-574.5338813331646,332.955579519743,100.0,56,5600,False,6647200,66472,1187,ae3b9b3532214bc3bad13e7ea9518ddf,2020-03-21_00-42-52,1584751372,10.403111457824707,12269.941267490387,23993,eclipse,137.195.211.213,12269.941267490387,6647200,1187,28,2ed37c9e,0.29,0.0,1.0,11.320162479276549,0.9879772607566281,1.4790870185951732,6533248,6647200,3023.613,5.718,7269.805,18.975,2.278125047683716,4.999999873689376e-05,75737.5625,-0.028284521773457527,75737.5703125,0.420331746339798,0.01419797446578741,0.7936426997184753,0.0
3525.026144494785,-34.778614356499745,421.3273023640008,100.0,56,5600,False,6652800,66528,1188,ae3b9b3532214bc3bad13e7ea9518ddf,2020-03-21_00-43-03,1584751383,10.366001844406128,12280.307269334793,23993,eclipse,137.195.211.213,12280.307269334793,6652800,1188,28,2ed37c9e,0.35,0.0,1.0,11.320286497644116,0.9879758347944176,1.4790643722337864,6538752,6652800,3015.651,6.061,7269.388,18.429,2.278125047683716,4.999999873689376e-05,247944.5625,-0.03779203072190285,247944.578125,0.3150539696216583,0.013798576779663563,0.4289604127407074,0.0
3525.026144494785,-376.2582616025832,354.07517651330915,100.0,56,5600,False,6658400,66584,1189,ae3b9b3532214bc3bad13e7ea9518ddf,2020-03-21_00-43-12,1584751392,9.891299724578857,12290.198569059372,23993,eclipse,137.195.211.213,12290.198569059372,6658400,1189,28,2ed37c9e,0.29,0.0,1.0,11.320435858855836,0.9879838368807902,1.4790493473955593,6544256,6658400,3021.569,6.185,7227.927,19.531,2.278125047683716,4.999999873689376e-05,90134.796875,-0.034952279180288315,90134.8046875,0.2651226222515106,0.012329271994531155,0.7867084741592407,0.0
3935.5288109445346,-667.0199010115962,270.4096102039133,100.0,56,5600,False,6664000,66640,1190,ae3b9b3532214bc3bad13e7ea9518ddf,2020-03-21_00-43-22,1584751402,9.965668678283691,12300.164237737656,23993,eclipse,137.195.211.213,12300.164237737656,6664000,1190,28,2ed37c9e,0.23,0.0,1.0,11.320626356392204,0.987999672602664,1.4790566134393588,6549760,6664000,3023.821,5.846,7186.428,18.949,2.278125047683716,4.999999873689376e-05,107565.3046875,-0.034409843385219574,107565.3125,0.3270202577114105,0.012439143843948841,0.8558095097541809,0.0
3935.5288109445346,-667.0199010115962,372.8196733305393,100.0,56,5600,False,6669600,66696,1191,ae3b9b3532214bc3bad13e7ea9518ddf,2020-03-21_00-43-33,1584751413,10.16552448272705,12310.329762220383,23993,eclipse,137.195.211.213,12310.329762220383,6669600,1191,28,2ed37c9e,0.31,0.0,1.0,11.321001519004618,0.9880282232246224,1.4791172473030507,6555264,6669600,3048.052,5.853,7139.252,18.664,2.278125047683716,4.999999873689376e-05,221043.9375,-0.03604402765631676,221043.953125,0.3154313266277313,0.011439278721809387,0.6729454398155212,0.0
3543.7467732476916,-568.8813858557315,424.51600607888895,100.0,56,5600,False,6675200,66752,1192,ae3b9b3532214bc3bad13e7ea9518ddf,2020-03-21_00-43-43,1584751423,10.474865198135376,12320.804627418518,23993,eclipse,137.195.211.213,12320.804627418518,6675200,1192,28,2ed37c9e,0.34,0.0,1.0,11.321810394225858,0.9880505002675278,1.4792610920741809,6560768,6675200,3086.041,5.911,7115.021,18.359,2.278125047683716,4.999999873689376e-05,159754.78125,-0.03721081465482712,159754.796875,0.26438847184181213,0.013691604137420654,0.38406652212142944,0.0
3427.486355319102,-87.05568121278584,322.1761786871044,100.0,56,5600,False,6680800,66808,1193,ae3b9b3532214bc3bad13e7ea9518ddf,2020-03-21_00-43-54,1584751434,10.719102382659912,12331.523729801178,23993,eclipse,137.195.211.213,12331.523729801178,6680800,1193,28,2ed37c9e,0.28,0.0,1.0,11.322978727593496,0.9880923303063082,1.4795118455855356,6566272,6680800,3156.743,5.847,7074.037,18.249,2.278125047683716,4.999999873689376e-05,99775.1015625,-0.038469620048999786,99775.125,0.3562972843647003,0.01177076157182455,1.0900611877441406,0.0
3049.163664487766,-87.05568121278584,338.34092240651296,100.0,56,5600,False,6686400,66864,1194,ae3b9b3532214bc3bad13e7ea9518ddf,2020-03-21_00-44-04,1584751444,10.279685020446777,12341.803414821625,23993,eclipse,137.195.211.213,12341.803414821625,6686400,1194,28,2ed37c9e,0.31,0.0,1.0,11.323710711854392,0.9881338559420434,1.4796578503022126,6571776,6686400,3176.784,6.012,7031.679,18.774,2.278125047683716,4.999999873689376e-05,159602.375,-0.03773685544729233,159602.390625,0.352328360080719,0.012944831512868404,0.7768070101737976,0.0
3049.163664487766,-114.79633344646503,337.24508375810035,100.0,56,5600,False,6692000,66920,1195,ae3b9b3532214bc3bad13e7ea9518ddf,2020-03-21_00-44-15,1584751455,10.679966449737549,12352.483381271362,23993,eclipse,137.195.211.213,12352.483381271362,6692000,1195,28,2ed37c9e,0.31,0.0,1.0,11.324239463903814,0.9881817617842024,1.479734226505003,6577280,6692000,3196.405,6.148,7034.545,18.409,2.278125047683716,4.999999873689376e-05,59717.515625,-0.03211522474884987,59717.5234375,0.3683381974697113,0.01059120986610651,0.7136508822441101,0.0
2744.6768220516497,-207.32138379887124,222.74403314021066,100.0,56,5600,False,6697600,66976,1196,ae3b9b3532214bc3bad13e7ea9518ddf,2020-03-21_00-44-25,1584751465,10.390395641326904,12362.87377691269,23993,eclipse,137.195.211.213,12362.87377691269,6697600,1196,28,2ed37c9e,0.23,0.0,1.0,11.324493776755709,0.9882106645430707,1.4797747846475946,6582784,6697600,3209.518,6.351,7035.674,18.164,2.278125047683716,4.999999873689376e-05,95555.3046875,-0.03384548798203468,95555.3046875,0.2801967263221741,0.013557877391576767,0.9886263608932495,0.0
2872.0953816426904,-437.0202967910657,292.14918451284376,100.0,56,5600,False,6703200,67032,1197,ae3b9b3532214bc3bad13e7ea9518ddf,2020-03-21_00-44-36,1584751476,10.430538415908813,12373.304315328598,23993,eclipse,137.195.211.213,12373.304315328598,6703200,1197,28,2ed37c9e,0.29,0.0,1.0,11.324570080335802,0.98819637802152,1.4797629547781739,6588288,6703200,3223.043,6.284,7027.557,17.692,2.278125047683716,4.999999873689376e-05,126184.5546875,-0.03223259374499321,126184.5546875,0.3396354019641876,0.016275405883789062,0.7177152633666992,0.0
3575.152413624606,-437.0202967910657,375.52112527004016,100.0,56,5600,False,6708800,67088,1198,ae3b9b3532214bc3bad13e7ea9518ddf,2020-03-21_00-44-46,1584751486,10.395472049713135,12383.699787378311,23993,eclipse,137.195.211.213,12383.699787378311,6708800,1198,28,2ed37c9e,0.35,0.0,1.0,11.324700844708405,0.988191394695822,1.4797864178266193,6593792,6708800,3237.268,6.328,7016.83,17.668,2.278125047683716,4.999999873689376e-05,165331.203125,-0.037446167320013046,165331.203125,0.324552059173584,0.01070872601121664,0.8919411301612854,0.0
3575.152413624606,-476.5720429587198,286.0608495697867,100.0,56,5600,False,6714400,67144,1199,ae3b9b3532214bc3bad13e7ea9518ddf,2020-03-21_00-44-57,1584751497,10.3459153175354,12394.045702695847,23993,eclipse,137.195.211.213,12394.045702695847,6714400,1199,28,2ed37c9e,0.29,0.0,1.0,11.324995217698183,0.9881960248509063,1.479809207406846,6599296,6714400,3247.143,6.294,7053.519,17.155,2.278125047683716,4.999999873689376e-05,54137.453125,-0.03214574232697487,54137.4609375,0.32977062463760376,0.01212258916348219,0.6356616020202637,0.0
2840.754261518895,-496.77087252843654,177.5590298887534,100.0,56,5600,False,6720000,67200,1200,ae3b9b3532214bc3bad13e7ea9518ddf,2020-03-21_00-45-07,1584751507,10.352447986602783,12404.39815068245,23993,eclipse,137.195.211.213,12404.39815068245,6720000,1200,28,2ed37c9e,0.17,0.0,1.0,11.325121527009872,0.9881996300252456,1.4798171660406794,6604800,6720000,3245.399,6.471,7093.948,17.265,2.278125047683716,4.999999873689376e-05,79024.0859375,-0.029930610209703445,79024.09375,0.393665611743927,0.011007237248122692,1.351219654083252,0.0
3526.0841309487128,-36.238324997012946,280.9305413163687,100.0,56,5600,False,6725600,67256,1201,ae3b9b3532214bc3bad13e7ea9518ddf,2020-03-21_00-45-17,1584751517,10.25797176361084,12414.65612244606,23993,eclipse,137.195.211.213,12414.65612244606,6725600,1201,28,2ed37c9e,0.22,0.0,1.0,11.325137557132736,0.9882040006218148,1.479825077454858,6610304,6725600,3228.415,6.459,7120.287,17.191,2.278125047683716,4.999999873689376e-05,127983.2109375,-0.033644940704107285,127983.2109375,0.34013620018959045,0.014189635403454304,0.972356379032135,0.0
3526.0841309487128,-41.40223592194954,316.7310116159058,100.0,56,5600,False,6731200,67312,1202,ae3b9b3532214bc3bad13e7ea9518ddf,2020-03-21_00-45-28,1584751528,10.321479320526123,12424.977601766586,23993,eclipse,137.195.211.213,12424.977601766586,6731200,1202,28,2ed37c9e,0.22,0.0,1.0,11.3252756884916,0.9882062511265741,1.4798232376566613,6615808,6731200,3186.069,6.227,7147.685,16.76,2.278125047683716,4.999999873689376e-05,150490.3125,-0.03846130892634392,150490.328125,0.32131946086883545,0.012395115569233894,0.1688520908355713,0.0
3213.126614131986,-37.062952759741634,317.53685227095195,100.0,56,5600,False,6736800,67368,1203,ae3b9b3532214bc3bad13e7ea9518ddf,2020-03-21_00-45-38,1584751538,10.576400756835938,12435.554002523422,23993,eclipse,137.195.211.213,12435.554002523422,6736800,1203,28,2ed37c9e,0.25,0.0,1.0,11.3254946049979,0.9881984468497523,1.4798172179070774,6621312,6736800,3125.382,6.327,7193.009,16.691,2.278125047683716,4.999999873689376e-05,122067.5,-0.031124334782361984,122067.5078125,0.3669109344482422,0.012986901216208935,0.6364025473594666,0.0
3370.4967238586532,-587.1565067342096,341.04727274665225,100.0,56,5600,False,6742400,67424,1204,ae3b9b3532214bc3bad13e7ea9518ddf,2020-03-21_00-45-49,1584751549,10.344902276992798,12445.898904800415,23993,eclipse,137.195.211.213,12445.898904800415,6742400,1204,28,2ed37c9e,0.32,0.0,1.0,11.32577366948054,0.98818714801997,1.4798116313952594,6626816,6742400,3106.2,6.09,7217.077,16.634,2.278125047683716,4.999999873689376e-05,136005.125,-0.03217844292521477,136005.140625,0.32169389724731445,0.012435397133231163,0.39500126242637634,0.0
3370.4967238586532,-587.1565067342096,278.51177583431945,100.0,56,5600,False,6748000,67480,1205,ae3b9b3532214bc3bad13e7ea9518ddf,2020-03-21_00-45-59,1584751559,10.260755062103271,12456.159659862518,23993,eclipse,137.195.211.213,12456.159659862518,6748000,1205,28,2ed37c9e,0.31,0.0,1.0,11.325967758116233,0.9881853796360203,1.479815008129708,6632320,6748000,3078.67,5.693,7202.939,17.516,2.278125047683716,4.999999873689376e-05,95204.8046875,-0.03699848800897598,95204.8046875,0.2961812913417816,0.012417558580636978,0.7755096554756165,0.0
2462.3730283429986,-575.3653312111555,206.3719682624678,100.0,56,5600,False,6753600,67536,1206,ae3b9b3532214bc3bad13e7ea9518ddf,2020-03-21_00-46-10,1584751570,10.428319454193115,12466.587979316711,23993,eclipse,137.195.211.213,12466.587979316711,6753600,1206,28,2ed37c9e,0.23,0.0,1.0,11.326189049466597,0.9881861702818907,1.479826518447436,6637824,6753600,3081.482,5.407,7203.931,17.879,2.278125047683716,4.999999873689376e-05,57427.234375,-0.030079904943704605,57427.2265625,0.3506764769554138,0.01411830261349678,0.5116580128669739,0.0
2462.3730283429986,-575.5157550249287,240.80654901827194,100.0,56,5600,False,6759200,67592,1207,ae3b9b3532214bc3bad13e7ea9518ddf,2020-03-21_00-46-20,1584751580,10.321708917617798,12476.90968823433,23993,eclipse,137.195.211.213,12476.90968823433,6759200,1207,28,2ed37c9e,0.3,0.0,1.0,11.326424624396068,0.9881889120188156,1.479833562517543,6643328,6759200,3074.523,5.494,7199.287,19.095,2.278125047683716,4.999999873689376e-05,64112.46484375,-0.03309805691242218,64112.4609375,0.39003416895866394,0.015782587230205536,0.9284517168998718,0.0
4048.6413630531656,-575.5157550249287,282.20457511843045,100.0,56,5600,False,6764800,67648,1208,ae3b9b3532214bc3bad13e7ea9518ddf,2020-03-21_00-46-30,1584751590,10.334398746490479,12487.24408698082,23993,eclipse,137.195.211.213,12487.24408698082,6764800,1208,28,2ed37c9e,0.32,0.0,1.0,11.326561991321892,0.9881920791245574,1.479840803517214,6648832,6764800,3070.171,5.36,7195.004,18.552,2.278125047683716,4.999999873689376e-05,128045.5546875,-0.0400509238243103,128045.5703125,0.3402414321899414,0.011802874505519867,0.8628866672515869,0.0
4048.6413630531656,-264.25717959600087,400.23294683728847,100.0,56,5600,False,6770400,67704,1209,ae3b9b3532214bc3bad13e7ea9518ddf,2020-03-21_00-46-41,1584751601,10.287837743759155,12497.531924724579,23993,eclipse,137.195.211.213,12497.531924724579,6770400,1209,28,2ed37c9e,0.33,0.0,1.0,11.326776776768462,0.9881981465298757,1.4798434715268975,6654336,6770400,3069.764,5.445,7189.887,18.573,2.278125047683716,4.999999873689376e-05,173841.21875,-0.03928398713469505,173841.21875,0.2757768929004669,0.01280894223600626,0.13171102106571198,0.0
3186.2475299537073,-264.25717959600087,364.4600315839219,100.0,56,5600,False,6776000,67760,1210,ae3b9b3532214bc3bad13e7ea9518ddf,2020-03-21_00-46-51,1584751611,10.180050373077393,12507.711975097656,23993,eclipse,137.195.211.213,12507.711975097656,6776000,1210,28,2ed37c9e,0.32,0.0,1.0,11.327189119743474,0.9882077389112873,1.4798405225015097,6659840,6776000,3077.527,5.029,7165.272,18.34,2.278125047683716,4.999999873689376e-05,80341.84375,-0.033742502331733704,80341.8359375,0.2973489463329315,0.016179082915186882,-0.029681462794542313,0.0
2491.3483840820663,-212.2649966040207,318.33236220062906,100.0,56,5600,False,6781600,67816,1211,ae3b9b3532214bc3bad13e7ea9518ddf,2020-03-21_00-47-01,1584751621,10.156985759735107,12517.868960857391,23993,eclipse,137.195.211.213,12517.868960857391,6781600,1211,28,2ed37c9e,0.29,0.0,1.0,11.327563122189659,0.9882277001329902,1.4798689166183052,6665344,6781600,3093.664,5.023,7138.614,18.523,2.278125047683716,4.999999873689376e-05,116023.4453125,-0.029798531904816628,116023.4453125,0.3333131968975067,0.013593234121799469,0.5583478212356567,0.0
3554.909752061231,-217.8680021760602,320.6440770304564,100.0,56,5600,False,6787200,67872,1212,ae3b9b3532214bc3bad13e7ea9518ddf,2020-03-21_00-47-11,1584751631,10.09339690208435,12527.962357759476,23993,eclipse,137.195.211.213,12527.962357759476,6787200,1212,28,2ed37c9e,0.27,0.0,1.0,11.327798261900643,0.9882525951207757,1.4799159378230933,6670848,6787200,3114.159,5.489,7094.857,19.615,2.278125047683716,4.999999873689376e-05,114263.78125,-0.03652290254831314,114263.78125,0.3204866945743561,0.014435297809541225,1.0992478132247925,0.0
3554.909752061231,-343.82370804915547,289.4139022724717,100.0,56,5600,False,6792800,67928,1213,ae3b9b3532214bc3bad13e7ea9518ddf,2020-03-21_00-47-21,1584751641,10.212726354598999,12538.175084114075,23993,eclipse,137.195.211.213,12538.175084114075,6792800,1213,28,2ed37c9e,0.25,0.0,1.0,11.328147271810911,0.9882756055943748,1.4799917174819586,6676352,6792800,3128.045,5.684,7045.512,19.433,2.278125047683716,4.999999873689376e-05,99894.0078125,-0.04478764533996582,99894.0234375,0.30035436153411865,0.013397018425166607,0.8441917896270752,0.0
2370.6822230845955,-343.82370804915547,227.7650263215269,100.0,56,5600,False,6798400,67984,1214,ae3b9b3532214bc3bad13e7ea9518ddf,2020-03-21_00-47-32,1584751652,10.62737774848938,12548.802461862564,23993,eclipse,137.195.211.213,12548.802461862564,6798400,1214,28,2ed37c9e,0.24,0.0,1.0,11.328872045962285,0.9883294748074067,1.4801547045232797,6681856,6798400,3193.003,5.486,7010.161,19.128,2.278125047683716,4.999999873689376e-05,55731.546875,-0.02018192782998085,55731.5234375,0.37636467814445496,0.014306786470115185,0.49818646907806396,0.0
2500.5493942426065,-37.571160411290066,250.3186012877982,100.0,56,5600,False,6804000,68040,1215,ae3b9b3532214bc3bad13e7ea9518ddf,2020-03-21_00-47-42,1584751662,10.24380612373352,12559.046267986298,23993,eclipse,137.195.211.213,12559.046267986298,6804000,1215,28,2ed37c9e,0.23,0.0,1.0,11.329596492395199,0.9883538515682636,1.4802665123639145,6687360,6804000,3221.812,5.771,6980.494,18.251,2.278125047683716,4.999999873689376e-05,64930.42578125,-0.036931175738573074,64930.4375,0.3415049612522125,0.012219944968819618,0.19218648970127106,0.0
3309.232378030236,-214.68021812582245,344.4941805187145,100.0,56,5600,False,6809600,68096,1216,ae3b9b3532214bc3bad13e7ea9518ddf,2020-03-21_00-47-53,1584751673,10.353666543960571,12569.399934530258,23993,eclipse,137.195.211.213,12569.399934530258,6809600,1216,28,2ed37c9e,0.31,0.0,1.0,11.330122047272209,0.9883602635857562,1.4803187768618267,6692864,6809600,3247.203,6.123,6945.529,18.389,2.278125047683716,4.999999873689376e-05,144974.234375,-0.035141874104738235,144974.25,0.3558334410190582,0.011951008811593056,0.30532312393188477,0.0
3309.232378030236,-443.46673806448064,404.29452490042075,100.0,56,5600,False,6815200,68152,1217,ae3b9b3532214bc3bad13e7ea9518ddf,2020-03-21_00-48-03,1584751683,10.27386212348938,12579.673796653748,23993,eclipse,137.195.211.213,12579.673796653748,6815200,1217,28,2ed37c9e,0.38,0.0,1.0,11.330647487165226,0.9883810493479669,1.4804070821102402,6698368,6815200,3278.31,6.087,6910.57,17.864,2.278125047683716,4.999999873689376e-05,133586.4375,-0.038451604545116425,133586.4375,0.3033437132835388,0.013880130834877491,0.2850245535373688,0.0
2438.762279396199,-591.0469481989554,285.37025090516033,100.0,56,5600,False,6820800,68208,1218,ae3b9b3532214bc3bad13e7ea9518ddf,2020-03-21_00-48-13,1584751693,10.186240911483765,12589.860037565231,23993,eclipse,137.195.211.213,12589.860037565231,6820800,1218,28,2ed37c9e,0.3,0.0,1.0,11.330995991346215,0.9884188996594558,1.480471031177547,6703872,6820800,3296.359,6.093,6880.146,17.477,2.278125047683716,4.999999873689376e-05,100330.21875,-0.031269755214452744,100330.21875,0.3366852104663849,0.014000904746353626,0.8712905049324036,0.0
2438.762279396199,-591.0469481989554,250.4737063055189,100.0,56,5600,False,6826400,68264,1219,ae3b9b3532214bc3bad13e7ea9518ddf,2020-03-21_00-48-24,1584751704,10.442065000534058,12600.302102565765,23993,eclipse,137.195.211.213,12600.302102565765,6826400,1219,28,2ed37c9e,0.28,0.0,1.0,11.331533182119106,0.9884558528756977,1.4805639577848257,6709376,6826400,3329.109,6.06,6864.143,16.309,2.278125047683716,4.999999873689376e-05,83506.5625,-0.035261377692222595,83506.578125,0.2584766447544098,0.012219712138175964,0.3248719871044159,0.0
3580.8166371812185,-35.09192045420491,466.2733267095249,100.0,56,5600,False,6832000,68320,1220,ae3b9b3532214bc3bad13e7ea9518ddf,2020-03-21_00-48-34,1584751714,10.266157388687134,12610.568259954453,23993,eclipse,137.195.211.213,12610.568259954453,6832000,1220,28,2ed37c9e,0.45,0.0,1.0,11.332213902222612,0.9885054720649397,1.4807164660967047,6714880,6832000,3351.92,6.298,6847.616,16.824,2.278125047683716,4.999999873689376e-05,302385.875,-0.03956297039985657,302385.875,0.2553797662258148,0.013846000656485558,-0.0781637504696846,0.0
3580.8166371812185,-33.388327931803744,439.5771330561522,100.0,56,5600,False,6837600,68376,1221,ae3b9b3532214bc3bad13e7ea9518ddf,2020-03-21_00-48-45,1584751725,10.382495641708374,12620.95075559616,23993,eclipse,137.195.211.213,12620.95075559616,6837600,1221,28,2ed37c9e,0.38,0.0,1.0,11.332967530623357,0.9885721902142411,1.4809097415956387,6720384,6837600,3371.694,6.607,6851.08,16.271,2.278125047683716,4.999999873689376e-05,119435.2109375,-0.03462475538253784,119435.2109375,0.33348438143730164,0.012537402100861073,0.9875944256782532,0.0
4730.504415322543,-37.30517514607565,309.1931455623254,100.0,56,5600,False,6843200,68432,1222,ae3b9b3532214bc3bad13e7ea9518ddf,2020-03-21_00-48-55,1584751735,10.532741785049438,12631.48349738121,23993,eclipse,137.195.211.213,12631.48349738121,6843200,1222,28,2ed37c9e,0.25,0.0,1.0,11.333819398993194,0.9886646497666036,1.4811341928608084,6725888,6843200,3407.318,6.481,6859.355,16.127,2.278125047683716,4.999999873689376e-05,189526.140625,-0.02892576903104782,189526.140625,0.250792920589447,0.012502267025411129,0.7848014235496521,0.0
4730.504415322543,-37.60758636595003,335.0148347067328,100.0,56,5600,False,6848800,68488,1223,ae3b9b3532214bc3bad13e7ea9518ddf,2020-03-21_00-49-05,1584751745,10.086289644241333,12641.569787025452,23993,eclipse,137.195.211.213,12641.569787025452,6848800,1223,28,2ed37c9e,0.3,0.0,1.0,11.334655988037971,0.9887294178623418,1.4813240178302565,6731392,6848800,3394.751,6.018,6861.211,16.783,2.278125047683716,4.999999873689376e-05,109548.3359375,-0.0317978598177433,109548.3359375,0.3499394655227661,0.012110023759305477,0.4899302124977112,0.0
3335.2048858067046,-37.60758636595003,318.74204366574804,100.0,56,5600,False,6854400,68544,1224,ae3b9b3532214bc3bad13e7ea9518ddf,2020-03-21_00-49-16,1584751756,10.686233043670654,12652.256020069122,23993,eclipse,137.195.211.213,12652.256020069122,6854400,1224,28,2ed37c9e,0.36,0.0,1.0,11.335834053947003,0.9887762821242927,1.481602225106633,6736896,6854400,3390.144,6.329,6872.942,15.894,2.278125047683716,4.999999873689376e-05,143150.390625,-0.03424319997429848,143150.375,0.26717692613601685,0.013019241392612457,0.09740661084651947,0.0
3335.2048858067046,-37.32185370828889,382.15479507065686,100.0,56,5600,False,6860000,68600,1225,ae3b9b3532214bc3bad13e7ea9518ddf,2020-03-21_00-49-26,1584751766,10.25163197517395,12662.507652044296,23993,eclipse,137.195.211.213,12662.507652044296,6860000,1225,28,2ed37c9e,0.34,0.0,1.0,11.336967912891309,0.9888075050178083,1.481840141773279,6742400,6860000,3393.726,6.126,6870.488,16.336,2.278125047683716,4.999999873689376e-05,119688.359375,-0.03304091840982437,119688.359375,0.3272809684276581,0.014787060208618641,0.24747353792190552,0.0
3639.910580627014,-34.435367383567254,361.1340927541647,100.0,56,5600,False,6865600,68656,1226,ae3b9b3532214bc3bad13e7ea9518ddf,2020-03-21_00-49-37,1584751777,10.473315000534058,12672.98096704483,23993,eclipse,137.195.211.213,12672.98096704483,6865600,1226,28,2ed37c9e,0.33,0.0,1.0,11.337614523084094,0.9888289647290329,1.4819904652652025,6747904,6865600,3402.674,6.283,6873.909,16.477,2.278125047683716,4.999999873689376e-05,130005.4921875,-0.03291025012731552,130005.4921875,0.31984901428222656,0.013816431164741516,0.735848069190979,0.0
3639.910580627014,-384.1541304368282,285.258912793317,100.0,56,5600,False,6871200,68712,1227,ae3b9b3532214bc3bad13e7ea9518ddf,2020-03-21_00-49-47,1584751787,10.042979717254639,12683.023946762085,23993,eclipse,137.195.211.213,12683.023946762085,6871200,1227,28,2ed37c9e,0.31,0.0,1.0,11.338176981550113,0.9888418965483495,1.4821349487245672,6753408,6871200,3388.578,5.97,6866.276,15.811,2.278125047683716,4.999999873689376e-05,77229.03125,-0.033359453082084656,77229.03125,0.3710172772407532,0.012129201553761959,1.0682282447814941,0.0
4301.066067014766,-384.1541304368282,220.75492718026314,100.0,56,5600,False,6876800,68768,1228,ae3b9b3532214bc3bad13e7ea9518ddf,2020-03-21_00-49-57,1584751797,10.218158483505249,12693.24210524559,23993,eclipse,137.195.211.213,12693.24210524559,6876800,1228,28,2ed37c9e,0.25,0.0,1.0,11.338437311319257,0.9888441939275826,1.4822190522695649,6758912,6876800,3367.512,6.018,6888.893,16.378,2.278125047683716,4.999999873689376e-05,133123.875,-0.028562456369400024,133123.859375,0.19915717840194702,0.009409249760210514,0.681526243686676,0.0
1978.4452423681505,-168.43064045588915,186.6335563020152,100.0,56,5600,False,6882400,68824,1229,ae3b9b3532214bc3bad13e7ea9518ddf,2020-03-21_00-50-08,1584751808,10.398895263671875,12703.641000509262,23993,eclipse,137.195.211.213,12703.641000509262,6882400,1229,28,2ed37c9e,0.19,0.0,1.0,11.33867251648936,0.988840823747439,1.4822484174456811,6764416,6882400,3335.71,6.009,6914.662,17.97,2.278125047683716,4.999999873689376e-05,60014.14453125,-0.037471871823072433,60014.15234375,0.31736230850219727,0.01358744129538536,0.27429255843162537,0.0
4105.078364431129,-37.6995642895482,349.8215311112927,100.0,56,5600,False,6888000,68880,1230,ae3b9b3532214bc3bad13e7ea9518ddf,2020-03-21_00-50-18,1584751818,10.42371916770935,12714.064719676971,23993,eclipse,137.195.211.213,12714.064719676971,6888000,1230,28,2ed37c9e,0.25,0.0,1.0,11.338817588500119,0.9888298254909114,1.482242466428242,6769920,6888000,3313.239,6.024,6954.618,17.465,2.278125047683716,4.999999873689376e-05,217307.46875,-0.02941807173192501,217307.46875,0.30076277256011963,0.015120995230972767,0.7101770639419556,0.0
4105.078364431129,-43.60133797132926,393.4374220222604,100.0,56,5600,False,6893600,68936,1231,ae3b9b3532214bc3bad13e7ea9518ddf,2020-03-21_00-50-29,1584751829,10.390244245529175,12724.4549639225,23993,eclipse,137.195.211.213,12724.4549639225,6893600,1231,28,2ed37c9e,0.29,0.0,1.0,11.338891941034635,0.9888167055229308,1.4822393947215917,6775424,6893600,3272.27,5.881,6994.327,18.376,2.278125047683716,4.999999873689376e-05,81303.0703125,-0.03607125207781792,81303.0859375,0.3417556583881378,0.011893241666257381,0.9571776390075684,0.0
2654.888337175139,-435.2377064124599,315.835311158214,100.0,56,5600,False,6899200,68992,1232,ae3b9b3532214bc3bad13e7ea9518ddf,2020-03-21_00-50-39,1584751839,10.429447889328003,12734.884411811829,23993,eclipse,137.195.211.213,12734.884411811829,6899200,1232,28,2ed37c9e,0.28,0.0,1.0,11.339048547659885,0.9888134608444958,1.4822481395564193,6780928,6899200,3224.732,5.652,7030.153,18.112,2.278125047683716,4.999999873689376e-05,118797.59375,-0.031159905716776848,118797.578125,0.3298617899417877,0.015614287927746773,0.6255785226821899,0.0
2654.888337175139,-153.22770793340752,266.07939379236217,100.0,56,5600,False,6904800,69048,1233,ae3b9b3532214bc3bad13e7ea9518ddf,2020-03-21_00-50-49,1584751849,10.370781898498535,12745.255193710327,23993,eclipse,137.195.211.213,12745.255193710327,6904800,1233,28,2ed37c9e,0.31,0.0,1.0,11.33919188023154,0.9888119953768367,1.482256072416759,6786432,6904800,3219.14,5.871,7061.412,18.289,2.278125047683716,4.999999873689376e-05,51499.3671875,-0.03831940516829491,51499.37890625,0.3903016448020935,0.013834547251462936,0.43191638588905334,0.0
4635.364666436674,-153.22770793340752,281.00245038245544,100.0,56,5600,False,6910400,69104,1234,ae3b9b3532214bc3bad13e7ea9518ddf,2020-03-21_00-51-00,1584751860,10.324257612228394,12755.579451322556,23993,eclipse,137.195.211.213,12755.579451322556,6910400,1234,28,2ed37c9e,0.33,0.0,1.0,11.339297351873071,0.9888137524064257,1.4822636938569471,6791936,6910400,3151.578,5.918,7090.403,19.159,2.278125047683716,4.999999873689376e-05,144379.15625,-0.03770981729030609,144379.15625,0.3084077537059784,0.011612781323492527,0.8746559023857117,0.0
4635.364666436674,-347.7766293176515,338.55036082573645,100.0,56,5600,False,6916000,69160,1235,ae3b9b3532214bc3bad13e7ea9518ddf,2020-03-21_00-51-10,1584751870,10.32172966003418,12765.90118098259,23993,eclipse,137.195.211.213,12765.90118098259,6916000,1235,28,2ed37c9e,0.31,0.0,1.0,11.339441407664145,0.9888178864623377,1.482270487547772,6797440,6916000,3126.56,6.279,7120.091,19.527,2.278125047683716,4.999999873689376e-05,128904.4921875,-0.034883126616477966,128904.4765625,0.3107245862483978,0.015900256112217903,0.4081004858016968,0.0
2865.784297584213,-591.967035770419,297.2790511706455,100.0,56,5600,False,6921600,69216,1236,ae3b9b3532214bc3bad13e7ea9518ddf,2020-03-21_00-51-21,1584751881,10.386096239089966,12776.28727722168,23993,eclipse,137.195.211.213,12776.28727722168,6921600,1236,28,2ed37c9e,0.3,0.0,1.0,11.339638099258758,0.9888228216797175,1.4822754755299734,6802944,6921600,3090.625,6.064,7145.7,19.364,2.278125047683716,4.999999873689376e-05,109928.359375,-0.030098607763648033,109928.359375,0.2712385356426239,0.012775227427482605,0.7714622616767883,0.0
2865.784297584213,-591.967035770419,293.54276323840236,100.0,56,5600,False,6927200,69272,1237,ae3b9b3532214bc3bad13e7ea9518ddf,2020-03-21_00-51-31,1584751891,10.43550729751587,12786.722784519196,23993,eclipse,137.195.211.213,12786.722784519196,6927200,1237,28,2ed37c9e,0.27,0.0,1.0,11.339869587634984,0.9888244502673449,1.4822817360581422,6808448,6927200,3079.327,6.568,7193.453,19.662,2.278125047683716,4.999999873689376e-05,107920.4765625,-0.03274373337626457,107920.4765625,0.3805758059024811,0.01381959579885006,0.8122379183769226,0.0
2693.3897833180035,-428.5107508775861,326.20944513646896,100.0,56,5600,False,6932800,69328,1238,ae3b9b3532214bc3bad13e7ea9518ddf,2020-03-21_00-51-42,1584751902,10.499457597732544,12797.222242116928,23993,eclipse,137.195.211.213,12797.222242116928,6932800,1238,28,2ed37c9e,0.35,0.0,1.0,11.340069809948304,0.9888180734562946,1.4822840645405315,6813952,6932800,3088.504,6.88,7212.536,20.121,2.278125047683716,4.999999873689376e-05,88297.171875,-0.0353970043361187,88297.1953125,0.3037976026535034,0.01256455946713686,0.5892534255981445,0.0
3086.7991828412933,-152.41008667107857,317.24530190038627,100.0,56,5600,False,6938400,69384,1239,ae3b9b3532214bc3bad13e7ea9518ddf,2020-03-21_00-51-52,1584751912,10.410123109817505,12807.632365226746,23993,eclipse,137.195.211.213,12807.632365226746,6938400,1239,28,2ed37c9e,0.35,0.0,1.0,11.340195152515692,0.9888122475720721,1.4822864767998132,6819456,6938400,3091.37,6.887,7210.464,19.887,2.278125047683716,4.999999873689376e-05,117553.28125,-0.03741459921002388,117553.28125,0.28714582324028015,0.010968021117150784,0.6520879864692688,0.0
4314.372622164963,-270.06749386964765,314.7624947652081,100.0,56,5600,False,6944000,69440,1240,ae3b9b3532214bc3bad13e7ea9518ddf,2020-03-21_00-52-02,1584751922,10.40053653717041,12818.032901763916,23993,eclipse,137.195.211.213,12818.032901763916,6944000,1240,28,2ed37c9e,0.29,0.0,1.0,11.34025200815775,0.9888059848138081,1.4822871742268204,6824960,6944000,3081.592,6.982,7216.417,20.327,2.278125047683716,4.999999873689376e-05,147122.75,-0.02354532852768898,147122.75,0.32915037870407104,0.012405866757035255,0.8726965188980103,0.0
4314.372622164963,-270.06749386964765,361.4346997926301,100.0,56,5600,False,6949600,69496,1241,ae3b9b3532214bc3bad13e7ea9518ddf,2020-03-21_00-52-13,1584751933,10.390619277954102,12828.42352104187,23993,eclipse,137.195.211.213,12828.42352104187,6949600,1241,28,2ed37c9e,0.35,0.0,1.0,11.34048852212902,0.9888137527863592,1.4822903170191009,6830464,6949600,3087.175,6.999,7212.331,20.283,2.278125047683716,4.999999873689376e-05,110909.625,-0.033776894211769104,110909.640625,0.32705214619636536,0.012301030568778515,0.34781476855278015,0.0
3428.0004801738487,-505.8199169790868,321.7209338500133,100.0,56,5600,False,6955200,69552,1242,ae3b9b3532214bc3bad13e7ea9518ddf,2020-03-21_00-52-23,1584751943,10.40041446685791,12838.823935508728,23993,eclipse,137.195.211.213,12838.823935508728,6955200,1242,28,2ed37c9e,0.32,0.0,1.0,11.34069831177477,0.9888142962982969,1.4822869253709956,6835968,6955200,3081.961,7.04,7215.874,20.19,2.278125047683716,4.999999873689376e-05,153999.078125,-0.036384109407663345,153999.109375,0.29169386625289917,0.011591403745114803,0.9306696653366089,0.0
3428.0004801738487,-35.89188309804741,343.3510698432989,100.0,56,5600,False,6960800,69608,1243,ae3b9b3532214bc3bad13e7ea9518ddf,2020-03-21_00-52-34,1584751954,10.39841365814209,12849.22234916687,23993,eclipse,137.195.211.213,12849.22234916687,6960800,1243,28,2ed37c9e,0.31,0.0,1.0,11.340765646263357,0.9888137522186053,1.4822863585727484,6841472,6960800,3074.618,7.095,7226.782,19.478,2.278125047683716,4.999999873689376e-05,144854.265625,-0.03541450574994087,144854.296875,0.37306296825408936,0.014575459063053131,0.8699252009391785,0.0
2768.8577476255596,-286.2493722083503,315.2425904223075,100.0,56,5600,False,6966400,69664,1244,ae3b9b3532214bc3bad13e7ea9518ddf,2020-03-21_00-52-44,1584751964,10.30758261680603,12859.529931783676,23993,eclipse,137.195.211.213,12859.529931783676,6966400,1244,28,2ed37c9e,0.29,0.0,1.0,11.340845541239704,0.9888106875580931,1.4822840025097477,6846976,6966400,3076.393,7.115,7223.685,19.704,2.278125047683716,4.999999873689376e-05,52457.05859375,-0.03198572248220444,52457.05859375,0.3834693729877472,0.013898275792598724,0.8443748354911804,0.0
3747.2713884867344,-188.9342604438886,360.8395386577281,100.0,56,5600,False,6972000,69720,1245,ae3b9b3532214bc3bad13e7ea9518ddf,2020-03-21_00-52-55,1584751975,10.400517463684082,12869.93044924736,23993,eclipse,137.195.211.213,12869.93044924736,6972000,1245,28,2ed37c9e,0.27,0.0,1.0,11.340989337051033,0.9888217088177552,1.4822813331001319,6852480,6972000,3078.993,6.987,7231.025,18.919,2.278125047683716,4.999999873689376e-05,252574.140625,-0.03034789301455021,252574.140625,0.32373806834220886,0.01588207110762596,0.46264341473579407,0.0
2972.5935193174696,-534.9365469769282,388.3944673428892,100.0,56,5600,False,6977600,69776,1246,ae3b9b3532214bc3bad13e7ea9518ddf,2020-03-21_00-53-05,1584751985,10.460553646087646,12880.391002893448,23993,eclipse,137.195.211.213,12880.391002893448,6977600,1246,28,2ed37c9e,0.35,0.0,1.0,11.341244505214668,0.9888398955029557,1.4822780429042095,6857984,6977600,3081.473,7.182,7236.56,19.023,2.278125047683716,4.999999873689376e-05,129813.5234375,-0.03899824991822243,129813.53125,0.3081158697605133,0.012441666796803474,0.06159632280468941,0.0
2413.183086456276,-34.18355951340209,312.91815681789586,100.0,56,5600,False,6983200,69832,1247,ae3b9b3532214bc3bad13e7ea9518ddf,2020-03-21_00-53-15,1584751995,10.231257677078247,12890.622260570526,23993,eclipse,137.195.211.213,12890.622260570526,6983200,1247,28,2ed37c9e,0.35,0.0,1.0,11.341571238181068,0.9888500901247261,1.4823138315267628,6863488,6983200,3100.617,7.009,7197.311,20.07,2.278125047683716,4.999999873689376e-05,63051.953125,-0.044490963220596313,63051.96484375,0.29661425948143005,0.012869879603385925,0.5923721790313721,0.0
3322.8020788871368,-260.8258906842998,281.67269625357176,100.0,56,5600,False,6988800,69888,1248,ae3b9b3532214bc3bad13e7ea9518ddf,2020-03-21_00-53-25,1584752005,9.967973709106445,12900.590234279633,23993,eclipse,137.195.211.213,12900.590234279633,6988800,1248,28,2ed37c9e,0.3,0.0,1.0,11.341930522930062,0.9888623321263403,1.4823898944244558,6868992,6988800,3086.643,6.753,7160.394,19.183,2.278125047683716,4.999999873689376e-05,118397.7578125,-0.035859666764736176,118397.78125,0.30557963252067566,0.013207909651100636,0.8691736459732056,0.0
3538.2110237090073,-260.8258906842998,354.3850851396868,100.0,56,5600,False,6994400,69944,1249,ae3b9b3532214bc3bad13e7ea9518ddf,2020-03-21_00-53-36,1584752016,10.352355718612671,12910.942589998245,23993,eclipse,137.195.211.213,12910.942589998245,6994400,1249,28,2ed37c9e,0.31,0.0,1.0,11.34236327854044,0.9888846427972876,1.4824881279697093,6874496,6994400,3123.338,6.796,7120.637,18.011,2.278125047683716,4.999999873689376e-05,148464.640625,-0.03426215797662735,148464.640625,0.33301177620887756,0.014343008399009705,0.5814648866653442,0.0
2316.2300849441845,-38.194569518399895,295.1183801719269,100.0,56,5600,False,7000000,70000,1250,ae3b9b3532214bc3bad13e7ea9518ddf,2020-03-21_00-53-46,1584752026,10.271626234054565,12921.2142162323,23993,eclipse,137.195.211.213,12921.2142162323,7000000,1250,28,2ed37c9e,0.28,0.0,1.0,11.343154373132217,0.988910042421422,1.4826729406801207,6880000,7000000,3161.069,6.741,7067.866,18.207,2.278125047683716,4.999999873689376e-05,84627.578125,-0.037462230771780014,84627.578125,0.331903874874115,0.01193888671696186,0.5696247220039368,0.0
3650.908932214024,-464.03174983192315,307.5869796520919,100.0,56,5600,False,7005600,70056,1251,ae3b9b3532214bc3bad13e7ea9518ddf,2020-03-21_00-53-57,1584752037,10.831113815307617,12932.045330047607,23993,eclipse,137.195.211.213,12932.045330047607,7005600,1251,28,2ed37c9e,0.27,0.0,1.0,11.344339412531715,0.9889704853479512,1.4829094835547867,6885504,7005600,3235.309,6.372,7038.807,18.129,2.278125047683716,4.999999873689376e-05,201476.90625,-0.036976538598537445,201476.90625,0.2910754382610321,0.014508446678519249,-0.08065567910671234,0.0
3650.908932214024,-464.03174983192315,448.59224924671486,100.0,56,5600,False,7011200,70112,1252,ae3b9b3532214bc3bad13e7ea9518ddf,2020-03-21_00-54-07,1584752047,10.16024923324585,12942.205579280853,23993,eclipse,137.195.211.213,12942.205579280853,7011200,1252,28,2ed37c9e,0.34,0.0,1.0,11.345076299360217,0.9890249921909933,1.4830405992533777,6891008,7011200,3246.885,6.457,7004.392,18.379,2.278125047683716,4.999999873689376e-05,233006.765625,-0.03728967159986496,233006.796875,0.32337185740470886,0.011220873333513737,0.9313272833824158,0.0
3223.7066748733328,-36.7458412044568,399.0662133193632,100.0,56,5600,False,7016800,70168,1253,ae3b9b3532214bc3bad13e7ea9518ddf,2020-03-21_00-54-18,1584752058,10.492470264434814,12952.698049545288,23993,eclipse,137.195.211.213,12952.698049545288,7016800,1253,28,2ed37c9e,0.32,0.0,1.0,11.345440558970104,0.9890450329009238,1.4830975741640966,6896512,7016800,3267.12,6.451,6994.084,19.191,2.278125047683716,4.999999873689376e-05,112927.6015625,-0.029622219502925873,112927.59375,0.28203725814819336,0.01758236438035965,0.4643850028514862,0.0
3576.800688955551,-352.5302493696926,338.8148857121297,100.0,56,5600,False,7022400,70224,1254,ae3b9b3532214bc3bad13e7ea9518ddf,2020-03-21_00-54-28,1584752068,10.253522396087646,12962.951571941376,23993,eclipse,137.195.211.213,12962.951571941376,7022400,1254,28,2ed37c9e,0.27,0.0,1.0,11.345742477554877,0.989062883200507,1.4831278934311738,6902016,7022400,3266.521,6.366,6988.25,18.663,2.278125047683716,4.999999873689376e-05,191435.84375,-0.033017925918102264,191435.828125,0.3467889428138733,0.012682119384407997,0.2448091059923172,0.0
3576.800688955551,-420.11673576495525,336.7048604753802,100.0,56,5600,False,7028000,70280,1255,ae3b9b3532214bc3bad13e7ea9518ddf,2020-03-21_00-54-38,1584752078,10.42782711982727,12973.379399061203,23993,eclipse,137.195.211.213,12973.379399061203,7028000,1255,28,2ed37c9e,0.31,0.0,1.0,11.345901810302303,0.989078152353866,1.4831331684485811,6907520,7028000,3264.177,6.39,6991.618,19.673,2.278125047683716,4.999999873689376e-05,79581.65625,-0.040594302117824554,79581.671875,0.3559798300266266,0.013820026069879532,0.49172285199165344,0.0
2195.952599949968,-420.11673576495525,257.303200140894,100.0,56,5600,False,7033600,70336,1256,ae3b9b3532214bc3bad13e7ea9518ddf,2020-03-21_00-54-49,1584752089,10.444599866867065,12983.82399892807,23993,eclipse,137.195.211.213,12983.82399892807,7033600,1256,28,2ed37c9e,0.29,0.0,1.0,11.346076888560333,0.9890850920729335,1.4831429073755396,6913024,7033600,3263.223,6.184,6991.63,19.456,2.278125047683716,4.999999873689376e-05,72497.2734375,-0.03603249043226242,72497.28125,0.33996105194091797,0.012347428128123283,0.5355654358863831,0.0
3453.864284326656,-127.59559323523507,182.953413037468,100.0,56,5600,False,7039200,70392,1257,ae3b9b3532214bc3bad13e7ea9518ddf,2020-03-21_00-55-00,1584752100,10.554417848587036,12994.378416776657,23993,eclipse,137.195.211.213,12994.378416776657,7039200,1257,28,2ed37c9e,0.23,0.0,1.0,11.34627468468982,0.9890933496214452,1.4831771988390579,6918528,7039200,3255.549,6.175,7032.927,18.859,2.278125047683716,4.999999873689376e-05,63537.55078125,-0.029198704287409782,63537.546875,0.3287363350391388,0.015772568061947823,1.2526994943618774,0.0
3453.864284326656,-127.59559323523507,282.68056228198805,100.0,56,5600,False,7044800,70448,1258,ae3b9b3532214bc3bad13e7ea9518ddf,2020-03-21_00-55-10,1584752110,10.429294347763062,13004.80771112442,23993,eclipse,137.195.211.213,13004.80771112442,7044800,1258,28,2ed37c9e,0.32,0.0,1.0,11.34652312112055,0.9891010892416006,1.4831989789572777,6924032,7044800,3267.18,6.075,7067.689,18.401,2.278125047683716,4.999999873689376e-05,103537.671875,-0.03126707300543785,103537.6484375,0.3545394837856293,0.016868161037564278,0.31597834825515747,0.0
2439.650127175101,-449.098866344428,247.86851854675137,100.0,56,5600,False,7050400,70504,1259,ae3b9b3532214bc3bad13e7ea9518ddf,2020-03-21_00-55-20,1584752120,10.391357660293579,13015.199068784714,23993,eclipse,137.195.211.213,13015.199068784714,7050400,1259,28,2ed37c9e,0.28,0.0,1.0,11.34670096432983,0.9890959777091431,1.483196453724181,6929536,7050400,3223.963,6.049,7113.079,19.711,2.278125047683716,4.999999873689376e-05,54319.48828125,-0.027777213603258133,54319.48828125,0.3562144935131073,0.01233287900686264,0.8706008791923523,0.0
3156.8711134699124,-449.098866344428,192.28512773599402,100.0,56,5600,False,7056000,70560,1260,ae3b9b3532214bc3bad13e7ea9518ddf,2020-03-21_00-55-31,1584752131,10.478118419647217,13025.677187204361,23993,eclipse,137.195.211.213,13025.677187204361,7056000,1260,28,2ed37c9e,0.22,0.0,1.0,11.346760084004496,0.9890912897255336,1.4831844828787155,6935040,7056000,3190.729,5.986,7169.359,19.29,2.278125047683716,4.999999873689376e-05,78755.8359375,-0.03499423339962959,78755.8515625,0.215621218085289,0.011809361167252064,0.6733119487762451,0.0
3656.634863970229,-450.1336638496081,441.9970967130319,100.0,56,5600,False,7061600,70616,1261,ae3b9b3532214bc3bad13e7ea9518ddf,2020-03-21_00-55-42,1584752142,10.52714467048645,13036.204331874847,23993,eclipse,137.195.211.213,13036.204331874847,7061600,1261,28,2ed37c9e,0.34,0.0,1.0,11.346939972753555,0.9890885388635641,1.4831603517346716,6940544,7061600,3121.677,6.252,7206.371,18.96,2.278125047683716,4.999999873689376e-05,362162.3125,-0.03722690790891647,362162.375,0.24283117055892944,0.016359509900212288,0.04110536351799965,0.0
3656.634863970229,-473.26349716154965,449.6458242240775,100.0,56,5600,False,7067200,70672,1262,ae3b9b3532214bc3bad13e7ea9518ddf,2020-03-21_00-55-52,1584752152,10.515528202056885,13046.719860076904,23993,eclipse,137.195.211.213,13046.719860076904,7067200,1262,28,2ed37c9e,0.39,0.0,1.0,11.347081506149575,0.9890856930780477,1.4831344086045368,6946048,7067200,3118.73,6.347,7243.002,18.992,2.278125047683716,4.999999873689376e-05,173993.609375,-0.03374173492193222,173993.609375,0.3351055085659027,0.013357242569327354,0.535666286945343,0.0
3627.2899956429724,-278.61592230603134,369.2951623652657,100.0,56,5600,False,7072800,70728,1263,ae3b9b3532214bc3bad13e7ea9518ddf,2020-03-21_00-56-03,1584752163,10.469777822494507,13057.189637899399,23993,eclipse,137.195.211.213,13057.189637899399,7072800,1263,28,2ed37c9e,0.32,0.0,1.0,11.347213686532847,0.9890717134287101,1.4831048556447985,6951552,7072800,3103.191,6.222,7256.421,18.214,2.278125047683716,4.999999873689376e-05,156344.34375,-0.03643663972616196,156344.375,0.2821732759475708,0.012121859937906265,0.397991806268692,0.0
3627.2899956429724,-530.7814720699707,401.00097540364646,100.0,56,5600,False,7078400,70784,1264,ae3b9b3532214bc3bad13e7ea9518ddf,2020-03-21_00-56-13,1584752173,10.318113088607788,13067.507750988007,23993,eclipse,137.195.211.213,13067.507750988007,7078400,1264,28,2ed37c9e,0.35,0.0,1.0,11.34730831894452,0.9890678595968692,1.4830764712361715,6957056,7078400,3099.964,6.205,7265.916,18.302,2.278125047683716,4.999999873689376e-05,123306.1484375,-0.02781941369175911,123306.140625,0.3738346993923187,0.014541787095367908,0.4356921315193176,0.0
2521.4891262043698,-142.15379687838157,340.0607026289422,100.0,56,5600,False,7084000,70840,1265,ae3b9b3532214bc3bad13e7ea9518ddf,2020-03-21_00-56-23,1584752183,10.332440853118896,13077.840191841125,23993,eclipse,137.195.211.213,13077.840191841125,7084000,1265,28,2ed37c9e,0.33,0.0,1.0,11.347381782641806,0.9890660425140335,1.483044521522025,6962560,7084000,3093.253,6.061,7262.58,18.5,2.278125047683716,4.999999873689376e-05,106968.6640625,-0.037060972303152084,106968.6875,0.2990161180496216,0.011822033673524857,0.9578939080238342,0.0
3436.1413272901714,-37.841557454797396,336.87828281057693,100.0,56,5600,False,7089600,70896,1266,ae3b9b3532214bc3bad13e7ea9518ddf,2020-03-21_00-56-34,1584752194,10.376891374588013,13088.217083215714,23993,eclipse,137.195.211.213,13088.217083215714,7089600,1266,28,2ed37c9e,0.34,0.0,1.0,11.347518172059809,0.9890581993019186,1.4830148489525508,6968064,7089600,3086.746,6.005,7263.86,17.734,2.278125047683716,4.999999873689376e-05,165561.671875,-0.03376949205994606,165561.65625,0.2970494031906128,0.015157146379351616,-0.14611922204494476,0.0
4367.505819862532,-85.62074578011047,436.1244314933012,100.0,56,5600,False,7095200,70952,1267,ae3b9b3532214bc3bad13e7ea9518ddf,2020-03-21_00-56-44,1584752204,10.346693277359009,13098.563776493073,23993,eclipse,137.195.211.213,13098.563776493073,7095200,1267,28,2ed37c9e,0.32,0.0,1.0,11.347647666734407,0.989047939172165,1.482996547178392,6973568,7095200,3069.063,5.889,7260.43,17.776,2.278125047683716,4.999999873689376e-05,277528.21875,-0.027150562033057213,277528.1875,0.2846720814704895,0.011434617452323437,0.35494905710220337,0.0
4367.505819862532,-421.318516110774,299.2618092601634,100.0,56,5600,False,7100800,71008,1268,ae3b9b3532214bc3bad13e7ea9518ddf,2020-03-21_00-56-54,1584752214,10.251427412033081,13108.815203905106,23993,eclipse,137.195.211.213,13108.815203905106,7100800,1268,28,2ed37c9e,0.25,0.0,1.0,11.34775388863586,0.9890388243509887,1.4829771434965802,6979072,7100800,3053.511,5.793,7256.908,19.024,2.278125047683716,4.999999873689376e-05,60997.82421875,-0.03499266505241394,60997.82421875,0.2930249571800232,0.01295319851487875,0.17192718386650085,0.0
2439.6599981250097,-421.318516110774,224.22076158106597,100.0,56,5600,False,7106400,71064,1269,ae3b9b3532214bc3bad13e7ea9518ddf,2020-03-21_00-57-05,1584752225,10.378784418106079,13119.193988323212,23993,eclipse,137.195.211.213,13119.193988323212,7106400,1269,28,2ed37c9e,0.27,0.0,1.0,11.347817537817978,0.9890349573102568,1.4829560661342789,6984576,7106400,3050.864,5.628,7258.573,18.137,2.278125047683716,4.999999873689376e-05,68169.03125,-0.030854014679789543,68169.03125,0.3176308572292328,0.015954699367284775,0.6379419565200806,0.0
3436.626308551862,-37.7227741277607,345.28442984207265,100.0,56,5600,False,7112000,71120,1270,ae3b9b3532214bc3bad13e7ea9518ddf,2020-03-21_00-57-15,1584752235,10.475931406021118,13129.669919729233,23993,eclipse,137.195.211.213,13129.669919729233,7112000,1270,28,2ed37c9e,0.26,0.0,1.0,11.34791340812575,0.9890211741415965,1.482924872637216,6990080,7112000,3053.398,5.72,7256.472,18.277,2.278125047683716,4.999999873689376e-05,208674.328125,-0.03451966494321823,208674.34375,0.26217466592788696,0.012555858120322227,0.3748362362384796,0.0
3536.8743184273876,-37.7227741277607,374.40290385854746,100.0,56,5600,False,7117600,71176,1271,ae3b9b3532214bc3bad13e7ea9518ddf,2020-03-21_00-57-26,1584752246,10.415531635284424,13140.085451364517,23993,eclipse,137.195.211.213,13140.085451364517,7117600,1271,28,2ed37c9e,0.26,0.0,1.0,11.348066595477801,0.9890100046031314,1.4828921359839609,6995584,7117600,3047.885,5.707,7252.371,18.251,2.278125047683716,4.999999873689376e-05,184354.34375,-0.03355221077799797,184354.34375,0.31782999634742737,0.013480243273079395,0.07120397686958313,0.0
3679.014675082993,-115.46758415361829,299.7098249852011,100.0,56,5600,False,7123200,71232,1272,ae3b9b3532214bc3bad13e7ea9518ddf,2020-03-21_00-57-36,1584752256,10.327398777008057,13150.412850141525,23993,eclipse,137.195.211.213,13150.412850141525,7123200,1272,28,2ed37c9e,0.3,0.0,1.0,11.348150402447184,0.9890042023040537,1.4828745936975916,7001088,7123200,3039.954,5.649,7241.83,18.43,2.278125047683716,4.999999873689376e-05,81280.578125,-0.0384194552898407,81280.578125,0.35400334000587463,0.010731021873652935,0.6625462770462036,0.0
3536.6255040598185,-115.46758415361829,265.92234039932123,100.0,56,5600,False,7128800,71288,1273,ae3b9b3532214bc3bad13e7ea9518ddf,2020-03-21_00-57-47,1584752267,10.333816289901733,13160.746666431427,23993,eclipse,137.195.211.213,13160.746666431427,7128800,1273,28,2ed37c9e,0.29,0.0,1.0,11.348268692272176,0.9889925683182585,1.4828500106575333,7006592,7128800,3040.185,5.737,7228.477,18.907,2.278125047683716,4.999999873689376e-05,166762.703125,-0.044890131801366806,166762.71875,0.25589659810066223,0.012646468356251717,0.4313676655292511,0.0
3536.6255040598185,-318.53717168735994,317.3113226952777,100.0,56,5600,False,7134400,71344,1274,ae3b9b3532214bc3bad13e7ea9518ddf,2020-03-21_00-57-57,1584752277,10.39778208732605,13171.144448518753,23993,eclipse,137.195.211.213,13171.144448518753,7134400,1274,28,2ed37c9e,0.3,0.0,1.0,11.348386307693117,0.9889841903979376,1.4828199746665711,7012096,7134400,3048.113,5.841,7229.923,19.262,2.278125047683716,4.999999873689376e-05,101443.1484375,-0.025191091001033783,101443.1484375,0.2719123363494873,0.014436505734920502,0.54678875207901,0.0
2090.9426920150418,-318.53717168735994,198.82963388446314,100.0,56,5600,False,7140000,71400,1275,ae3b9b3532214bc3bad13e7ea9518ddf,2020-03-21_00-58-07,1584752287,10.339531898498535,13181.483980417252,23993,eclipse,137.195.211.213,13181.483980417252,7140000,1275,28,2ed37c9e,0.3,0.0,1.0,11.348483580227164,0.9889747617965402,1.4827924381114317,7017600,7140000,3057.988,5.888,7220.575,19.318,2.278125047683716,4.999999873689376e-05,35656.32421875,-0.03438382223248482,35656.32421875,0.23837655782699585,0.012213334441184998,0.13465119898319244,0.0
2333.5550771806866,-613.4188272513289,180.65451391887083,100.0,56,5600,False,7145600,71456,1276,ae3b9b3532214bc3bad13e7ea9518ddf,2020-03-21_00-58-18,1584752298,10.429527521133423,13191.913507938385,23993,eclipse,137.195.211.213,13191.913507938385,7145600,1276,28,2ed37c9e,0.23,0.0,1.0,11.348781714352272,0.9889679501026295,1.4828042134796755,7023104,7145600,3102.872,5.691,7179.083,20.379,2.278125047683716,4.999999873689376e-05,56000.640625,-0.0338100902736187,56000.65234375,0.34592053294181824,0.011163905262947083,0.5298578143119812,0.0
2333.5550771806866,-613.4188272513289,159.17377289153634,100.0,56,5600,False,7151200,71512,1277,ae3b9b3532214bc3bad13e7ea9518ddf,2020-03-21_00-58-28,1584752308,10.214960813522339,13202.128468751907,23993,eclipse,137.195.211.213,13202.128468751907,7151200,1277,28,2ed37c9e,0.17,0.0,1.0,11.349191564683581,0.9889854672773466,1.4828516837035124,7028608,7151200,3123.79,5.776,7146.041,19.818,2.278125047683716,4.999999873689376e-05,40559.47265625,-0.028234917670488358,40559.47265625,0.2405746877193451,0.013104282319545746,0.636761486530304,0.0
2715.7811048354088,-589.5931038435054,330.89325298053757,100.0,56,5600,False,7156800,71568,1278,ae3b9b3532214bc3bad13e7ea9518ddf,2020-03-21_00-58-38,1584752318,10.163026571273804,13212.291495323181,23993,eclipse,137.195.211.213,13212.291495323181,7156800,1278,28,2ed37c9e,0.26,0.0,1.0,11.349540230685419,0.9890070135994276,1.4828866928373174,7034112,7156800,3154.272,5.904,7106.821,19.064,2.278125047683716,4.999999873689376e-05,191106.0625,-0.03258701413869858,191106.0625,0.29727882146835327,0.012683672830462456,-0.09772717952728271,0.0
2681.951749461512,-41.98147600416687,312.1517441299732,100.0,56,5600,False,7162400,71624,1279,ae3b9b3532214bc3bad13e7ea9518ddf,2020-03-21_00-58-49,1584752329,10.429078340530396,13222.720573663712,23993,eclipse,137.195.211.213,13222.720573663712,7162400,1279,28,2ed37c9e,0.3,0.0,1.0,11.349892168035778,0.9890142556506603,1.4829162734505743,7039616,7162400,3179.197,6.207,7086.785,19.021,2.278125047683716,4.999999873689376e-05,39682.765625,-0.03577248379588127,39682.77734375,0.3805781602859497,0.012594393454492092,0.6701529026031494,0.0
3182.336905951639,-459.19984668204745,289.8608320127544,100.0,56,5600,False,7168000,71680,1280,ae3b9b3532214bc3bad13e7ea9518ddf,2020-03-21_00-58-59,1584752339,10.183934926986694,13232.904508590698,23993,eclipse,137.195.211.213,13232.904508590698,7168000,1280,28,2ed37c9e,0.32,0.0,1.0,11.350148902358356,0.9890255532909518,1.4829570273056099,7045120,7168000,3192.059,6.2,7045.51,18.48,2.278125047683716,4.999999873689376e-05,159225.640625,-0.03328551724553108,159225.65625,0.30597400665283203,0.014745993539690971,0.5578590631484985,0.0
3182.336905951639,-555.5441055153154,414.7571469038898,100.0,56,5600,False,7173600,71736,1281,ae3b9b3532214bc3bad13e7ea9518ddf,2020-03-21_00-59-10,1584752350,10.426244735717773,13243.330753326416,23993,eclipse,137.195.211.213,13243.330753326416,7173600,1281,28,2ed37c9e,0.39,0.0,1.0,11.350579908579794,0.9890364051527633,1.4830023256480878,7050624,7173600,3228.459,6.204,7009.221,18.736,2.278125047683716,4.999999873689376e-05,156019.015625,-0.033919304609298706,156019.03125,0.3252653181552887,0.013888421468436718,0.06960131973028183,0.0
3438.399779495963,-555.5441055153154,338.0714304869328,100.0,56,5600,False,7179200,71792,1282,ae3b9b3532214bc3bad13e7ea9518ddf,2020-03-21_00-59-20,1584752360,10.525050640106201,13253.855803966522,23993,eclipse,137.195.211.213,13253.855803966522,7179200,1282,28,2ed37c9e,0.33,0.0,1.0,11.35093288766207,0.9890457386432621,1.4830280645826028,7056128,7179200,3241.397,6.401,7017.86,17.887,2.278125047683716,4.999999873689376e-05,152931.609375,-0.02818131260573864,152931.59375,0.3079073131084442,0.01367297861725092,0.493561327457428,0.0
3438.399779495963,-44.55567821177416,220.51039474994957,100.0,56,5600,False,7184800,71848,1283,ae3b9b3532214bc3bad13e7ea9518ddf,2020-03-21_00-59-30,1584752370,10.37143611907959,13264.227240085602,23993,eclipse,137.195.211.213,13264.227240085602,7184800,1283,28,2ed37c9e,0.25,0.0,1.0,11.35096685909049,0.9890328533021469,1.4830109200284798,7061632,7184800,3238.152,6.508,7023.539,18.07,2.278125047683716,4.999999873689376e-05,26630.404296875,-0.035862766206264496,26630.40625,0.29813265800476074,0.012451385147869587,0.9520318508148193,0.0
1895.592875352189,-44.55567821177416,202.36247751757327,100.0,56,5600,False,7190400,71904,1284,ae3b9b3532214bc3bad13e7ea9518ddf,2020-03-21_00-59-41,1584752381,10.328721284866333,13274.555961370468,23993,eclipse,137.195.211.213,13274.555961370468,7190400,1284,28,2ed37c9e,0.24,0.0,1.0,11.35099227124786,0.9890229260806642,1.482978991266732,7067136,7190400,3236.82,6.562,7017.201,18.26,2.278125047683716,4.999999873689376e-05,60497.10546875,-0.039095234125852585,60497.1171875,0.3942352533340454,0.013745822012424469,0.8592259883880615,0.0
2663.788238157883,-538.8834515812956,233.74626184518831,100.0,56,5600,False,7196000,71960,1285,ae3b9b3532214bc3bad13e7ea9518ddf,2020-03-21_00-59-51,1584752391,10.403777599334717,13284.959738969803,23993,eclipse,137.195.211.213,13284.959738969803,7196000,1285,28,2ed37c9e,0.27,0.0,1.0,11.351089350474558,0.989018353471995,1.4829527550769428,7072640,7196000,3232.019,6.667,7029.877,17.552,2.278125047683716,4.999999873689376e-05,68461.171875,-0.03491924703121185,68461.1875,0.2978905439376831,0.011979841627180576,0.9173905849456787,0.0
4977.963665710191,-585.727568119781,284.8742363206883,100.0,56,5600,False,7201600,72016,1286,ae3b9b3532214bc3bad13e7ea9518ddf,2020-03-21_01-00-02,1584752402,10.423245191574097,13295.382984161377,23993,eclipse,137.195.211.213,13295.382984161377,7201600,1286,28,2ed37c9e,0.27,0.0,1.0,11.351201442413618,0.9890076241130433,1.482921822222293,7078144,7201600,3191.48,7.107,7071.633,17.133,2.278125047683716,4.999999873689376e-05,240003.90625,-0.0316038653254509,240003.90625,0.23025104403495789,0.012315455824136734,0.43090513348579407,0.0
2991.310141140904,-585.727568119781,259.9512383192538,100.0,56,5600,False,7207200,72072,1287,ae3b9b3532214bc3bad13e7ea9518ddf,2020-03-21_01-00-12,1584752412,10.481849193572998,13305.86483335495,23993,eclipse,137.195.211.213,13305.86483335495,7207200,1287,28,2ed37c9e,0.3,0.0,1.0,11.351426626882144,0.9889963451708784,1.4828896023280003,7083648,7207200,3174.467,7.07,7113.205,16.921,2.278125047683716,4.999999873689376e-05,92614.78125,-0.028482653200626373,92614.765625,0.30522191524505615,0.014057130552828312,0.2067510187625885,0.0
4526.214688704603,-583.8048149553558,334.9569398275217,100.0,56,5600,False,7212800,72128,1288,ae3b9b3532214bc3bad13e7ea9518ddf,2020-03-21_01-00-23,1584752423,10.296177387237549,13316.161010742188,23993,eclipse,137.195.211.213,13316.161010742188,7212800,1288,28,2ed37c9e,0.29,0.0,1.0,11.351593717570404,0.9889814565337274,1.4828653042093516,7089152,7212800,3145.419,7.143,7152.12,17.867,2.278125047683716,4.999999873689376e-05,244887.09375,-0.029337281361222267,244887.109375,0.2659333050251007,0.014049607329070568,0.9429731965065002,0.0
3763.3414708235155,-38.12587570170882,293.0436954682553,100.0,56,5600,False,7218400,72184,1289,ae3b9b3532214bc3bad13e7ea9518ddf,2020-03-21_01-00-33,1584752433,10.508047342300415,13326.669058084488,23993,eclipse,137.195.211.213,13326.669058084488,7218400,1289,28,2ed37c9e,0.25,0.0,1.0,11.351781849977643,0.9889697360742288,1.4828353804327037,7094656,7218400,3128.456,6.914,7175.488,18.517,2.278125047683716,4.999999873689376e-05,83282.375,-0.04030895605683327,83282.3828125,0.2784782350063324,0.014753586612641811,0.2772922217845917,0.0
2779.0824603393726,-40.08181035291023,245.02310923367844,100.0,56,5600,False,7224000,72240,1290,ae3b9b3532214bc3bad13e7ea9518ddf,2020-03-21_01-00-44,1584752444,10.489898443222046,13337.15895652771,23993,eclipse,137.195.211.213,13337.15895652771,7224000,1290,28,2ed37c9e,0.25,0.0,1.0,11.35198688688361,0.9889560302344429,1.4828024124821224,7100160,7224000,3111.452,6.93,7220.418,19.199,2.278125047683716,4.999999873689376e-05,44467.0625,-0.03391893953084946,44467.0703125,0.36792895197868347,0.012198004871606827,0.420335978269577,0.0
2097.9590337762666,-40.08181035291023,306.90520276973325,100.0,56,5600,False,7229600,72296,1291,ae3b9b3532214bc3bad13e7ea9518ddf,2020-03-21_01-00-54,1584752454,10.331136226654053,13347.490092754364,23993,eclipse,137.195.211.213,13347.490092754364,7229600,1291,28,2ed37c9e,0.35,0.0,1.0,11.352071118626549,0.98894973393052,1.482778607264355,7105664,7229600,3064.419,6.973,7257.164,18.957,2.278125047683716,4.999999873689376e-05,102212.2421875,-0.03044743277132511,102212.2421875,0.2926686406135559,0.015377507545053959,0.046726059168577194,0.0
2418.342439128804,-38.062468723882674,313.4061052997335,100.0,56,5600,False,7235200,72352,1292,ae3b9b3532214bc3bad13e7ea9518ddf,2020-03-21_01-01-05,1584752465,10.42871904373169,13357.918811798096,23993,eclipse,137.195.211.213,13357.918811798096,7235200,1292,28,2ed37c9e,0.37,0.0,1.0,11.352177227832339,0.9889428415710623,1.4827560814129908,7111168,7235200,3050.863,6.755,7258.695,19.25,2.278125047683716,4.999999873689376e-05,65831.1328125,-0.03625243529677391,65831.140625,0.3329663872718811,0.012428189627826214,0.6593887209892273,0.0
3210.720513916753,-34.66492100504498,260.37038278806193,100.0,56,5600,False,7240800,72408,1293,ae3b9b3532214bc3bad13e7ea9518ddf,2020-03-21_01-01-15,1584752475,10.34183382987976,13368.260645627975,23993,eclipse,137.195.211.213,13368.260645627975,7240800,1293,28,2ed37c9e,0.28,0.0,1.0,11.352234877845676,0.9889438411238032,1.4827331654424345,7116672,7240800,3046.478,6.481,7260.758,18.62,2.278125047683716,4.999999873689376e-05,132050.59375,-0.028635598719120026,132050.609375,0.2539430260658264,0.015006854198873043,0.3204374611377716,0.0
3210.720513916753,-40.58150552445899,344.002055875147,100.0,56,5600,False,7246400,72464,1294,ae3b9b3532214bc3bad13e7ea9518ddf,2020-03-21_01-01-25,1584752485,10.430195808410645,13378.690841436386,23993,eclipse,137.195.211.213,13378.690841436386,7246400,1294,28,2ed37c9e,0.27,0.0,1.0,11.3524039715577,0.9889336990380335,1.482703463199345,7122176,7246400,3044.53,6.422,7271.633,18.715,2.278125047683716,4.999999873689376e-05,140070.3125,-0.04109925031661987,140070.328125,0.26491978764533997,0.0108805475756526,0.4202739894390106,0.0
3323.852665750822,-33.979622499831365,329.41420211023154,100.0,56,5600,False,7252000,72520,1295,ae3b9b3532214bc3bad13e7ea9518ddf,2020-03-21_01-01-36,1584752496,10.286681175231934,13388.977522611618,23993,eclipse,137.195.211.213,13388.977522611618,7252000,1295,28,2ed37c9e,0.32,0.0,1.0,11.352512394499563,0.9889259263570628,1.482677243134663,7127680,7252000,3036.924,6.42,7268.332,18.268,2.278125047683716,4.999999873689376e-05,112733.9765625,-0.029119297862052917,112733.96875,0.333731085062027,0.012638656422495842,0.6254651546478271,0.0
3092.8077552957707,-150.3639135974288,307.20449432088765,100.0,56,5600,False,7257600,72576,1296,ae3b9b3532214bc3bad13e7ea9518ddf,2020-03-21_01-01-46,1584752506,10.385155200958252,13399.362677812576,23993,eclipse,137.195.211.213,13399.362677812576,7257600,1296,28,2ed37c9e,0.29,0.0,1.0,11.352557123853876,0.9889143054977672,1.4826549034796417,7133184,7257600,3028.785,6.219,7270.19,17.935,2.278125047683716,4.999999873689376e-05,164847.875,-0.02579500526189804,164847.875,0.288278192281723,0.012939427979290485,0.7065008282661438,0.0
3092.8077552957707,-150.3639135974288,247.01398631012663,100.0,56,5600,False,7263200,72632,1297,ae3b9b3532214bc3bad13e7ea9518ddf,2020-03-21_01-01-57,1584752517,10.294896841049194,13409.657574653625,23993,eclipse,137.195.211.213,13409.657574653625,7263200,1297,28,2ed37c9e,0.23,0.0,1.0,11.352499811309963,0.9889038072282034,1.4826343095919552,7138688,7263200,3019.811,6.323,7258.998,18.98,2.278125047683716,4.999999873689376e-05,83713.078125,-0.03460241109132767,83713.0859375,0.33479204773902893,0.012049218639731407,1.2580639123916626,0.0
2336.8816361127024,-442.1276571592305,216.9213790722435,100.0,56,5600,False,7268800,72688,1298,ae3b9b3532214bc3bad13e7ea9518ddf,2020-03-21_01-02-07,1584752527,10.459797143936157,13420.117371797562,23993,eclipse,137.195.211.213,13420.117371797562,7268800,1298,28,2ed37c9e,0.21,0.0,1.0,11.352543491815945,0.9888945639646509,1.482609604252184,7144192,7268800,3027.647,6.096,7269.455,18.898,2.278125047683716,4.999999873689376e-05,48539.0859375,-0.0394560843706131,48539.09765625,0.33243629336357117,0.013144978322088718,0.5117743611335754,0.0
3436.240890082198,-442.1276571592305,224.51768410371005,100.0,56,5600,False,7274400,72744,1299,ae3b9b3532214bc3bad13e7ea9518ddf,2020-03-21_01-02-18,1584752538,10.413414239883423,13430.530786037445,23993,eclipse,137.195.211.213,13430.530786037445,7274400,1299,28,2ed37c9e,0.21,0.0,1.0,11.3526729285067,0.98889630800557,1.4825844927802854,7149696,7274400,3015.864,6.109,7273.282,18.476,2.278125047683716,4.999999873689376e-05,104760.1484375,-0.03515632823109627,104760.1640625,0.3002660572528839,0.011420291848480701,0.5763998031616211,0.0
4350.6825033143805,-497.39103714599247,334.2250340584121,100.0,56,5600,False,7280000,72800,1300,ae3b9b3532214bc3bad13e7ea9518ddf,2020-03-21_01-02-28,1584752548,10.491134881973267,13441.021920919418,23993,eclipse,137.195.211.213,13441.021920919418,7280000,1300,28,2ed37c9e,0.26,0.0,1.0,11.352888909257398,0.9888936847032569,1.4825605698697735,7155200,7280000,3018.701,6.085,7272.253,18.62,2.278125047683716,4.999999873689376e-05,311067.6875,-0.03773102909326553,311067.71875,0.22371932864189148,0.01194759737700224,-0.08272743970155716,0.0
4350.6825033143805,-497.39103714599247,331.28662992393004,100.0,56,5600,False,7285600,72856,1301,ae3b9b3532214bc3bad13e7ea9518ddf,2020-03-21_01-02-38,1584752558,10.19477105140686,13451.216691970825,23993,eclipse,137.195.211.213,13451.216691970825,7285600,1301,28,2ed37c9e,0.26,0.0,1.0,11.35297955754525,0.9888849145368687,1.4825363209491746,7160704,7285600,3010.58,6.189,7265.289,18.567,2.278125047683716,4.999999873689376e-05,67204.828125,-0.034956786781549454,67204.828125,0.2982400953769684,0.011792948469519615,1.1453306674957275,0.0
3125.0291438212994,-541.5321265802838,234.7888244045016,100.0,56,5600,False,7291200,72912,1302,ae3b9b3532214bc3bad13e7ea9518ddf,2020-03-21_01-02-49,1584752569,10.375731229782104,13461.592423200607,23993,eclipse,137.195.211.213,13461.592423200607,7291200,1302,28,2ed37c9e,0.26,0.0,1.0,11.35296335920696,0.9888833013367873,1.4825184050474904,7166208,7291200,3009.264,6.226,7261.395,18.705,2.278125047683716,4.999999873689376e-05,99165.0703125,-0.03813236951828003,99165.078125,0.29050979018211365,0.012170457281172276,0.7356802821159363,0.0
3125.0291438212994,-110.02831882034123,307.01790177889393,100.0,56,5600,False,7296800,72968,1303,ae3b9b3532214bc3bad13e7ea9518ddf,2020-03-21_01-02-59,1584752579,10.409778118133545,13472.00220131874,23993,eclipse,137.195.211.213,13472.00220131874,7296800,1303,28,2ed37c9e,0.3,0.0,1.0,11.35295415497059,0.9888773561283196,1.482499552162431,7171712,7296800,3014.318,6.528,7263.373,19.009,2.278125047683716,4.999999873689376e-05,81374.171875,-0.03664329648017883,81374.171875,0.3649931848049164,0.013751792721450329,0.8213455080986023,0.0
5192.465975278669,-36.405715584011084,434.725605777613,100.0,56,5600,False,7302400,73024,1304,ae3b9b3532214bc3bad13e7ea9518ddf,2020-03-21_01-03-09,1584752589,10.239527225494385,13482.241728544235,23993,eclipse,137.195.211.213,13482.241728544235,7302400,1304,28,2ed37c9e,0.33,0.0,1.0,11.353055667817566,0.9888669871967807,1.482476080071288,7177216,7302400,3019.27,6.657,7240.199,18.282,2.278125047683716,4.999999873689376e-05,308331.875,-0.03256892040371895,308331.84375,0.26538464426994324,0.013551237992942333,-0.07368716597557068,0.0
5192.465975278669,-577.5862465595621,446.6278117101731,100.0,56,5600,False,7308000,73080,1305,ae3b9b3532214bc3bad13e7ea9518ddf,2020-03-21_01-03-20,1584752600,10.26013708114624,13492.501865625381,23993,eclipse,137.195.211.213,13492.501865625381,7308000,1305,28,2ed37c9e,0.36,0.0,1.0,11.353228323276937,0.9888602784379397,1.4824748003162325,7182720,7308000,3051.912,6.359,7203.441,19.026,2.278125047683716,4.999999873689376e-05,270945.59375,-0.03821996599435806,270945.5625,0.29452985525131226,0.011174997314810753,1.2924296855926514,0.0
3766.800396035847,-577.5862465595621,305.1291713015222,100.0,56,5600,False,7313600,73136,1306,ae3b9b3532214bc3bad13e7ea9518ddf,2020-03-21_01-03-30,1584752610,10.103436946868896,13502.60530257225,23993,eclipse,137.195.211.213,13502.60530257225,7313600,1306,28,2ed37c9e,0.32,0.0,1.0,11.353323622504195,0.9888682278158909,1.4824965568877146,7188224,7313600,3069.09,6.269,7160.424,19.452,2.278125047683716,4.999999873689376e-05,167727.0,-0.03275781869888306,167726.984375,0.2545944154262543,0.014679951593279839,0.6576975584030151,0.0
3125.264756657406,-85.76947219261235,368.65089183932184,100.0,56,5600,False,7319200,73192,1307,ae3b9b3532214bc3bad13e7ea9518ddf,2020-03-21_01-03-40,1584752620,10.055728435516357,13512.661031007767,23993,eclipse,137.195.211.213,13512.661031007767,7319200,1307,28,2ed37c9e,0.32,0.0,1.0,11.353489566460327,0.9888754260013113,1.4825274222281766,7193728,7319200,3080.972,6.314,7127.143,19.217,2.278125047683716,4.999999873689376e-05,179253.015625,-0.036674611270427704,179253.015625,0.3228393495082855,0.012913687154650688,0.6002469658851624,0.0
4137.032703089857,-479.8815282115589,442.10220504805386,100.0,56,5600,False,7324800,73248,1308,ae3b9b3532214bc3bad13e7ea9518ddf,2020-03-21_01-03-51,1584752631,10.499295234680176,13523.160326242447,23993,eclipse,137.195.211.213,13523.160326242447,7324800,1308,28,2ed37c9e,0.4,0.0,1.0,11.353861637762611,0.9888821116350406,1.4825504610663345,7199232,7324800,3113.511,6.433,7101.59,18.074,2.278125047683716,4.999999873689376e-05,203943.65625,-0.03739726170897484,203943.625,0.27032801508903503,0.013271922245621681,-0.0760674849152565,0.0
3534.1878367450995,-479.8815282115589,291.5119202707055,100.0,56,5600,False,7330400,73304,1309,ae3b9b3532214bc3bad13e7ea9518ddf,2020-03-21_01-04-01,1584752641,10.120762586593628,13533.28108882904,23993,eclipse,137.195.211.213,13533.28108882904,7330400,1309,28,2ed37c9e,0.28,0.0,1.0,11.35428357205235,0.9888909531110676,1.4825693673898086,7204736,7330400,3132.469,6.668,7053.251,18.548,2.278125047683716,4.999999873689376e-05,135249.671875,-0.027549030259251595,135249.6875,0.2973272502422333,0.015390926972031593,0.3653820753097534,0.0
3876.635624941662,-41.56332848341653,327.7112779935087,100.0,56,5600,False,7336000,73360,1310,ae3b9b3532214bc3bad13e7ea9518ddf,2020-03-21_01-04-11,1584752651,10.254942178726196,13543.536031007767,23993,eclipse,137.195.211.213,13543.536031007767,7336000,1310,28,2ed37c9e,0.27,0.0,1.0,11.354611599401162,0.98889865900709,1.482608744379009,7210240,7336000,3142.579,6.697,7017.491,18.2,2.278125047683716,4.999999873689376e-05,228539.375,-0.03707961365580559,228539.375,0.2938346266746521,0.012920129112899303,0.7502332329750061,0.0
3876.635624941662,-167.50511654576616,507.9940309072731,100.0,56,5600,False,7341600,73416,1311,ae3b9b3532214bc3bad13e7ea9518ddf,2020-03-21_01-04-21,1584752661,10.304920434951782,13553.840951442719,23993,eclipse,137.195.211.213,13553.840951442719,7341600,1311,28,2ed37c9e,0.36,0.0,1.0,11.354831533946248,0.9888964040392263,1.4826382359717587,7215744,7341600,3161.814,6.628,7010.861,18.525,2.278125047683716,4.999999873689376e-05,233315.765625,-0.03820230811834335,233315.8125,0.2998563349246979,0.011795934289693832,0.44697731733322144,0.0
3516.66355471932,-167.50511654576616,476.7874159261408,100.0,56,5600,False,7347200,73472,1312,ae3b9b3532214bc3bad13e7ea9518ddf,2020-03-21_01-04-32,1584752672,10.37778615951538,13564.218737602234,23993,eclipse,137.195.211.213,13564.218737602234,7347200,1312,28,2ed37c9e,0.4,0.0,1.0,11.354938041232622,0.988889045231212,1.4826342816474694,7221248,7347200,3165.751,6.53,7008.316,18.564,2.278125047683716,4.999999873689376e-05,159634.015625,-0.031312670558691025,159634.015625,0.3227156102657318,0.013033697381615639,0.7991692423820496,0.0
2766.4235563412485,-190.29824853174546,377.25742841133376,100.0,56,5600,False,7352800,73528,1313,ae3b9b3532214bc3bad13e7ea9518ddf,2020-03-21_01-04-42,1584752682,10.462662935256958,13574.68140053749,23993,eclipse,137.195.211.213,13574.68140053749,7352800,1313,28,2ed37c9e,0.43,0.0,1.0,11.3549551723059,0.9888769711059494,1.4826157485398277,7226752,7352800,3164.47,6.357,7015.176,18.049,2.278125047683716,4.999999873689376e-05,131111.359375,-0.03290325403213501,131111.34375,0.2982714772224426,0.014832714572548866,0.7357452511787415,0.0
2766.4235563412485,-190.29824853174546,358.10436355110846,100.0,56,5600,False,7358400,73584,1314,ae3b9b3532214bc3bad13e7ea9518ddf,2020-03-21_01-04-53,1584752693,10.343130588531494,13585.024531126022,23993,eclipse,137.195.211.213,13585.024531126022,7358400,1314,28,2ed37c9e,0.37,0.0,1.0,11.355068730436821,0.988870227642513,1.4825922058260657,7232256,7358400,3161.947,6.324,7029.006,17.951,2.278125047683716,4.999999873689376e-05,122393.71875,-0.033612124621868134,122393.7109375,0.32548779249191284,0.015007716603577137,0.10139086097478867,0.0
2445.1070215648806,-211.48660776465405,353.921011650405,100.0,56,5600,False,7364000,73640,1315,ae3b9b3532214bc3bad13e7ea9518ddf,2020-03-21_01-05-03,1584752703,10.407665014266968,13595.43219614029,23993,eclipse,137.195.211.213,13595.43219614029,7364000,1315,28,2ed37c9e,0.35,0.0,1.0,11.35511260720674,0.9888554186965891,1.4825731540439335,7237760,7364000,3134.013,6.587,7072.313,17.876,2.278125047683716,4.999999873689376e-05,76960.28125,-0.03212803229689598,76960.2890625,0.38612085580825806,0.01103649940341711,1.290143370628357,0.0
5194.121939105393,-211.48660776465405,278.7690271071824,100.0,56,5600,False,7369600,73696,1316,ae3b9b3532214bc3bad13e7ea9518ddf,2020-03-21_01-05-13,1584752713,10.268381595611572,13605.7005777359,23993,eclipse,137.195.211.213,13605.7005777359,7369600,1316,28,2ed37c9e,0.25,0.0,1.0,11.355003308525664,0.9888501902987485,1.4825562731977624,7243264,7369600,3117.424,6.685,7106.226,17.755,2.278125047683716,4.999999873689376e-05,160422.984375,-0.03779979795217514,160423.0,0.29831454157829285,0.009729048237204552,1.2112141847610474,0.0
5194.121939105393,-41.05668570205805,339.3377855301948,100.0,56,5600,False,7375200,73752,1317,ae3b9b3532214bc3bad13e7ea9518ddf,2020-03-21_01-05-24,1584752724,10.539165258407593,13616.239742994308,23993,eclipse,137.195.211.213,13616.239742994308,7375200,1317,28,2ed37c9e,0.29,0.0,1.0,11.354983462774644,0.9888460143904547,1.4825309355613205,7248768,7375200,3121.846,6.5,7150.035,17.291,2.278125047683716,4.999999873689376e-05,120510.234375,-0.03231009468436241,120510.2421875,0.3558366894721985,0.013601799495518208,0.4643298387527466,0.0
3113.389226237736,-35.55177684094947,391.9554061694547,100.0,56,5600,False,7380800,73808,1318,ae3b9b3532214bc3bad13e7ea9518ddf,2020-03-21_01-05-35,1584752735,10.5234375,13626.763180494308,23993,eclipse,137.195.211.213,13626.763180494308,7380800,1318,28,2ed37c9e,0.4,0.0,1.0,11.35517827285276,0.9888434622823206,1.482510347819115,7254272,7380800,3095.372,6.469,7175.244,18.144,2.278125047683716,4.999999873689376e-05,146105.09375,-0.030780848115682602,146105.09375,0.34867316484451294,0.013377112336456776,-0.0322231687605381,0.0
3113.389226237736,-35.55177684094947,381.3385841428525,100.0,56,5600,False,7386400,73864,1319,ae3b9b3532214bc3bad13e7ea9518ddf,2020-03-21_01-05-45,1584752745,10.506009817123413,13637.269190311432,23993,eclipse,137.195.211.213,13637.269190311432,7386400,1319,28,2ed37c9e,0.35,0.0,1.0,11.355340871863673,0.988846192605053,1.4824866960163288,7259776,7386400,3082.812,6.312,7226.297,18.401,2.278125047683716,4.999999873689376e-05,111637.0703125,-0.03306407481431961,111637.0703125,0.3572096824645996,0.014968312345445156,0.7317516207695007,0.0
3878.89854398125,-38.31776196654676,308.312449962055,100.0,56,5600,False,7392000,73920,1320,ae3b9b3532214bc3bad13e7ea9518ddf,2020-03-21_01-05-56,1584752756,10.418782234191895,13647.687972545624,23993,eclipse,137.195.211.213,13647.687972545624,7392000,1320,28,2ed37c9e,0.32,0.0,1.0,11.355403649554551,0.988844556829104,1.4824620318249442,7265280,7392000,3070.021,6.34,7256.602,18.634,2.278125047683716,4.999999873689376e-05,153731.25,-0.029979676008224487,153731.25,0.32632267475128174,0.015561890788376331,0.7478870153427124,0.0
4416.215316581475,-273.63577938418,447.0085509326026,100.0,56,5600,False,7397600,73976,1321,ae3b9b3532214bc3bad13e7ea9518ddf,2020-03-21_01-06-06,1584752766,10.626587390899658,13658.314559936523,23993,eclipse,137.195.211.213,13658.314559936523,7397600,1321,28,2ed37c9e,0.38,0.0,1.0,11.35553592103381,0.9888339172369647,1.4824414405712458,7270784,7397600,3077.71,6.306,7279.589,18.659,2.278125047683716,4.999999873689376e-05,243116.75,-0.03167897090315819,243116.71875,0.30631887912750244,0.015770860016345978,0.339578241109848,0.0
4416.215316581475,-491.52700364865177,441.62135403563315,100.0,56,5600,False,7403200,74032,1322,ae3b9b3532214bc3bad13e7ea9518ddf,2020-03-21_01-06-17,1584752777,10.433892011642456,13668.748451948166,23993,eclipse,137.195.211.213,13668.748451948166,7403200,1322,28,2ed37c9e,0.36,0.0,1.0,11.35570428159133,0.9888234920197183,1.4824252103767872,7276288,7403200,3073.126,6.382,7288.515,18.918,2.278125047683716,4.999999873689376e-05,105254.8046875,-0.034738730639219284,105254.8046875,0.3536275327205658,0.013200485147535801,0.455684095621109,0.0
2167.1257933162374,-491.52700364865177,247.24185537910384,100.0,56,5600,False,7408800,74088,1323,ae3b9b3532214bc3bad13e7ea9518ddf,2020-03-21_01-06-27,1584752787,10.40990686416626,13679.158358812332,23993,eclipse,137.195.211.213,13679.158358812332,7408800,1323,28,2ed37c9e,0.27,0.0,1.0,11.35577531951461,0.9888163185102837,1.482406172467452,7281792,7408800,3073.827,6.694,7282.63,19.161,2.278125047683716,4.999999873689376e-05,66070.65625,-0.03419570252299309,66070.65625,0.38357922434806824,0.014870657585561275,0.6491071581840515,0.0
3765.455136509412,-612.0067222785065,307.8635845962233,100.0,56,5600,False,7414400,74144,1324,ae3b9b3532214bc3bad13e7ea9518ddf,2020-03-21_01-06-38,1584752798,10.532269716262817,13689.690628528595,23993,eclipse,137.195.211.213,13689.690628528595,7414400,1324,28,2ed37c9e,0.28,0.0,1.0,11.355840389828865,0.9888071412932657,1.482379284338479,7287296,7414400,3081.178,6.527,7295.136,19.058,2.278125047683716,4.999999873689376e-05,182101.078125,-0.0370483435690403,182101.109375,0.3200274705886841,0.01217122282832861,0.7357438206672668,0.0
3765.455136509412,-35.47904680194175,257.3645480389478,100.0,56,5600,False,7420000,74200,1325,ae3b9b3532214bc3bad13e7ea9518ddf,2020-03-21_01-06-48,1584752808,10.451541185379028,13700.142169713974,23993,eclipse,137.195.211.213,13700.142169713974,7420000,1325,28,2ed37c9e,0.25,0.0,1.0,11.355982386701083,0.9887971587529316,1.4823484312948205,7292800,7420000,3085.24,6.694,7293.701,18.403,2.278125047683716,4.999999873689376e-05,64650.0,-0.029974674805998802,64649.99609375,0.35681143403053284,0.013874229975044727,0.4895554482936859,0.0
2893.1962955938316,-34.25467642802198,240.2171298338752,100.0,56,5600,False,7425600,74256,1326,ae3b9b3532214bc3bad13e7ea9518ddf,2020-03-21_01-06-59,1584752819,10.340694189071655,13710.482863903046,23993,eclipse,137.195.211.213,13710.482863903046,7425600,1326,28,2ed37c9e,0.22,0.0,1.0,11.356107794594974,0.988784141400265,1.4823284645331967,7298304,7425600,3085.417,6.641,7300.018,18.735,2.278125047683716,4.999999873689376e-05,91824.0,-0.0319085568189621,91824.0,0.2851947844028473,0.013773112557828426,0.6378504037857056,0.0
2835.9754874542296,-239.59018476190545,327.41371075124096,100.0,56,5600,False,7431200,74312,1327,ae3b9b3532214bc3bad13e7ea9518ddf,2020-03-21_01-07-09,1584752829,10.336097002029419,13720.818960905075,23993,eclipse,137.195.211.213,13720.818960905075,7431200,1327,28,2ed37c9e,0.27,0.0,1.0,11.35616798305816,0.9887751632537277,1.4823102425016672,7303808,7431200,3070.839,6.748,7292.131,19.222,2.278125047683716,4.999999873689376e-05,159902.515625,-0.037809934467077255,159902.515625,0.31235840916633606,0.013494652695953846,0.3565770387649536,0.0
3107.970403762403,-547.17396957922,341.3143568734877,100.0,56,5600,False,7436800,74368,1328,ae3b9b3532214bc3bad13e7ea9518ddf,2020-03-21_01-07-20,1584752840,10.429538488388062,13731.248499393463,23993,eclipse,137.195.211.213,13731.248499393463,7436800,1328,28,2ed37c9e,0.28,0.0,1.0,11.356347612548063,0.9887713733234808,1.4822927931761827,7309312,7436800,3063.469,6.969,7292.553,19.35,2.278125047683716,4.999999873689376e-05,153456.296875,-0.02999379113316536,153456.296875,0.3235798180103302,0.013457195833325386,0.4118765592575073,0.0
3107.970403762403,-227.89366183899614,340.6071352380215,100.0,56,5600,False,7442400,74424,1329,ae3b9b3532214bc3bad13e7ea9518ddf,2020-03-21_01-07-30,1584752850,10.392513513565063,13741.641012907028,23993,eclipse,137.195.211.213,13741.641012907028,7442400,1329,28,2ed37c9e,0.35,0.0,1.0,11.356589597776988,0.988765806341803,1.4822626184336714,7314816,7442400,3062.682,6.848,7280.959,18.674,2.278125047683716,4.999999873689376e-05,87574.7734375,-0.03021702729165554,87574.7734375,0.3673197627067566,0.014341343194246292,0.11960597336292267,0.0
3644.738987384021,-482.52915718050235,337.9725961125995,100.0,56,5600,False,7448000,74480,1330,ae3b9b3532214bc3bad13e7ea9518ddf,2020-03-21_01-07-40,1584752860,10.370736598968506,13752.011749505997,23993,eclipse,137.195.211.213,13752.011749505997,7448000,1330,28,2ed37c9e,0.3,0.0,1.0,11.35677190978128,0.9887588516578782,1.4822375814235016,7320320,7448000,3064.085,6.779,7276.871,18.234,2.278125047683716,4.999999873689376e-05,142762.1875,-0.03762442618608475,142762.203125,0.29970380663871765,0.012589758262038231,0.15091200172901154,0.0
3644.738987384021,-482.52915718050235,206.80952408392798,100.0,56,5600,False,7453600,74536,1331,ae3b9b3532214bc3bad13e7ea9518ddf,2020-03-21_01-07-51,1584752871,10.330064296722412,13762.34181380272,23993,eclipse,137.195.211.213,13762.34181380272,7453600,1331,28,2ed37c9e,0.17,0.0,1.0,11.356935491046297,0.9887502355969862,1.4822234626090978,7325824,7453600,3051.014,6.828,7262.89,18.017,2.278125047683716,4.999999873689376e-05,57635.19921875,-0.03581240773200989,57635.2109375,0.22696731984615326,0.012190857902169228,0.2905309796333313,0.0
2665.081960072843,-38.82710910362289,196.72620780763,100.0,56,5600,False,7459200,74592,1332,ae3b9b3532214bc3bad13e7ea9518ddf,2020-03-21_01-08-01,1584752881,10.365800142288208,13772.707613945007,23993,eclipse,137.195.211.213,13772.707613945007,7459200,1332,28,2ed37c9e,0.19,0.0,1.0,11.357112470912847,0.9887345897262385,1.4821959076684745,7331328,7459200,3047.832,6.868,7261.42,17.655,2.278125047683716,4.999999873689376e-05,77339.5078125,-0.03520148620009422,77339.515625,0.3292762041091919,0.012468133121728897,0.5151017308235168,0.0
3536.6509329171554,-38.82710910362289,307.67348793886197,100.0,56,5600,False,7464800,74648,1333,ae3b9b3532214bc3bad13e7ea9518ddf,2020-03-21_01-08-11,1584752891,10.058468103408813,13782.766082048416,23993,eclipse,137.195.211.213,13782.766082048416,7464800,1333,28,2ed37c9e,0.31,0.0,1.0,11.357287697244907,0.9887298285197917,1.4821635815339107,7336832,7464800,3051.755,6.59,7220.241,18.055,2.278125047683716,4.999999873689376e-05,149338.171875,-0.03960258513689041,149338.203125,0.2985146641731262,0.01241984497755766,0.26399004459381104,0.0
2559.8178229578057,-644.6798748290129,273.17266352887367,100.0,56,5600,False,7470400,74704,1334,ae3b9b3532214bc3bad13e7ea9518ddf,2020-03-21_01-08-21,1584752901,10.109762191772461,13792.875844240189,23993,eclipse,137.195.211.213,13792.875844240189,7470400,1334,28,2ed37c9e,0.32,0.0,1.0,11.357590415794986,0.988730198039448,1.4821773222155923,7342336,7470400,3055.578,6.736,7170.886,19.063,2.278125047683716,4.999999873689376e-05,89315.7421875,-0.03328415006399155,89315.7265625,0.2940872609615326,0.0149765620008111,0.1928652822971344,0.0
3762.4483138349215,-644.6798748290129,345.80537329762706,100.0,56,5600,False,7476000,74760,1335,ae3b9b3532214bc3bad13e7ea9518ddf,2020-03-21_01-08-31,1584752911,10.003139972686768,13802.878984212875,23993,eclipse,137.195.211.213,13802.878984212875,7476000,1335,28,2ed37c9e,0.32,0.0,1.0,11.357963748380875,0.9887343767368568,1.482208210995766,7347840,7476000,3060.877,6.848,7122.509,19.543,2.278125047683716,4.999999873689376e-05,141846.890625,-0.033753108233213425,141846.90625,0.31019318103790283,0.011600731872022152,-0.0034398732241243124,0.0
3762.4483138349215,-41.37472939913755,333.60890237175244,100.0,56,5600,False,7481600,74816,1336,ae3b9b3532214bc3bad13e7ea9518ddf,2020-03-21_01-08-42,1584752922,10.3342604637146,13813.21324467659,23993,eclipse,137.195.211.213,13813.21324467659,7481600,1336,28,2ed37c9e,0.3,0.0,1.0,11.358324753723398,0.9887361999690795,1.4822284896504043,7353344,7481600,3096.21,7.18,7085.757,19.513,2.278125047683716,4.999999873689376e-05,83356.65625,-0.028771303594112396,83356.65625,0.32162678241729736,0.013465574942529202,0.5139446258544922,0.0
5405.449102369593,-41.37472939913755,242.922384813034,100.0,56,5600,False,7487200,74872,1337,ae3b9b3532214bc3bad13e7ea9518ddf,2020-03-21_01-08-52,1584752932,10.360056161880493,13823.57330083847,23993,eclipse,137.195.211.213,13823.57330083847,7487200,1337,28,2ed37c9e,0.2,0.0,1.0,11.358515107271892,0.9887364395368325,1.4822433229614642,7358848,7487200,3114.101,7.09,7069.464,19.787,2.278125047683716,4.999999873689376e-05,173199.890625,-0.0368867851793766,173199.9375,0.2941720485687256,0.011555011384189129,0.9755497574806213,0.0
5405.449102369593,-39.23559848331917,361.3962308991935,100.0,56,5600,False,7492800,74928,1338,ae3b9b3532214bc3bad13e7ea9518ddf,2020-03-21_01-09-02,1584752942,10.19110107421875,13833.76440191269,23993,eclipse,137.195.211.213,13833.76440191269,7492800,1338,28,2ed37c9e,0.33,0.0,1.0,11.358628133682931,0.988755251477369,1.4822548280469356,7364352,7492800,3128.674,6.898,7029.806,20.021,2.278125047683716,4.999999873689376e-05,200736.421875,-0.043140340596437454,200736.4375,0.2996654808521271,0.010975873097777367,0.9916163682937622,0.0
4187.005809471918,-39.23559848331917,294.73122828287325,100.0,56,5600,False,7498400,74984,1339,ae3b9b3532214bc3bad13e7ea9518ddf,2020-03-21_01-09-13,1584752953,10.36254334449768,13844.126945257187,23993,eclipse,137.195.211.213,13844.126945257187,7498400,1339,28,2ed37c9e,0.35,0.0,1.0,11.358808046444025,0.9887756168656326,1.4822739244006675,7369856,7498400,3137.925,7.109,7018.044,20.603,2.278125047683716,4.999999873689376e-05,130969.859375,-0.03693796694278717,130969.875,0.27387192845344543,0.010917960666120052,0.5970268845558167,0.0
4187.005809471918,-35.97571495398621,351.60539660220974,100.0,56,5600,False,7504000,75040,1340,ae3b9b3532214bc3bad13e7ea9518ddf,2020-03-21_01-09-23,1584752963,10.39505672454834,13854.522001981735,23993,eclipse,137.195.211.213,13854.522001981735,7504000,1340,28,2ed37c9e,0.28,0.0,1.0,11.359071596824364,0.9887830899601882,1.4822664963233065,7375360,7504000,3133.56,7.161,7023.222,20.947,2.278125047683716,4.999999873689376e-05,161162.390625,-0.03644999489188194,161162.40625,0.24917231500148773,0.01208354253321886,0.18985499441623688,0.0
3524.3150392433577,-403.75050362757423,258.8753504163004,100.0,56,5600,False,7509600,75096,1341,ae3b9b3532214bc3bad13e7ea9518ddf,2020-03-21_01-09-34,1584752974,10.482031345367432,13865.004033327103,23993,eclipse,137.195.211.213,13865.004033327103,7509600,1341,28,2ed37c9e,0.29,0.0,1.0,11.359152556109652,0.988778570243567,1.4822377931659878,7380864,7509600,3134.671,7.114,7034.932,20.977,2.278125047683716,4.999999873689376e-05,113598.9453125,-0.03843410313129425,113598.953125,0.31873223185539246,0.010821511037647724,0.7045897245407104,0.0
4633.764848092242,-403.75050362757423,347.7842578911056,100.0,56,5600,False,7515200,75152,1342,ae3b9b3532214bc3bad13e7ea9518ddf,2020-03-21_01-09-44,1584752984,10.370095252990723,13875.374128580093,23993,eclipse,137.195.211.213,13875.374128580093,7515200,1342,28,2ed37c9e,0.29,0.0,1.0,11.359212467980633,0.9887728714854833,1.4822045495871878,7386368,7515200,3138.706,7.058,7028.624,21.55,2.278125047683716,4.999999873689376e-05,184109.84375,-0.03313693404197693,184109.859375,0.295710951089859,0.011844174936413765,0.3459285795688629,0.0
4633.764848092242,-41.727313685749024,416.62742946469365,100.0,56,5600,False,7520800,75208,1343,ae3b9b3532214bc3bad13e7ea9518ddf,2020-03-21_01-09-55,1584752995,10.477212190628052,13885.851340770721,23993,eclipse,137.195.211.213,13885.851340770721,7520800,1343,28,2ed37c9e,0.29,0.0,1.0,11.359300706995699,0.9887653627146118,1.4821776126236512,7391872,7520800,3136.621,7.097,7073.292,21.604,2.278125047683716,4.999999873689376e-05,217068.0625,-0.03658515214920044,217068.09375,0.285690039396286,0.012717151083052158,0.6383492946624756,0.0
4028.7227040877146,-336.06313251418965,412.27545939527806,100.0,56,5600,False,7526400,75264,1344,ae3b9b3532214bc3bad13e7ea9518ddf,2020-03-21_01-10-05,1584753005,9.977338790893555,13895.828679561615,23993,eclipse,137.195.211.213,13895.828679561615,7526400,1344,28,2ed37c9e,0.34,0.0,1.0,11.359397404159179,0.9887504908429895,1.4821559797154011,7397376,7526400,3122.129,7.015,7076.44,21.196,2.278125047683716,4.999999873689376e-05,112621.71875,-0.0355529710650444,112621.71875,0.29595839977264404,0.014290827326476574,0.4868656396865845,0.0
3323.8138768346425,-386.0362060812815,360.6597991725646,100.0,56,5600,False,7532000,75320,1345,ae3b9b3532214bc3bad13e7ea9518ddf,2020-03-21_01-10-15,1584753015,10.357070446014404,13906.18575000763,23993,eclipse,137.195.211.213,13906.18575000763,7532000,1345,28,2ed37c9e,0.32,0.0,1.0,11.359622916014562,0.9887474226512393,1.4821697046225757,7402880,7532000,3122.831,6.717,7112.567,20.861,2.278125047683716,4.999999873689376e-05,152928.765625,-0.029519079253077507,152928.765625,0.3425498306751251,0.015256563201546669,0.45862579345703125,0.0
3323.8138768346425,-509.5382848185565,283.53968141074745,100.0,56,5600,False,7537600,75376,1346,ae3b9b3532214bc3bad13e7ea9518ddf,2020-03-21_01-10-26,1584753026,10.380131721496582,13916.565881729126,23993,eclipse,137.195.211.213,13916.565881729126,7537600,1346,28,2ed37c9e,0.3,0.0,1.0,11.359823487520657,0.9887524027323384,1.4821835478059768,7408384,7537600,3091.481,6.453,7148.503,20.354,2.278125047683716,4.999999873689376e-05,75387.4453125,-0.0310951117426157,75387.4453125,0.3426096439361572,0.013657459989190102,0.479370653629303,0.0
2655.57990618662,-509.5382848185565,271.09592195281516,100.0,56,5600,False,7543200,75432,1347,ae3b9b3532214bc3bad13e7ea9518ddf,2020-03-21_01-10-36,1584753036,10.331777095794678,13926.89765882492,23993,eclipse,137.195.211.213,13926.89765882492,7543200,1347,28,2ed37c9e,0.32,0.0,1.0,11.359896194715612,0.9887520637106213,1.4821706140729194,7413888,7543200,3071.461,6.252,7168.533,20.35,2.278125047683716,4.999999873689376e-05,79189.875,-0.03541535139083862,79189.890625,0.3339119553565979,0.013356605544686317,0.2873276472091675,0.0
2973.3933590054576,-36.17603003360755,272.1750679941982,100.0,56,5600,False,7548800,75488,1348,ae3b9b3532214bc3bad13e7ea9518ddf,2020-03-21_01-10-46,1584753046,10.463125944137573,13937.360784769058,23993,eclipse,137.195.211.213,13937.360784769058,7548800,1348,28,2ed37c9e,0.28,0.0,1.0,11.359976520580007,0.9887498443733301,1.482154457126879,7419392,7548800,3059.388,6.326,7206.493,20.894,2.278125047683716,4.999999873689376e-05,84773.46875,-0.036692064255476,84773.484375,0.3351961076259613,0.014754079282283783,0.15296508371829987,0.0
3989.4506965548617,-36.17603003360755,298.42403968197823,100.0,56,5600,False,7554400,75544,1349,ae3b9b3532214bc3bad13e7ea9518ddf,2020-03-21_01-10-57,1584753057,10.366516351699829,13947.727301120758,23993,eclipse,137.195.211.213,13947.727301120758,7554400,1349,28,2ed37c9e,0.24,0.0,1.0,11.360129598035801,0.9887554659846615,1.4821327631346906,7424896,7554400,3043.926,5.816,7221.543,20.611,2.278125047683716,4.999999873689376e-05,204989.859375,-0.033943794667720795,204989.859375,0.2095469832420349,0.011088287457823753,0.29084649682044983,0.0
3989.4506965548617,-454.35896797677987,312.3706421911843,100.0,56,5600,False,7560000,75600,1350,ae3b9b3532214bc3bad13e7ea9518ddf,2020-03-21_01-11-07,1584753067,10.426719188690186,13958.154020309448,23993,eclipse,137.195.211.213,13958.154020309448,7560000,1350,28,2ed37c9e,0.28,0.0,1.0,11.360187506623932,0.988758350500359,1.4821072941771332,7430400,7560000,3044.274,5.704,7224.286,20.276,2.278125047683716,4.999999873689376e-05,108185.0,-0.03376195207238197,108185.0,0.35172921419143677,0.014155657961964607,0.5233843326568604,0.0
3316.626613664053,-485.0383210165653,360.8002268793545,100.0,56,5600,False,7565600,75656,1351,ae3b9b3532214bc3bad13e7ea9518ddf,2020-03-21_01-11-18,1584753078,10.47957706451416,13968.633597373962,23993,eclipse,137.195.211.213,13968.633597373962,7565600,1351,28,2ed37c9e,0.41,0.0,1.0,11.360310980340495,0.9887527009809735,1.482079654630169,7435904,7565600,3049.205,5.934,7219.631,20.489,2.278125047683716,4.999999873689376e-05,125410.8828125,-0.03337041661143303,125410.8828125,0.30795612931251526,0.01602097786962986,0.31690290570259094,0.0
3420.572304824116,-575.1901617536355,278.81771764761595,100.0,56,5600,False,7571200,75712,1352,ae3b9b3532214bc3bad13e7ea9518ddf,2020-03-21_01-11-28,1584753088,10.38583254814148,13979.019429922104,23993,eclipse,137.195.211.213,13979.019429922104,7571200,1352,28,2ed37c9e,0.33,0.0,1.0,11.360526934099296,0.9887487742022222,1.4820567884557931,7441408,7571200,3049.097,5.858,7223.035,20.619,2.278125047683716,4.999999873689376e-05,110394.46875,-0.03425746038556099,110394.46875,0.2561032772064209,0.011201377958059311,0.24257653951644897,0.0
3420.572304824116,-575.1901617536355,263.1240960376413,100.0,56,5600,False,7576800,75768,1353,ae3b9b3532214bc3bad13e7ea9518ddf,2020-03-21_01-11-39,1584753099,10.259363889694214,13989.278793811798,23993,eclipse,137.195.211.213,13989.278793811798,7576800,1353,28,2ed37c9e,0.25,0.0,1.0,11.360686799737097,0.9887502626764071,1.482038172690898,7446912,7576800,3038.586,5.974,7212.126,20.873,2.278125047683716,4.999999873689376e-05,107389.3984375,-0.03224438056349754,107389.3984375,0.35484328866004944,0.014445572160184383,0.46781522035598755,0.0
3654.102208888976,-39.39791986386379,285.80529896817285,100.0,56,5600,False,7582400,75824,1354,ae3b9b3532214bc3bad13e7ea9518ddf,2020-03-21_01-11-49,1584753109,10.477906227111816,13999.75670003891,23993,eclipse,137.195.211.213,13999.75670003891,7582400,1354,28,2ed37c9e,0.23,0.0,1.0,11.360833138717194,0.9887596169283479,1.482017922158222,7452416,7582400,3049.032,6.023,7252.175,21.154,2.278125047683716,4.999999873689376e-05,94212.71875,-0.027087949216365814,94212.7265625,0.359747976064682,0.014388062059879303,0.23670420050621033,0.0
3654.102208888976,-129.5930687043973,265.0434277603978,100.0,56,5600,False,7588000,75880,1355,ae3b9b3532214bc3bad13e7ea9518ddf,2020-03-21_01-12-00,1584753120,10.524250030517578,14010.280950069427,23993,eclipse,137.195.211.213,14010.280950069427,7588000,1355,28,2ed37c9e,0.27,0.0,1.0,11.36098872932551,0.9887702242935592,1.4820321629109157,7457920,7588000,3052.063,6.018,7265.296,21.531,2.278125047683716,4.999999873689376e-05,62817.44921875,-0.03461519256234169,62817.46484375,0.3229895532131195,0.010834356769919395,0.7367770075798035,0.0
2914.8245149847808,-361.87852080818675,296.1080775963743,100.0,56,5600,False,7593600,75936,1356,ae3b9b3532214bc3bad13e7ea9518ddf,2020-03-21_01-12-10,1584753130,10.443770408630371,14020.724720478058,23993,eclipse,137.195.211.213,14020.724720478058,7593600,1356,28,2ed37c9e,0.23,0.0,1.0,11.361051012467229,0.9887799605880773,1.4820402703784488,7463424,7593600,3052.909,6.13,7270.347,21.492,2.278125047683716,4.999999873689376e-05,150903.59375,-0.033132266253232956,150903.609375,0.34355586767196655,0.015896817669272423,0.2976536750793457,0.0
2914.8245149847808,-552.1861299188782,246.82888851356552,100.0,56,5600,False,7599200,75992,1357,ae3b9b3532214bc3bad13e7ea9518ddf,2020-03-21_01-12-21,1584753141,10.396176815032959,14031.12089729309,23993,eclipse,137.195.211.213,14031.12089729309,7599200,1357,28,2ed37c9e,0.16,0.0,1.0,11.3610164773519,0.9887787016805639,1.4820183375330567,7468928,7599200,3057.082,6.497,7272.835,20.501,2.278125047683716,4.999999873689376e-05,76625.859375,-0.03525349125266075,76625.8671875,0.21719926595687866,0.012834441848099232,0.4223985970020294,0.0
2321.2859062444213,-40.59698284448545,245.84414283804708,100.0,56,5600,False,7604800,76048,1358,ae3b9b3532214bc3bad13e7ea9518ddf,2020-03-21_01-12-31,1584753151,10.522648811340332,14041.643546104431,23993,eclipse,137.195.211.213,14041.643546104431,7604800,1358,28,2ed37c9e,0.22,0.0,1.0,11.361111720875963,0.9887730343366867,1.4820003948196534,7474432,7604800,3062.556,6.556,7274.06,19.964,2.278125047683716,4.999999873689376e-05,83282.171875,-0.029741082340478897,83282.171875,0.36023831367492676,0.014907825738191605,0.18269531428813934,0.0
4004.0036120460463,-416.0448906370888,432.95107430583033,100.0,56,5600,False,7610400,76104,1359,ae3b9b3532214bc3bad13e7ea9518ddf,2020-03-21_01-12-42,1584753162,10.366778135299683,14052.01032423973,23993,eclipse,137.195.211.213,14052.01032423973,7610400,1359,28,2ed37c9e,0.34,0.0,1.0,11.361209450979224,0.9887635171147173,1.4819821699892686,7479936,7610400,3069.293,6.952,7269.32,19.986,2.278125047683716,4.999999873689376e-05,277342.3125,-0.039520494639873505,277342.3125,0.3395310938358307,0.011751064099371433,0.5035302639007568,0.0
4004.0036120460463,-595.4593530231764,336.2083147346642,100.0,56,5600,False,7616000,76160,1360,ae3b9b3532214bc3bad13e7ea9518ddf,2020-03-21_01-12-52,1584753172,10.344802618026733,14062.355126857758,23993,eclipse,137.195.211.213,14062.355126857758,7616000,1360,28,2ed37c9e,0.35,0.0,1.0,11.361142403167028,0.98876804718736,1.481961507120481,7485440,7616000,3063.697,6.94,7266.081,20.214,2.278125047683716,4.999999873689376e-05,52799.62890625,-0.03263280168175697,52799.640625,0.3542993664741516,0.0132972477003932,0.8519982695579529,0.0
3435.6681308158577,-595.4593530231764,298.4216644310956,100.0,56,5600,False,7621600,76216,1361,ae3b9b3532214bc3bad13e7ea9518ddf,2020-03-21_01-13-02,1584753182,10.370758056640625,14072.725884914398,23993,eclipse,137.195.211.213,14072.725884914398,7621600,1361,28,2ed37c9e,0.3,0.0,1.0,11.361152907340358,0.9887650206526186,1.4819344820901126,7490944,7621600,3056.185,6.657,7263.29,19.742,2.278125047683716,4.999999873689376e-05,154028.0625,-0.0352325364947319,154028.0625,0.3268153667449951,0.01377920899540186,0.5404552817344666,0.0
3435.6681308158577,-37.957646389683354,429.79432074096417,100.0,56,5600,False,7627200,76272,1362,ae3b9b3532214bc3bad13e7ea9518ddf,2020-03-21_01-13-13,1584753193,10.836406707763672,14083.562291622162,23993,eclipse,137.195.211.213,14083.562291622162,7627200,1362,28,2ed37c9e,0.31,0.0,1.0,11.361585593004692,0.9887920676785197,1.4820158154682475,7496448,7627200,3098.374,6.774,7267.136,19.194,2.278125047683716,4.999999873689376e-05,203031.109375,-0.036086589097976685,203031.140625,0.3046375811100006,0.011497404426336288,0.2556648552417755,0.0
3003.7456032733467,-37.957646389683354,326.18316812586966,100.0,56,5600,False,7632800,76328,1363,ae3b9b3532214bc3bad13e7ea9518ddf,2020-03-21_01-13-24,1584753204,10.337839365005493,14093.900130987167,23993,eclipse,137.195.211.213,14093.900130987167,7632800,1363,28,2ed37c9e,0.27,0.0,1.0,11.36195165255504,0.9888099093390116,1.4820773723381802,7501952,7632800,3102.543,6.661,7271.242,18.539,2.278125047683716,4.999999873689376e-05,76214.34375,-0.03105723299086094,76214.34375,0.35122427344322205,0.014037729240953922,0.7504485249519348,0.0
3653.177701852854,-278.4275908953182,307.96275873752035,100.0,56,5600,False,7638400,76384,1364,ae3b9b3532214bc3bad13e7ea9518ddf,2020-03-21_01-13-34,1584753214,10.323648452758789,14104.223779439926,23993,eclipse,137.195.211.213,14104.223779439926,7638400,1364,28,2ed37c9e,0.2,0.0,1.0,11.361990315807862,0.9888030499296692,1.4820499374189953,7507456,7638400,3092.141,6.331,7266.879,18.249,2.278125047683716,4.999999873689376e-05,227136.234375,-0.035273097455501556,227136.234375,0.3175903558731079,0.01348878163844347,0.34811094403266907,0.0
3844.9364647801785,-278.4275908953182,256.5165354720473,100.0,56,5600,False,7644000,76440,1365,ae3b9b3532214bc3bad13e7ea9518ddf,2020-03-21_01-13-45,1584753225,10.442854166030884,14114.666633605957,23993,eclipse,137.195.211.213,14114.666633605957,7644000,1365,28,2ed37c9e,0.19,0.0,1.0,11.361955049417183,0.9887994733133741,1.4820216918461813,7512960,7644000,3082.12,6.345,7266.487,17.574,2.278125047683716,4.999999873689376e-05,92076.90625,-0.03100181370973587,92076.9140625,0.2550289034843445,0.011117031797766685,0.7999632358551025,0.0
3844.9364647801785,-568.6426506420751,222.65694531011218,100.0,56,5600,False,7649600,76496,1366,ae3b9b3532214bc3bad13e7ea9518ddf,2020-03-21_01-13-55,1584753235,10.422635793685913,14125.089269399643,23993,eclipse,137.195.211.213,14125.089269399643,7649600,1366,28,2ed37c9e,0.26,0.0,1.0,11.361987615961448,0.9887888989992791,1.4819927581846464,7518464,7649600,3082.095,6.318,7265.749,17.94,2.278125047683716,4.999999873689376e-05,78951.1328125,-0.0346575602889061,78951.125,0.3507290780544281,0.016873858869075775,0.5302751660346985,0.0
3032.611246296556,-423.6801758691453,254.3931278108358,100.0,56,5600,False,7655200,76552,1367,ae3b9b3532214bc3bad13e7ea9518ddf,2020-03-21_01-14-05,1584753245,10.4209623336792,14135.510231733322,23993,eclipse,137.195.211.213,14135.510231733322,7655200,1367,28,2ed37c9e,0.31,0.0,1.0,11.362065172353013,0.988780107669077,1.4819642824514225,7523968,7655200,3086.601,6.356,7262.847,18.772,2.278125047683716,4.999999873689376e-05,66327.546875,-0.0334053598344326,66327.5390625,0.3612286448478699,0.014755060896277428,0.5057342052459717,0.0
2210.720768328639,-423.6801758691453,205.8020969763384,100.0,56,5600,False,7660800,76608,1368,ae3b9b3532214bc3bad13e7ea9518ddf,2020-03-21_01-14-16,1584753256,10.435879230499268,14145.946110963821,23993,eclipse,137.195.211.213,14145.946110963821,7660800,1368,28,2ed37c9e,0.25,0.0,1.0,11.362107185548243,0.9887760062752728,1.4819368442634948,7529472,7660800,3080.817,6.278,7260.466,17.577,2.278125047683716,4.999999873689376e-05,39229.75,-0.04006296023726463,39229.7578125,0.3102385401725769,0.01278383657336235,0.7354678511619568,0.0
2094.768602105736,-573.6033114300035,242.50292404991592,100.0,56,5600,False,7666400,76664,1369,ae3b9b3532214bc3bad13e7ea9518ddf,2020-03-21_01-14-26,1584753266,10.421277046203613,14156.367388010025,23993,eclipse,137.195.211.213,14156.367388010025,7666400,1369,28,2ed37c9e,0.24,0.0,1.0,11.362123340322478,0.9887734533190775,1.4819062191086476,7534976,7666400,3074.907,6.321,7271.592,17.548,2.278125047683716,4.999999873689376e-05,91100.375,-0.03792547807097435,91100.390625,0.2991185784339905,0.01127504650503397,0.5333080887794495,0.0
3964.8771913473634,-573.6033114300035,389.30549522551695,100.0,56,5600,False,7672000,76720,1370,ae3b9b3532214bc3bad13e7ea9518ddf,2020-03-21_01-14-37,1584753277,10.415446996688843,14166.782835006714,23993,eclipse,137.195.211.213,14166.782835006714,7672000,1370,28,2ed37c9e,0.33,0.0,1.0,11.362181893180344,0.9887740927373665,1.481873509904589,7540480,7672000,3082.944,6.367,7272.04,17.793,2.278125047683716,4.999999873689376e-05,209790.046875,-0.0351138710975647,209790.0625,0.3066469430923462,0.012847665697336197,0.7565146088600159,0.0
3866.438634179622,-35.94735667332657,421.79733576620964,100.0,56,5600,False,7677600,76776,1371,ae3b9b3532214bc3bad13e7ea9518ddf,2020-03-21_01-14-47,1584753287,10.560781717300415,14177.343616724014,23993,eclipse,137.195.211.213,14177.343616724014,7677600,1371,28,2ed37c9e,0.35,0.0,1.0,11.362311054054315,0.9887691950990964,1.4818503312642424,7545984,7677600,3091.455,6.439,7284.21,17.514,2.278125047683716,4.999999873689376e-05,252435.328125,-0.029357541352510452,252435.328125,0.29407185316085815,0.01570790261030197,0.17682915925979614,0.0
3866.438634179622,-37.46907012360947,427.884146179511,100.0,56,5600,False,7683200,76832,1372,ae3b9b3532214bc3bad13e7ea9518ddf,2020-03-21_01-14-58,1584753298,10.378405094146729,14187.722021818161,23993,eclipse,137.195.211.213,14187.722021818161,7683200,1372,28,2ed37c9e,0.36,0.0,1.0,11.362283023446887,0.9887688853063333,1.4818311101609032,7551488,7683200,3043.509,6.472,7284.28,17.558,2.278125047683716,4.999999873689376e-05,83662.359375,-0.03470244258642197,83662.375,0.4228397607803345,0.010245244018733501,1.2869775295257568,0.0
2852.9258103835564,-99.87468935994565,297.9897958567119,100.0,56,5600,False,7688800,76888,1373,ae3b9b3532214bc3bad13e7ea9518ddf,2020-03-21_01-15-08,1584753308,10.476091861724854,14198.198113679886,23993,eclipse,137.195.211.213,14198.198113679886,7688800,1373,28,2ed37c9e,0.26,0.0,1.0,11.362188065914156,0.988773769506038,1.4818084085532341,7556992,7688800,3049.802,6.519,7291.141,17.445,2.278125047683716,4.999999873689376e-05,78058.4921875,-0.032721977680921555,78058.4921875,0.34984129667282104,0.01379009336233139,0.7203577160835266,0.0
1998.2986789608685,-129.28909645568348,258.6977038719575,100.0,56,5600,False,7694400,76944,1374,ae3b9b3532214bc3bad13e7ea9518ddf,2020-03-21_01-15-19,1584753319,10.302537441253662,14208.50065112114,23993,eclipse,137.195.211.213,14208.50065112114,7694400,1374,28,2ed37c9e,0.24,0.0,1.0,11.362207189592686,0.9887718053335565,1.4817911407803444,7562496,7694400,3047.327,7.054,7291.396,17.823,2.278125047683716,4.999999873689376e-05,60624.41796875,-0.037809498608112335,60624.42578125,0.3505076467990875,0.012527215294539928,0.665328323841095,0.0
4000.475631881278,-227.5954739700045,250.2973386848972,100.0,56,5600,False,7700000,77000,1375,ae3b9b3532214bc3bad13e7ea9518ddf,2020-03-21_01-15-29,1584753329,10.306723833084106,14218.807374954224,23993,eclipse,137.195.211.213,14218.807374954224,7700000,1375,28,2ed37c9e,0.25,0.0,1.0,11.362221202281125,0.9887763322299483,1.481774892328226,7568000,7700000,3044.486,6.993,7280.357,18.649,2.278125047683716,4.999999873689376e-05,147785.234375,-0.03421764075756073,147785.25,0.32927992939949036,0.012463322840631008,0.5704559087753296,0.0
4000.475631881278,-227.5954739700045,316.70792657916087,100.0,56,5600,False,7705600,77056,1376,ae3b9b3532214bc3bad13e7ea9518ddf,2020-03-21_01-15-40,1584753340,10.374366521835327,14229.181741476059,23993,eclipse,137.195.211.213,14229.181741476059,7705600,1376,28,2ed37c9e,0.26,0.0,1.0,11.362194337085272,0.9887781077389209,1.4817595992956472,7573504,7705600,3043.269,6.744,7275.626,18.729,2.278125047683716,4.999999873689376e-05,127557.8515625,-0.0308469720184803,127557.859375,0.3816298246383667,0.012218210846185684,0.7470988631248474,0.0
3422.433921462686,-163.13585116315892,333.06599528689395,100.0,56,5600,False,7711200,77112,1377,ae3b9b3532214bc3bad13e7ea9518ddf,2020-03-21_01-15-50,1584753350,10.49892282485962,14239.680664300919,23993,eclipse,137.195.211.213,14239.680664300919,7711200,1377,28,2ed37c9e,0.28,0.0,1.0,11.362211283355268,0.9887732675728322,1.4817381849907385,7579008,7711200,3056.127,6.531,7272.513,17.766,2.278125047683716,4.999999873689376e-05,104668.1875,-0.03591522201895714,104668.1953125,0.34672147035598755,0.012824643403291702,0.21964608132839203,0.0
4213.407370870128,-370.10436714359975,347.57185919850855,100.0,56,5600,False,7716800,77168,1378,ae3b9b3532214bc3bad13e7ea9518ddf,2020-03-21_01-16-01,1584753361,10.467572689056396,14250.148236989975,23993,eclipse,137.195.211.213,14250.148236989975,7716800,1378,28,2ed37c9e,0.29,0.0,1.0,11.362321746003584,0.9887692736447707,1.4817178094640726,7584512,7716800,3055.883,6.445,7276.495,18.506,2.278125047683716,4.999999873689376e-05,180461.3125,-0.03332646191120148,180461.296875,0.3621247410774231,0.016224490478634834,0.2985711693763733,0.0
4847.554900345562,-370.10436714359975,333.29055671268213,100.0,56,5600,False,7722400,77224,1379,ae3b9b3532214bc3bad13e7ea9518ddf,2020-03-21_01-16-11,1584753371,10.373469591140747,14260.521706581116,23993,eclipse,137.195.211.213,14260.521706581116,7722400,1379,28,2ed37c9e,0.32,0.0,1.0,11.362388077617716,0.9887739345262978,1.4816907408171593,7590016,7722400,3059.454,6.473,7267.844,18.313,2.278125047683716,4.999999873689376e-05,166761.265625,-0.029641123488545418,166761.28125,0.30677929520606995,0.011897490359842777,0.5607327818870544,0.0
4847.554900345562,-423.73104599768874,352.05363524099744,100.0,56,5600,False,7728000,77280,1380,ae3b9b3532214bc3bad13e7ea9518ddf,2020-03-21_01-16-21,1584753381,10.291719436645508,14270.813426017761,23993,eclipse,137.195.211.213,14270.813426017761,7728000,1380,28,2ed37c9e,0.32,0.0,1.0,11.362401918071702,0.9887752891789581,1.4816670064943065,7595520,7728000,3051.457,6.371,7264.073,18.036,2.278125047683716,4.999999873689376e-05,84272.1015625,-0.028690172359347343,84272.1015625,0.4085102081298828,0.015192865394055843,0.504441499710083,0.0
4215.736662318406,-423.73104599768874,331.52102024990313,100.0,56,5600,False,7733600,77336,1381,ae3b9b3532214bc3bad13e7ea9518ddf,2020-03-21_01-16-32,1584753392,10.492483377456665,14281.305909395218,23993,eclipse,137.195.211.213,14281.305909395218,7733600,1381,28,2ed37c9e,0.31,0.0,1.0,11.362538042965298,0.9887685098260051,1.4816469638507481,7601024,7733600,3050.025,6.368,7258.244,18.258,2.278125047683716,4.999999873689376e-05,139728.734375,-0.03480558469891548,139728.734375,0.32157590985298157,0.01303185150027275,0.036470506340265274,0.0
4215.736662318406,-219.0668791592266,302.62603580692996,100.0,56,5600,False,7739200,77392,1382,ae3b9b3532214bc3bad13e7ea9518ddf,2020-03-21_01-16-42,1584753402,10.455845355987549,14291.761754751205,23993,eclipse,137.195.211.213,14291.761754751205,7739200,1382,28,2ed37c9e,0.33,0.0,1.0,11.362715466312066,0.9887660818727093,1.4816227055864208,7606528,7739200,3055.347,6.887,7261.46,18.412,2.278125047683716,4.999999873689376e-05,65695.515625,-0.038559865206480026,65695.5234375,0.30953389406204224,0.01198602095246315,0.5775599479675293,0.0
2882.524020822395,-43.64023287616223,222.60907362426363,100.0,56,5600,False,7744800,77448,1383,ae3b9b3532214bc3bad13e7ea9518ddf,2020-03-21_01-16-53,1584753413,10.283241033554077,14302.04499578476,23993,eclipse,137.195.211.213,14302.04499578476,7744800,1383,28,2ed37c9e,0.32,0.0,1.0,11.362725097525008,0.9887674861610083,1.4815981364288904,7612032,7744800,3045.676,7.322,7252.778,18.3,2.278125047683716,4.999999873689376e-05,75844.6484375,-0.032056793570518494,75844.6484375,0.32198089361190796,0.011551075614988804,1.1633120775222778,0.0
3095.3958676070847,-38.4611833884119,306.4065054348102,100.0,56,5600,False,7750400,77504,1384,ae3b9b3532214bc3bad13e7ea9518ddf,2020-03-21_01-17-03,1584753423,10.46135425567627,14312.506350040436,23993,eclipse,137.195.211.213,14312.506350040436,7750400,1384,28,2ed37c9e,0.28,0.0,1.0,11.362630230552385,0.9887639931164129,1.4815688089862176,7617536,7750400,3055.243,6.742,7258.771,18.381,2.278125047683716,4.999999873689376e-05,151610.203125,-0.03814560920000076,151610.1875,0.39419984817504883,0.012243233621120453,0.6275014281272888,0.0
3430.2094400531987,-38.69103963429443,401.18644578624406,100.0,56,5600,False,7756000,77560,1385,ae3b9b3532214bc3bad13e7ea9518ddf,2020-03-21_01-17-14,1584753434,10.289811611175537,14322.796161651611,23993,eclipse,137.195.211.213,14322.796161651611,7756000,1385,28,2ed37c9e,0.32,0.0,1.0,11.36262409275433,0.988760174869073,1.4815368447798583,7623040,7756000,3049.851,6.879,7264.09,18.538,2.278125047683716,4.999999873689376e-05,154063.703125,-0.03484370931982994,154063.703125,0.36685559153556824,0.013249451294541359,0.7457690834999084,0.0
3430.2094400531987,-274.40576775088607,290.2734694215567,100.0,56,5600,False,7761600,77616,1386,ae3b9b3532214bc3bad13e7ea9518ddf,2020-03-21_01-17-24,1584753444,10.451585531234741,14333.247747182846,23993,eclipse,137.195.211.213,14333.247747182846,7761600,1386,28,2ed37c9e,0.28,0.0,1.0,11.362800930613716,0.9887576111296843,1.481507610244754,7628544,7761600,3058.355,7.137,7262.722,18.793,2.278125047683716,4.999999873689376e-05,53265.8203125,-0.038455527275800705,53265.83203125,0.22526468336582184,0.014441452920436859,-0.19479364156723022,0.0
4888.056575318649,-274.40576775088607,374.19434015549376,100.0,56,5600,False,7767200,77672,1387,ae3b9b3532214bc3bad13e7ea9518ddf,2020-03-21_01-17-34,1584753454,10.412873268127441,14343.660620450974,23993,eclipse,137.195.211.213,14343.660620450974,7767200,1387,28,2ed37c9e,0.34,0.0,1.0,11.363020660218076,0.9887516966778483,1.4814804192144797,7634048,7767200,3050.513,7.31,7261.782,19.156,2.278125047683716,4.999999873689376e-05,242594.0625,-0.031274452805519104,242594.0625,0.2191765308380127,0.01180150918662548,-0.14422866702079773,0.0
4888.056575318649,-362.69139683575054,348.48283089913986,100.0,56,5600,False,7772800,77728,1388,ae3b9b3532214bc3bad13e7ea9518ddf,2020-03-21_01-17-45,1584753465,10.44712209701538,14354.107742547989,23993,eclipse,137.195.211.213,14354.107742547989,7772800,1388,28,2ed37c9e,0.34,0.0,1.0,11.36311209526655,0.9887448571534503,1.48145955699589,7639552,7772800,3047.34,7.294,7263.16,18.806,2.278125047683716,4.999999873689376e-05,72317.734375,-0.03140721842646599,72317.7421875,0.360188364982605,0.01241981703788042,0.5117915868759155,0.0
2506.1091412940523,-362.69139683575054,291.94897558005295,100.0,56,5600,False,7778400,77784,1389,ae3b9b3532214bc3bad13e7ea9518ddf,2020-03-21_01-17-55,1584753475,10.408588171005249,14364.516330718994,23993,eclipse,137.195.211.213,14364.516330718994,7778400,1389,28,2ed37c9e,0.29,0.0,1.0,11.36322991614827,0.9887426309328289,1.4814416608160923,7645056,7778400,3045.964,7.185,7267.714,18.944,2.278125047683716,4.999999873689376e-05,102362.171875,-0.035478077828884125,102362.171875,0.30830317735671997,0.014849277213215828,-0.006351366173475981,0.0
2767.8609369997616,-38.76269106096756,318.7027955845468,100.0,56,5600,False,7784000,77840,1390,ae3b9b3532214bc3bad13e7ea9518ddf,2020-03-21_01-18-06,1584753486,10.436526536941528,14374.952857255936,23993,eclipse,137.195.211.213,14374.952857255936,7784000,1390,28,2ed37c9e,0.29,0.0,1.0,11.363461097719682,0.9887308010372388,1.4814194765102042,7650560,7784000,3064.441,7.06,7262.637,19.1,2.278125047683716,4.999999873689376e-05,88954.6953125,-0.02770782820880413,88954.6875,0.3832988739013672,0.01372114010155201,0.36205029487609863,0.0
2767.8609369997616,-126.43747738061946,212.31708290502542,100.0,56,5600,False,7789600,77896,1391,ae3b9b3532214bc3bad13e7ea9518ddf,2020-03-21_01-18-17,1584753497,10.985708475112915,14385.938565731049,23993,eclipse,137.195.211.213,14385.938565731049,7789600,1391,28,2ed37c9e,0.28,0.0,1.0,11.363916890523587,0.9887489691983251,1.481467126292525,7656064,7789600,3106.761,6.859,7267.757,19.644,2.278125047683716,4.999999873689376e-05,34377.15625,-0.03804656118154526,34377.16796875,0.2571786940097809,0.012808922678232193,0.4926567077636719,0.0
1881.3578067857025,-126.43747738061946,220.92843940960393,100.0,56,5600,False,7795200,77952,1392,ae3b9b3532214bc3bad13e7ea9518ddf,2020-03-21_01-18-27,1584753507,10.421029329299927,14396.359595060349,23993,eclipse,137.195.211.213,14396.359595060349,7795200,1392,28,2ed37c9e,0.29,0.0,1.0,11.364203561535101,0.9887760420349246,1.4814921358498196,7661568,7795200,3105.684,6.324,7263.305,19.631,2.278125047683716,4.999999873689376e-05,54845.82421875,-0.033557064831256866,54845.82421875,0.39022815227508545,0.013419141992926598,0.8459303379058838,0.0
3438.5696660762833,-257.4093633308323,333.00037927948915,100.0,56,5600,False,7800800,78008,1393,ae3b9b3532214bc3bad13e7ea9518ddf,2020-03-21_01-18-38,1584753518,10.359289407730103,14406.718884468079,23993,eclipse,137.195.211.213,14406.718884468079,7800800,1393,28,2ed37c9e,0.29,0.0,1.0,11.364311769962697,0.9887707454086992,1.481464466980739,7667072,7800800,3105.791,5.837,7272.054,19.387,2.278125047683716,4.999999873689376e-05,191561.25,-0.033712416887283325,191561.25,0.33432936668395996,0.012973351404070854,0.15384848415851593,0.0
3438.5696660762833,-257.4093633308323,407.9584984109267,100.0,56,5600,False,7806400,78064,1394,ae3b9b3532214bc3bad13e7ea9518ddf,2020-03-21_01-18-48,1584753528,10.438816547393799,14417.157701015472,23993,eclipse,137.195.211.213,14417.157701015472,7806400,1394,28,2ed37c9e,0.39,0.0,1.0,11.364548893501045,0.9887609821072201,1.4814455528695576,7672576,7806400,3103.155,6.129,7272.537,19.172,2.278125047683716,4.999999873689376e-05,130343.0546875,-0.038890790194272995,130343.0546875,0.2807628810405731,0.015688737854361534,-0.17015217244625092,0.0
3323.431954439243,-170.9716489961948,299.5073099110159,100.0,56,5600,False,7812000,78120,1395,ae3b9b3532214bc3bad13e7ea9518ddf,2020-03-21_01-18-59,1584753539,10.413046836853027,14427.570747852325,23993,eclipse,137.195.211.213,14427.570747852325,7812000,1395,28,2ed37c9e,0.29,0.0,1.0,11.364692683116289,0.9887529455060924,1.481423212304984,7678080,7812000,3112.519,6.046,7274.557,19.531,2.278125047683716,4.999999873689376e-05,113974.5703125,-0.033038102090358734,113974.5703125,0.32910481095314026,0.012824350036680698,0.5788321495056152,0.0
3323.431954439243,-170.9716489961948,350.7972738635192,100.0,56,5600,False,7817600,78176,1396,ae3b9b3532214bc3bad13e7ea9518ddf,2020-03-21_01-19-09,1584753549,10.431336164474487,14438.0020840168,23993,eclipse,137.195.211.213,14438.0020840168,7817600,1396,28,2ed37c9e,0.35,0.0,1.0,11.364756791024861,0.9887539751233524,1.4813960496191094,7683584,7817600,3110.233,6.086,7276.23,19.257,2.278125047683716,4.999999873689376e-05,121182.96875,-0.031691282987594604,121182.96875,0.3346346616744995,0.013140142895281315,0.46349355578422546,0.0
3896.6905621432534,-563.3430862295243,352.91934112401674,100.0,56,5600,False,7823200,78232,1397,ae3b9b3532214bc3bad13e7ea9518ddf,2020-03-21_01-19-20,1584753560,10.434103965759277,14448.43618798256,23993,eclipse,137.195.211.213,14448.43618798256,7823200,1397,28,2ed37c9e,0.37,0.0,1.0,11.365002332013923,0.9887517721563641,1.4813715148720126,7689088,7823200,3115.695,5.97,7270.581,19.874,2.278125047683716,4.999999873689376e-05,122033.765625,-0.03071901760995388,122033.765625,0.2891293466091156,0.012119906023144722,-0.4124889373779297,0.0
3896.6905621432534,-563.3430862295243,299.4183078539495,100.0,56,5600,False,7828800,78288,1398,ae3b9b3532214bc3bad13e7ea9518ddf,2020-03-21_01-19-30,1584753570,10.685692071914673,14459.121880054474,23993,eclipse,137.195.211.213,14459.121880054474,7828800,1398,28,2ed37c9e,0.31,0.0,1.0,11.365289674368206,0.9887494159461181,1.4813925815938318,7694592,7828800,3144.495,5.767,7265.308,20.61,2.278125047683716,4.999999873689376e-05,93683.3203125,-0.03295837342739105,93683.3203125,0.33083873987197876,0.014408939518034458,0.6721979379653931,0.0
4322.813676357943,-62.0266401489428,273.0884426225252,100.0,56,5600,False,7834400,78344,1399,ae3b9b3532214bc3bad13e7ea9518ddf,2020-03-21_01-19-41,1584753581,10.516021728515625,14469.63790178299,23993,eclipse,137.195.211.213,14469.63790178299,7834400,1399,28,2ed37c9e,0.28,0.0,1.0,11.365492639500726,0.9887406958176933,1.481405090338036,7700096,7834400,3156.98,5.693,7264.822,20.533,2.278125047683716,4.999999873689376e-05,163909.125,-0.03239750862121582,163909.140625,0.2368505597114563,0.01262593176215887,0.34532591700553894,0.0
4853.425929353398,-62.0266401489428,444.9195600958327,100.0,56,5600,False,7840000,78400,1400,ae3b9b3532214bc3bad13e7ea9518ddf,2020-03-21_01-19-52,1584753592,10.46241807937622,14480.100319862366,23993,eclipse,137.195.211.213,14480.100319862366,7840000,1400,28,2ed37c9e,0.38,0.0,1.0,11.36565883826187,0.9887336860044,1.4813873265987434,7705600,7840000,3146.819,5.98,7275.271,20.443,2.278125047683716,4.999999873689376e-05,260019.703125,-0.04478062316775322,260019.703125,0.2628343403339386,0.011875496245920658,0.10510208457708359,0.0
4853.425929353398,-42.94860714147803,357.0308975997538,100.0,56,5600,False,7845600,78456,1401,ae3b9b3532214bc3bad13e7ea9518ddf,2020-03-21_01-20-02,1584753602,10.375993251800537,14490.476313114166,23993,eclipse,137.195.211.213,14490.476313114166,7845600,1401,28,2ed37c9e,0.3,0.0,1.0,11.365855797377343,0.9887227356629826,1.4813644114777131,7711104,7845600,3099.659,6.193,7264.379,19.765,2.278125047683716,4.999999873689376e-05,75043.328125,-0.034773509949445724,75043.328125,0.3195960223674774,0.013642916455864906,0.39796218276023865,0.0
4102.892174596597,-37.540673259888855,324.33996485656155,100.0,56,5600,False,7851200,78512,1402,ae3b9b3532214bc3bad13e7ea9518ddf,2020-03-21_01-20-13,1584753613,10.538843393325806,14501.015156507492,23993,eclipse,137.195.211.213,14501.015156507492,7851200,1402,28,2ed37c9e,0.29,0.0,1.0,11.365956538789721,0.9887082121206643,1.481347891348764,7716608,7851200,3107.646,5.763,7270.677,19.126,2.278125047683716,4.999999873689376e-05,183488.578125,-0.03555146977305412,183488.578125,0.30700257420539856,0.015883944928646088,0.4081418216228485,0.0
4102.892174596597,-37.57570880012735,361.9480734594226,100.0,56,5600,False,7856800,78568,1403,ae3b9b3532214bc3bad13e7ea9518ddf,2020-03-21_01-20-23,1584753623,10.469075202941895,14511.484231710434,23993,eclipse,137.195.211.213,14511.484231710434,7856800,1403,28,2ed37c9e,0.33,0.0,1.0,11.36605734163478,0.9886901079853296,1.4813321534965465,7722112,7856800,3121.036,5.797,7267.425,19.483,2.278125047683716,4.999999873689376e-05,87144.5546875,-0.03990156948566437,87144.5703125,0.34602493047714233,0.013569936156272888,0.44319236278533936,0.0
3040.496599386389,-38.573601488303574,283.10849266110375,100.0,56,5600,False,7862400,78624,1404,ae3b9b3532214bc3bad13e7ea9518ddf,2020-03-21_01-20-33,1584753633,10.389090299606323,14521.87332201004,23993,eclipse,137.195.211.213,14521.87332201004,7862400,1404,28,2ed37c9e,0.3,0.0,1.0,11.366064537161419,0.9886799779246017,1.4813123620989626,7727616,7862400,3115.107,5.83,7267.806,19.334,2.278125047683716,4.999999873689376e-05,83578.8828125,-0.03486631065607071,83578.8828125,0.29940229654312134,0.012804511934518814,0.6157150268554688,0.0
3105.8361081869307,-38.573601488303574,411.8091483787291,100.0,56,5600,False,7868000,78680,1405,ae3b9b3532214bc3bad13e7ea9518ddf,2020-03-21_01-20-44,1584753644,10.433347940444946,14532.306669950485,23993,eclipse,137.195.211.213,14532.306669950485,7868000,1405,28,2ed37c9e,0.32,0.0,1.0,11.36614496098046,0.9886743767940658,1.4812850220770644,7733120,7868000,3112.709,5.822,7272.615,18.889,2.278125047683716,4.999999873689376e-05,191523.703125,-0.029162729158997536,191523.703125,0.34098246693611145,0.01659633032977581,0.0278681218624115,0.0
2880.540338694198,-36.46311690192143,375.6006670831692,100.0,56,5600,False,7873600,78736,1406,ae3b9b3532214bc3bad13e7ea9518ddf,2020-03-21_01-20-54,1584753654,10.35676097869873,14542.663430929184,23993,eclipse,137.195.211.213,14542.663430929184,7873600,1406,28,2ed37c9e,0.34,0.0,1.0,11.366203057277124,0.9886740766293675,1.4812641087373286,7738624,7873600,3102.862,5.77,7273.541,19.072,2.278125047683716,4.999999873689376e-05,60805.90625,-0.03533507511019707,60805.91796875,0.3495716154575348,0.01171015202999115,0.7665409445762634,0.0
2204.1232455753725,-36.624072760048406,296.8325910575995,100.0,56,5600,False,7879200,78792,1407,ae3b9b3532214bc3bad13e7ea9518ddf,2020-03-21_01-21-05,1584753665,10.414309024810791,14553.077739953995,23993,eclipse,137.195.211.213,14553.077739953995,7879200,1407,28,2ed37c9e,0.32,0.0,1.0,11.36628380987515,0.9886677100692742,1.4812458800838038,7744128,7879200,3089.907,5.816,7284.408,19.062,2.278125047683716,4.999999873689376e-05,77741.1484375,-0.04134693369269371,77741.15625,0.37458592653274536,0.01310440432280302,0.46913203597068787,0.0
3093.5273678810436,-583.3658629995468,283.1826542756505,100.0,56,5600,False,7884800,78848,1408,ae3b9b3532214bc3bad13e7ea9518ddf,2020-03-21_01-21-15,1584753675,10.454501628875732,14563.53224158287,23993,eclipse,137.195.211.213,14563.53224158287,7884800,1408,28,2ed37c9e,0.29,0.0,1.0,11.366345727621995,0.9886592861527997,1.4812231544995262,7749632,7884800,3064.062,6.024,7285.819,18.455,2.278125047683716,4.999999873689376e-05,93894.6015625,-0.037841230630874634,93894.6015625,0.3005303144454956,0.016719358041882515,0.6144230365753174,0.0
3424.9518345243428,-38.36415895364749,330.2741703645274,100.0,56,5600,False,7890400,78904,1409,ae3b9b3532214bc3bad13e7ea9518ddf,2020-03-21_01-21-26,1584753686,10.43411636352539,14573.966357946396,23993,eclipse,137.195.211.213,14573.966357946396,7890400,1409,28,2ed37c9e,0.32,0.0,1.0,11.36647157607253,0.9886596781079555,1.4811998999917102,7755136,7890400,3052.242,6.162,7288.593,18.73,2.278125047683716,4.999999873689376e-05,121210.140625,-0.032711759209632874,121210.125,0.32742539048194885,0.013928902335464954,-0.06698630005121231,0.0
4208.832149985554,-421.57129714285793,434.43895120846287,100.0,56,5600,False,7896000,78960,1410,ae3b9b3532214bc3bad13e7ea9518ddf,2020-03-21_01-21-36,1584753696,10.39489221572876,14584.361250162125,23993,eclipse,137.195.211.213,14584.361250162125,7896000,1410,28,2ed37c9e,0.37,0.0,1.0,11.366670817964616,0.9886599288445197,1.4811817495390347,7760640,7896000,3051.748,6.005,7284.387,18.155,2.278125047683716,4.999999873689376e-05,235939.390625,-0.030001385137438774,235939.421875,0.29503175616264343,0.012388276867568493,-0.15963685512542725,0.0
4208.832149985554,-421.57129714285793,392.981583404135,100.0,56,5600,False,7901600,79016,1411,ae3b9b3532214bc3bad13e7ea9518ddf,2020-03-21_01-21-47,1584753707,10.425493955612183,14594.786744117737,23993,eclipse,137.195.211.213,14594.786744117737,7901600,1411,28,2ed37c9e,0.35,0.0,1.0,11.366867303894383,0.9886521845999937,1.481162892323822,7766144,7901600,3052.606,5.958,7287.098,18.849,2.278125047683716,4.999999873689376e-05,94216.625,-0.03313760831952095,94216.625,0.3499416410923004,0.01573488861322403,0.06899283081293106,0.0
5083.079239655768,-100.51197004996095,402.3813933848539,100.0,56,5600,False,7907200,79072,1412,ae3b9b3532214bc3bad13e7ea9518ddf,2020-03-21_01-21-57,1584753717,10.52241325378418,14605.309157371521,23993,eclipse,137.195.211.213,14605.309157371521,7907200,1412,28,2ed37c9e,0.32,0.0,1.0,11.367101492600373,0.9886448544183444,1.4811464958473397,7771648,7907200,3058.153,6.309,7280.262,19.74,2.278125047683716,4.999999873689376e-05,272653.96875,-0.04035058617591858,272653.96875,0.29176247119903564,0.014707307331264019,0.006152249872684479,0.0
5083.079239655768,-37.40320782129824,473.58520244295823,100.0,56,5600,False,7912800,79128,1413,ae3b9b3532214bc3bad13e7ea9518ddf,2020-03-21_01-22-08,1584753728,10.424586057662964,14615.733743429184,23993,eclipse,137.195.211.213,14615.733743429184,7912800,1413,28,2ed37c9e,0.36,0.0,1.0,11.36723817203528,0.9886393588938671,1.4811294841394527,7777152,7912800,3052.778,6.231,7280.653,20.407,2.278125047683716,4.999999873689376e-05,229285.140625,-0.0341925323009491,229285.140625,0.29896366596221924,0.014967504888772964,0.328919380903244,0.0
4408.2399926825865,-43.21997552159665,456.62833333220874,100.0,56,5600,False,7918400,79184,1414,ae3b9b3532214bc3bad13e7ea9518ddf,2020-03-21_01-22-18,1584753738,10.605767011642456,14626.339510440826,23993,eclipse,137.195.211.213,14626.339510440826,7918400,1414,28,2ed37c9e,0.4,0.0,1.0,11.367487044256642,0.9886390103998643,1.4811172572058688,7782656,7918400,3074.553,6.106,7280.805,19.967,2.278125047683716,4.999999873689376e-05,293959.6875,-0.04131855443120003,293959.71875,0.25929659605026245,0.013948718085885048,-0.31135281920433044,0.0
4408.2399926825865,-349.48018325614584,438.61281094658375,100.0,56,5600,False,7924000,79240,1415,ae3b9b3532214bc3bad13e7ea9518ddf,2020-03-21_01-22-29,1584753749,10.605693817138672,14636.945204257965,23993,eclipse,137.195.211.213,14636.945204257965,7924000,1415,28,2ed37c9e,0.39,0.0,1.0,11.367811219760046,0.9886399085526348,1.4811061966883292,7788160,7924000,3089.744,6.18,7283.137,19.607,2.278125047683716,4.999999873689376e-05,102017.6640625,-0.037982989102602005,102017.6640625,0.2990846335887909,0.016671650111675262,-0.21871213614940643,0.0
3553.7169828109913,-349.48018325614584,403.92996625202977,100.0,56,5600,False,7929600,79296,1416,ae3b9b3532214bc3bad13e7ea9518ddf,2020-03-21_01-22-39,1584753759,10.341883897781372,14647.287088155746,23993,eclipse,137.195.211.213,14647.287088155746,7929600,1416,28,2ed37c9e,0.31,0.0,1.0,11.368010976664355,0.9886395101834944,1.4810930125806527,7793664,7929600,3091.919,6.074,7280.904,19.469,2.278125047683716,4.999999873689376e-05,241186.65625,-0.03700052946805954,241186.671875,0.2851678431034088,0.010824155062437057,0.18742720782756805,0.0
3593.1998196997793,-561.1933282198005,401.4953502009807,100.0,56,5600,False,7935200,79352,1417,ae3b9b3532214bc3bad13e7ea9518ddf,2020-03-21_01-22-50,1584753770,10.431620836257935,14657.718708992004,23993,eclipse,137.195.211.213,14657.718708992004,7935200,1417,28,2ed37c9e,0.32,0.0,1.0,11.368105774552774,0.9886363530399405,1.4810745906485425,7799168,7935200,3091.615,6.106,7283.14,19.478,2.278125047683716,4.999999873689376e-05,175847.203125,-0.03404291719198227,175847.203125,0.2967402935028076,0.013818502426147461,0.4206904470920563,0.0
3593.1998196997793,-261.2652652203002,323.7918927598299,100.0,56,5600,False,7940800,79408,1418,ae3b9b3532214bc3bad13e7ea9518ddf,2020-03-21_01-23-00,1584753780,10.543807983398438,14668.262516975403,23993,eclipse,137.195.211.213,14668.262516975403,7940800,1418,28,2ed37c9e,0.3,0.0,1.0,11.36819507371019,0.9886317702429699,1.4810547878880969,7804672,7940800,3098.988,6.273,7284.554,19.99,2.278125047683716,4.999999873689376e-05,113786.234375,-0.03423961624503136,113786.2421875,0.3275417685508728,0.013765206560492516,0.24020349979400635,0.0
3008.3682832942845,-343.94972458901003,276.1501203597907,100.0,56,5600,False,7946400,79464,1419,ae3b9b3532214bc3bad13e7ea9518ddf,2020-03-21_01-23-11,1584753791,10.343146085739136,14678.605663061142,23993,eclipse,137.195.211.213,14678.605663061142,7946400,1419,28,2ed37c9e,0.29,0.0,1.0,11.368283787834216,0.9886280650258993,1.4810331808604633,7810176,7946400,3103.311,6.217,7267.731,20.039,2.278125047683716,4.999999873689376e-05,89212.2109375,-0.03534961864352226,89212.2109375,0.34933820366859436,0.01522354781627655,0.10441126674413681,0.0
2972.856055945452,-343.94972458901003,336.10076973458877,100.0,56,5600,False,7952000,79520,1420,ae3b9b3532214bc3bad13e7ea9518ddf,2020-03-21_01-23-21,1584753801,10.433293342590332,14689.038956403732,23993,eclipse,137.195.211.213,14689.038956403732,7952000,1420,28,2ed37c9e,0.34,0.0,1.0,11.368408099783643,0.9886249817084993,1.48101208476175,7815680,7952000,3102.492,6.497,7273.103,20.479,2.278125047683716,4.999999873689376e-05,111917.1875,-0.03118298016488552,111917.1875,0.3697390854358673,0.015538601204752922,0.05336062237620354,0.0
3217.5300269948057,-37.50279328929514,366.73632826545423,100.0,56,5600,False,7957600,79576,1421,ae3b9b3532214bc3bad13e7ea9518ddf,2020-03-21_01-23-32,1584753812,10.476489067077637,14699.51544547081,23993,eclipse,137.195.211.213,14699.51544547081,7957600,1421,28,2ed37c9e,0.3,0.0,1.0,11.368538501170487,0.9886190253234536,1.480992971397829,7821184,7957600,3104.118,6.565,7277.22,20.405,2.278125047683716,4.999999873689376e-05,139010.609375,-0.03556349501013756,139010.59375,0.35911980271339417,0.013466943055391312,-0.004882886540144682,0.0
3217.5300269948057,-37.50279328929514,434.5349828644478,100.0,56,5600,False,7963200,79632,1422,ae3b9b3532214bc3bad13e7ea9518ddf,2020-03-21_01-23-42,1584753822,10.446300029754639,14709.961745500565,23993,eclipse,137.195.211.213,14709.961745500565,7963200,1422,28,2ed37c9e,0.41,0.0,1.0,11.36879645532284,0.9886082033186423,1.4809798974369306,7826688,7963200,3095.057,6.3,7277.831,20.527,2.278125047683716,4.999999873689376e-05,182823.390625,-0.039345890283584595,182823.390625,0.25859203934669495,0.013486342504620552,-0.5121919512748718,0.0
3192.920342001721,-407.8980383799119,438.64940204284795,100.0,56,5600,False,7968800,79688,1423,ae3b9b3532214bc3bad13e7ea9518ddf,2020-03-21_01-23-53,1584753833,10.321217060089111,14720.282962560654,23993,eclipse,137.195.211.213,14720.282962560654,7968800,1423,28,2ed37c9e,0.43,0.0,1.0,11.368945840808811,0.9886024238051238,1.480965140106417,7832192,7968800,3090.66,6.086,7272.267,20.254,2.278125047683716,4.999999873689376e-05,115435.0078125,-0.035125844180583954,115434.9921875,0.3432815372943878,0.01476231124252081,0.2810633182525635,0.0
3087.6794854302434,-227.09605340460686,418.67600246884706,100.0,56,5600,False,7974400,79744,1424,ae3b9b3532214bc3bad13e7ea9518ddf,2020-03-21_01-24-03,1584753843,10.35519790649414,14730.638160467148,23993,eclipse,137.195.211.213,14730.638160467148,7974400,1424,28,2ed37c9e,0.38,0.0,1.0,11.369116698409348,0.9885976860183837,1.4809459847895676,7837696,7974400,3074.431,5.897,7263.584,20.396,2.278125047683716,4.999999873689376e-05,140400.375,-0.03702016919851303,140400.375,0.30787193775177,0.013674301095306873,-0.18125861883163452,0.0
3976.999419674325,-485.56497384909113,361.39616078440986,100.0,56,5600,False,7980000,79800,1425,ae3b9b3532214bc3bad13e7ea9518ddf,2020-03-21_01-24-14,1584753854,10.448116064071655,14741.08627653122,23993,eclipse,137.195.211.213,14741.08627653122,7980000,1425,28,2ed37c9e,0.38,0.0,1.0,11.369395670719419,0.9885932575088984,1.4809243951100786,7843200,7980000,3072.04,5.889,7250.743,20.699,2.278125047683716,4.999999873689376e-05,146966.765625,-0.028978414833545685,146966.75,0.3464132249355316,0.016849959269165993,0.00824146531522274,0.0
3976.999419674325,-575.749595898857,288.275136571073,100.0,56,5600,False,7985600,79856,1426,ae3b9b3532214bc3bad13e7ea9518ddf,2020-03-21_01-24-24,1584753864,10.586432933807373,14751.672709465027,23993,eclipse,137.195.211.213,14751.672709465027,7985600,1426,28,2ed37c9e,0.3,0.0,1.0,11.369583052044861,0.9885828417358506,1.4809034003740311,7848704,7985600,3090.766,6.033,7256.407,20.505,2.278125047683716,4.999999873689376e-05,83605.84375,-0.031543049961328506,83605.8125,0.2684675455093384,0.02293131873011589,-0.049760546535253525,0.0
2546.811879556759,-575.749595898857,294.14598862700785,100.0,56,5600,False,7991200,79912,1427,ae3b9b3532214bc3bad13e7ea9518ddf,2020-03-21_01-24-35,1584753875,10.457141637802124,14762.129851102829,23993,eclipse,137.195.211.213,14762.129851102829,7991200,1427,28,2ed37c9e,0.31,0.0,1.0,11.369749950393894,0.9885738659977149,1.4808807541078708,7854208,7991200,3094.668,5.95,7255.336,19.907,3.417187452316284,4.999999873689376e-05,109673.5234375,-0.031334176659584045,109673.53125,0.34032055735588074,0.009095215238630772,-0.11988474428653717,0.0
4539.184809677953,-167.23712794671707,430.79242691238943,100.0,56,5600,False,7996800,79968,1428,ae3b9b3532214bc3bad13e7ea9518ddf,2020-03-21_01-24-45,1584753885,10.43328046798706,14772.563131570816,23993,eclipse,137.195.211.213,14772.563131570816,7996800,1428,28,2ed37c9e,0.39,0.0,1.0,11.369868693802989,0.9885678168861978,1.4808460931398724,7859712,7996800,3086.946,5.601,7254.248,19.814,3.417187452316284,4.999999873689376e-05,301609.96875,-0.03079264424741268,301609.96875,0.33815404772758484,0.011635535396635532,0.6024017930030823,0.0
3961.82016078433,-167.23712794671707,468.7220850910446,100.0,56,5600,False,8002400,80024,1429,ae3b9b3532214bc3bad13e7ea9518ddf,2020-03-21_01-24-56,1584753896,10.408976078033447,14782.97210764885,23993,eclipse,137.195.211.213,14782.97210764885,8002400,1429,28,2ed37c9e,0.4,0.0,1.0,11.369917387348185,0.9885653015778266,1.48081357419462,7865216,8002400,3079.728,5.633,7271.304,19.063,3.417187452316284,4.999999873689376e-05,198678.046875,-0.03036431595683098,198678.046875,0.31633052229881287,0.009905599057674408,0.07418856769800186,0.0
2756.3119935707196,-41.90361283949772,395.39157442820607,100.0,56,5600,False,8008000,80080,1430,ae3b9b3532214bc3bad13e7ea9518ddf,2020-03-21_01-25-06,1584753906,10.550973176956177,14793.523080825806,23993,eclipse,137.195.211.213,14793.523080825806,8008000,1430,28,2ed37c9e,0.34,0.0,1.0,11.370032357132722,0.9885642089663302,1.480791813551972,7870720,8008000,3090.325,5.479,7272.116,19.64,3.417187452316284,4.999999873689376e-05,81115.375,-0.02716885134577751,81115.3671875,0.35735809803009033,0.01007746160030365,0.43383434414863586,0.0
3755.2572870023914,-269.2787607263601,324.4995794690317,100.0,56,5600,False,8013600,80136,1431,ae3b9b3532214bc3bad13e7ea9518ddf,2020-03-21_01-25-17,1584753917,10.407362699508667,14803.930443525314,23993,eclipse,137.195.211.213,14803.930443525314,8013600,1431,28,2ed37c9e,0.26,0.0,1.0,11.37008147714238,0.9885601779519908,1.480774596475851,7876224,8013600,3085.993,5.443,7266.938,19.177,3.417187452316284,4.999999873689376e-05,179247.890625,-0.034862447530031204,179247.859375,0.3293866813182831,0.013563428074121475,0.2868345081806183,0.0
3009.421120818047,-269.2787607263601,313.5453396843629,100.0,56,5600,False,8019200,80192,1432,ae3b9b3532214bc3bad13e7ea9518ddf,2020-03-21_01-25-27,1584753927,10.386313199996948,14814.316756725311,23993,eclipse,137.195.211.213,14814.316756725311,8019200,1432,28,2ed37c9e,0.27,0.0,1.0,11.370180437535117,0.9885506800452988,1.4807545828515367,7881728,8019200,3079.878,5.745,7266.564,18.807,3.417187452316284,4.999999873689376e-05,106831.3515625,-0.035245224833488464,106831.3515625,0.30964553356170654,0.00842729490250349,0.5302183628082275,0.0
5005.790849172103,-41.10854165037779,396.55248871187507,100.0,56,5600,False,8024800,80248,1433,ae3b9b3532214bc3bad13e7ea9518ddf,2020-03-21_01-25-38,1584753938,10.365466356277466,14824.682223081589,23993,eclipse,137.195.211.213,14824.682223081589,8024800,1433,28,2ed37c9e,0.36,0.0,1.0,11.370354518092643,0.9885425910463908,1.4807317219310407,7887232,8024800,3083.251,5.938,7266.811,19.071,3.417187452316284,4.999999873689376e-05,239357.46875,-0.03782133758068085,239357.46875,0.3033828139305115,0.010104495100677013,-0.11207863688468933,0.0
5005.790849172103,-105.98417295024329,402.88802994417483,100.0,56,5600,False,8030400,80304,1434,ae3b9b3532214bc3bad13e7ea9518ddf,2020-03-21_01-25-48,1584753948,10.459194421768188,14835.141417503357,23993,eclipse,137.195.211.213,14835.141417503357,8030400,1434,28,2ed37c9e,0.36,0.0,1.0,11.370493302468658,0.9885415748491638,1.4807110638136587,7892736,8030400,3082.764,6.18,7277.027,19.282,3.417187452316284,4.999999873689376e-05,99866.40625,-0.0300137922167778,99866.40625,0.40629851818084717,0.010680874809622765,0.08163748681545258,0.0
4641.562281157327,-531.2161433723568,279.1127949129734,100.0,56,5600,False,8036000,80360,1435,ae3b9b3532214bc3bad13e7ea9518ddf,2020-03-21_01-25-58,1584753958,10.312517642974854,14845.453935146332,23993,eclipse,137.195.211.213,14845.453935146332,8036000,1435,28,2ed37c9e,0.29,0.0,1.0,11.370494797964366,0.9885438521974428,1.4806968683592987,7898240,8036000,3065.354,6.157,7280.624,19.545,3.417187452316284,4.999999873689376e-05,121220.171875,-0.036188069730997086,121220.171875,0.293153315782547,0.008299322798848152,0.5616932511329651,0.0
4641.562281157327,-531.2161433723568,340.5446829914509,100.0,56,5600,False,8041600,80416,1436,ae3b9b3532214bc3bad13e7ea9518ddf,2020-03-21_01-26-09,1584753969,10.5057954788208,14855.959730625153,23993,eclipse,137.195.211.213,14855.959730625153,8041600,1436,28,2ed37c9e,0.27,0.0,1.0,11.370578464796049,0.9885415265082952,1.480680587691623,7903744,8041600,3059.513,6.162,7275.982,20.528,3.417187452316284,4.999999873689376e-05,247593.28125,-0.03356112912297249,247593.296875,0.2537175416946411,0.009505419991910458,0.09781710803508759,0.0
4266.975490424434,-378.4384524972653,354.68579530066216,100.0,56,5600,False,8047200,80472,1437,ae3b9b3532214bc3bad13e7ea9518ddf,2020-03-21_01-26-19,1584753979,10.415354251861572,14866.375084877014,23993,eclipse,137.195.211.213,14866.375084877014,8047200,1437,28,2ed37c9e,0.28,0.0,1.0,11.370650006878627,0.9885395125629741,1.4806606934595172,7909248,8047200,3058.707,5.888,7273.035,20.9,3.417187452316284,4.999999873689376e-05,201141.578125,-0.034930549561977386,201141.578125,0.25995516777038574,0.012815287336707115,0.48163124918937683,0.0
3863.630688688265,-378.4384524972653,343.639875958348,100.0,56,5600,False,8052800,80528,1438,ae3b9b3532214bc3bad13e7ea9518ddf,2020-03-21_01-26-30,1584753990,10.304856300354004,14876.679941177368,23993,eclipse,137.195.211.213,14876.679941177368,8052800,1438,28,2ed37c9e,0.29,0.0,1.0,11.370696832608756,0.9885367026508481,1.4806377165602598,7914752,8052800,3051.97,5.945,7265.382,20.882,3.417187452316284,4.999999873689376e-05,102774.625,-0.03010634146630764,102774.6171875,0.3342216908931732,0.010558129288256168,0.43669888377189636,0.0
3322.7150999953496,-156.3020681852911,319.5811591778676,100.0,56,5600,False,8058400,80584,1439,ae3b9b3532214bc3bad13e7ea9518ddf,2020-03-21_01-26-40,1584754000,10.435823440551758,14887.11576461792,23993,eclipse,137.195.211.213,14887.11576461792,8058400,1439,28,2ed37c9e,0.28,0.0,1.0,11.370722281734523,0.988528564996372,1.4806143858760317,7920256,8058400,3055.605,5.832,7264.063,21.313,3.417187452316284,4.999999873689376e-05,94115.78125,-0.03034023381769657,94115.7734375,0.39676928520202637,0.010530882515013218,0.102880097925663,0.0
1959.1922542026985,-156.3020681852911,215.35474910953647,100.0,56,5600,False,8064000,80640,1440,ae3b9b3532214bc3bad13e7ea9518ddf,2020-03-21_01-26-51,1584754011,10.319928407669067,14897.435693025589,23993,eclipse,137.195.211.213,14897.435693025589,8064000,1440,28,2ed37c9e,0.2,0.0,1.0,11.370677730837615,0.9885227773978329,1.480596214584536,7925760,8064000,3034.011,5.704,7260.744,20.739,3.417187452316284,4.999999873689376e-05,47462.81640625,-0.028864186257123947,47462.8125,0.29576584696769714,0.010086008347570896,0.7475789785385132,0.0
2480.6936240336654,-401.8634541383392,163.07877615862674,100.0,56,5600,False,8069600,80696,1441,ae3b9b3532214bc3bad13e7ea9518ddf,2020-03-21_01-27-01,1584754021,10.325604438781738,14907.76129746437,23993,eclipse,137.195.211.213,14907.76129746437,8069600,1441,28,2ed37c9e,0.18,0.0,1.0,11.370678454717384,0.9885298363885597,1.4805753590952309,7931264,8069600,3029.438,5.665,7258.086,21.178,3.417187452316284,4.999999873689376e-05,83192.8984375,-0.03371336683630943,83192.890625,0.2636152505874634,0.010309920646250248,0.6065822839736938,0.0
2480.6936240336654,-401.8634541383392,217.0843485137409,100.0,56,5600,False,8075200,80752,1442,ae3b9b3532214bc3bad13e7ea9518ddf,2020-03-21_01-27-12,1584754032,10.448383808135986,14918.209681272507,23993,eclipse,137.195.211.213,14918.209681272507,8075200,1442,28,2ed37c9e,0.26,0.0,1.0,11.370735191912916,0.9885375887102603,1.4805464973284714,7936768,8075200,3033.396,5.625,7260.805,21.435,3.417187452316284,4.999999873689376e-05,49698.77734375,-0.02420288510620594,49698.7734375,0.30906328558921814,0.009502614848315716,0.35459330677986145,0.0
3553.690837619031,-304.03436728651025,196.40022416261309,100.0,56,5600,False,8080800,80808,1443,ae3b9b3532214bc3bad13e7ea9518ddf,2020-03-21_01-27-22,1584754042,10.481297492980957,14928.690978765488,23993,eclipse,137.195.211.213,14928.690978765488,8080800,1443,28,2ed37c9e,0.24,0.0,1.0,11.370793443760453,0.9885313309695413,1.4805211165231,7942272,8080800,3036.539,5.739,7269.163,21.136,3.417187452316284,4.999999873689376e-05,78718.5625,-0.02850262261927128,78718.5546875,0.29769718647003174,0.011244645342230797,0.5349863767623901,0.0
3553.690837619031,-371.321624018779,271.75655965811416,100.0,56,5600,False,8086400,80864,1444,ae3b9b3532214bc3bad13e7ea9518ddf,2020-03-21_01-27-33,1584754053,10.39481258392334,14939.085791349411,23993,eclipse,137.195.211.213,14939.085791349411,8086400,1444,28,2ed37c9e,0.27,0.0,1.0,11.370755985365399,0.9885279597660929,1.4805058473832728,7947776,8086400,3035.041,5.845,7261.851,21.435,3.417187452316284,4.999999873689376e-05,134278.90625,-0.0342947393655777,134278.90625,0.30832284688949585,0.011304874904453754,0.7207070589065552,0.0
3633.50314649744,-371.321624018779,320.5121608736682,100.0,56,5600,False,8092000,80920,1445,ae3b9b3532214bc3bad13e7ea9518ddf,2020-03-21_01-27-43,1584754063,10.363748550415039,14949.449539899826,23993,eclipse,137.195.211.213,14949.449539899826,8092000,1445,28,2ed37c9e,0.23,0.0,1.0,11.370719681302674,0.9885242740180673,1.4804880444800717,7953280,8092000,3035.709,5.881,7264.069,21.506,3.417187452316284,4.999999873689376e-05,177856.015625,-0.033559296280145645,177856.03125,0.33778080344200134,0.009002642706036568,0.7101395726203918,0.0
2971.252057128907,-347.12234365058356,329.6778820167628,100.0,56,5600,False,8097600,80976,1446,ae3b9b3532214bc3bad13e7ea9518ddf,2020-03-21_01-27-53,1584754073,10.348843812942505,14959.798383712769,23993,eclipse,137.195.211.213,14959.798383712769,8097600,1446,28,2ed37c9e,0.33,0.0,1.0,11.370746340288463,0.9885181084550303,1.4804670351630052,7958784,8097600,3020.05,5.827,7267.106,20.223,3.417187452316284,4.999999873689376e-05,83363.0390625,-0.03158463537693024,83363.0390625,0.2971486747264862,0.010615366511046886,0.22224366664886475,0.0
3537.699252254115,-34.71591885860224,333.9481513070342,100.0,56,5600,False,8103200,81032,1447,ae3b9b3532214bc3bad13e7ea9518ddf,2020-03-21_01-28-04,1584754084,10.409607648849487,14970.207991361618,23993,eclipse,137.195.211.213,14970.207991361618,8103200,1447,28,2ed37c9e,0.38,0.0,1.0,11.370805680616385,0.9885153431221115,1.4804401390957258,7964288,8103200,3016.249,6.201,7268.611,20.332,3.417187452316284,4.999999873689376e-05,109698.2890625,-0.034727659076452255,109698.2890625,0.2809881567955017,0.009808620437979698,0.12548384070396423,0.0
3871.9165381149824,-226.24616944375464,314.0465983506345,100.0,56,5600,False,8108800,81088,1448,ae3b9b3532214bc3bad13e7ea9518ddf,2020-03-21_01-28-14,1584754094,10.394794225692749,14980.60278558731,23993,eclipse,137.195.211.213,14980.60278558731,8108800,1448,28,2ed37c9e,0.3,0.0,1.0,11.370965090563343,0.9885164761243869,1.4804186831905946,7969792,8108800,3022.397,6.326,7273.294,19.707,3.417187452316284,4.999999873689376e-05,132115.765625,-0.03350161388516426,132115.765625,0.2957220673561096,0.0074419621378183365,-0.19293485581874847,0.0
3871.9165381149824,-226.24616944375464,273.42671590224626,100.0,56,5600,False,8114400,81144,1449,ae3b9b3532214bc3bad13e7ea9518ddf,2020-03-21_01-28-25,1584754105,10.374053239822388,14990.976838827133,23993,eclipse,137.195.211.213,14990.976838827133,8114400,1449,28,2ed37c9e,0.24,0.0,1.0,11.37108248557035,0.9885131122292825,1.4803925789877075,7975296,8114400,3021.131,6.49,7268.737,19.928,3.417187452316284,4.999999873689376e-05,74442.9921875,-0.026288827881217003,74442.96875,0.3404722511768341,0.012871398590505123,0.2587178945541382,0.0
3196.312915610251,-159.10242487565242,315.6647620990071,100.0,56,5600,False,8120000,81200,1450,ae3b9b3532214bc3bad13e7ea9518ddf,2020-03-21_01-28-35,1584754115,10.44935941696167,15001.426198244095,23993,eclipse,137.195.211.213,15001.426198244095,8120000,1450,28,2ed37c9e,0.27,0.0,1.0,11.37110799370619,0.9885032511517744,1.480365538142039,7980800,8120000,3030.379,6.519,7275.541,19.554,3.417187452316284,4.999999873689376e-05,159129.0625,-0.02769647166132927,159129.046875,0.308402419090271,0.008967574685811996,0.3940368592739105,0.0
3196.312915610251,-508.699452946559,265.66425241965885,100.0,56,5600,False,8125600,81256,1451,ae3b9b3532214bc3bad13e7ea9518ddf,2020-03-21_01-28-46,1584754126,10.399694204330444,15011.825892448425,23993,eclipse,137.195.211.213,15011.825892448425,8125600,1451,28,2ed37c9e,0.27,0.0,1.0,11.371097644780516,0.9884876507606694,1.480349118808269,7986304,8125600,3033.24,6.597,7278.207,19.761,3.417187452316284,4.999999873689376e-05,47437.7265625,-0.02920396439731121,47437.72265625,0.2774029076099396,0.011467082425951958,0.8602080941200256,0.0
3210.3401533650517,-508.699452946559,243.19198618024203,100.0,56,5600,False,8131200,81312,1452,ae3b9b3532214bc3bad13e7ea9518ddf,2020-03-21_01-28-56,1584754136,10.471618175506592,15022.297510623932,23993,eclipse,137.195.211.213,15022.297510623932,8131200,1452,28,2ed37c9e,0.27,0.0,1.0,11.371107435921527,0.9884822735409106,1.4803259894606384,7991808,8131200,3034.799,6.561,7277.357,19.323,3.417187452316284,4.999999873689376e-05,150880.78125,-0.0388774573802948,150880.796875,0.30829745531082153,0.010401759296655655,0.3176010549068451,0.0
3210.3401533650517,-546.7797850535557,279.7916710354346,100.0,56,5600,False,8136800,81368,1453,ae3b9b3532214bc3bad13e7ea9518ddf,2020-03-21_01-29-07,1584754147,10.479049682617188,15032.776560306549,23993,eclipse,137.195.211.213,15032.776560306549,8136800,1453,28,2ed37c9e,0.26,0.0,1.0,11.371133210014177,0.9884786826553602,1.480301326537066,7997312,8136800,3034.977,6.564,7278.515,18.633,3.417187452316284,4.999999873689376e-05,75555.8203125,-0.024834871292114258,75555.8046875,0.4184609651565552,0.008888841606676579,0.8551914095878601,0.0
3978.790737754678,-546.7797850535557,243.74133026460137,100.0,56,5600,False,8142400,81424,1454,ae3b9b3532214bc3bad13e7ea9518ddf,2020-03-21_01-29-17,1584754157,10.528982877731323,15043.30554318428,23993,eclipse,137.195.211.213,15043.30554318428,8142400,1454,28,2ed37c9e,0.2,0.0,1.0,11.371170133429198,0.9884715469436108,1.4802792945639374,8002816,8142400,3042.013,6.594,7289.102,17.57,3.417187452316284,4.999999873689376e-05,115680.8046875,-0.03257269784808159,115680.7890625,0.30549314618110657,0.009798231534659863,0.16003160178661346,0.0
3978.790737754678,-357.10638442627493,240.17721783700753,100.0,56,5600,False,8148000,81480,1455,ae3b9b3532214bc3bad13e7ea9518ddf,2020-03-21_01-29-28,1584754168,10.569971084594727,15053.875514268875,23993,eclipse,137.195.211.213,15053.875514268875,8148000,1455,28,2ed37c9e,0.2,0.0,1.0,11.371249908067698,0.9884639341469788,1.4802650983274566,8008320,8148000,3056.458,6.616,7296.776,16.591,3.417187452316284,4.999999873689376e-05,72390.234375,-0.032619256526231766,72390.234375,0.305767685174942,0.009823445230722427,0.19637475907802582,0.0
3527.363519029171,-309.43895533056633,322.76429616773856,100.0,56,5600,False,8153600,81536,1456,ae3b9b3532214bc3bad13e7ea9518ddf,2020-03-21_01-29-38,1584754178,10.371002197265625,15064.24651646614,23993,eclipse,137.195.211.213,15064.24651646614,8153600,1456,28,2ed37c9e,0.28,0.0,1.0,11.371320104038741,0.9884690705640338,1.4802476874160664,8013824,8153600,3053.981,6.723,7300.501,17.394,3.417187452316284,4.999999873689376e-05,151871.734375,-0.028540419414639473,151871.734375,0.311907023191452,0.010286749340593815,0.5131353139877319,0.0
5105.598032895264,-297.0218977020352,443.402006246047,100.0,56,5600,False,8159200,81592,1457,ae3b9b3532214bc3bad13e7ea9518ddf,2020-03-21_01-29-49,1584754189,10.337875843048096,15074.584392309189,23993,eclipse,137.195.211.213,15074.584392309189,8159200,1457,28,2ed37c9e,0.39,0.0,1.0,11.371373035183188,0.9884688066963466,1.4802262285288135,8019328,8159200,3052.941,6.744,7294.386,17.644,3.417187452316284,4.999999873689376e-05,314665.75,-0.03260137885808945,314665.75,0.2817770540714264,0.009649979881942272,0.19886615872383118,0.0
5105.598032895264,-297.0218977020352,364.41011087318185,100.0,56,5600,False,8164800,81648,1458,ae3b9b3532214bc3bad13e7ea9518ddf,2020-03-21_01-29-59,1584754199,10.418939590454102,15085.003331899643,23993,eclipse,137.195.211.213,15085.003331899643,8164800,1458,28,2ed37c9e,0.36,0.0,1.0,11.371403401908903,0.9884588250732051,1.4802003402435195,8024832,8164800,3052.987,6.739,7295.355,18.35,3.417187452316284,4.999999873689376e-05,151597.96875,-0.033750858157873154,151597.9375,0.314055472612381,0.012277593836188316,0.360592246055603,0.0
3676.089214749112,-34.18432877928128,288.7818658841117,100.0,56,5600,False,8170400,81704,1459,ae3b9b3532214bc3bad13e7ea9518ddf,2020-03-21_01-30-09,1584754209,10.308460712432861,15095.311792612076,23993,eclipse,137.195.211.213,15095.311792612076,8170400,1459,28,2ed37c9e,0.29,0.0,1.0,11.371460750161042,0.9884484726880035,1.4801773317165712,8030336,8170400,3046.859,6.81,7293.685,18.367,3.417187452316284,4.999999873689376e-05,43123.9765625,-0.037636544555425644,43123.984375,0.2707206606864929,0.010301096364855766,0.7058432102203369,0.0
2438.215917003594,-435.6702416465315,275.0572476428996,100.0,56,5600,False,8176000,81760,1460,ae3b9b3532214bc3bad13e7ea9518ddf,2020-03-21_01-30-20,1584754220,10.370128393173218,15105.681921005249,23993,eclipse,137.195.211.213,15105.681921005249,8176000,1460,28,2ed37c9e,0.28,0.0,1.0,11.37154209200659,0.9884408790888978,1.4801596518517652,8035840,8176000,3042.566,6.613,7288.939,18.634,3.417187452316284,4.999999873689376e-05,122354.5234375,-0.03485441580414772,122354.5234375,0.3468424379825592,0.012010637670755386,0.2697245180606842,0.0
3539.889561623858,-291.6239558543126,352.9356619001686,100.0,56,5600,False,8181600,81816,1461,ae3b9b3532214bc3bad13e7ea9518ddf,2020-03-21_01-30-30,1584754230,10.45924687385559,15116.141167879105,23993,eclipse,137.195.211.213,15116.141167879105,8181600,1461,28,2ed37c9e,0.31,0.0,1.0,11.371675502847127,0.988437480566428,1.4801371728814263,8041344,8181600,3048.357,6.45,7292.223,17.636,3.417187452316284,4.999999873689376e-05,118627.3359375,-0.03252580389380455,118627.3125,0.34743738174438477,0.011174147948622704,0.33738037943840027,0.0
5422.696866254689,-57.039588622955236,390.1034973081458,100.0,56,5600,False,8187200,81872,1462,ae3b9b3532214bc3bad13e7ea9518ddf,2020-03-21_01-30-41,1584754241,10.41824460029602,15126.5594124794,23993,eclipse,137.195.211.213,15126.5594124794,8187200,1462,28,2ed37c9e,0.3,0.0,1.0,11.371736266080894,0.9884362678242371,1.4801112676720596,8046848,8187200,3043.552,6.533,7294.197,17.816,3.417187452316284,4.999999873689376e-05,239038.34375,-0.03452298790216446,239038.34375,0.27481991052627563,0.00896154809743166,0.7275430560112,0.0
5422.696866254689,-407.48203940516845,399.7595844996919,100.0,56,5600,False,8192800,81928,1463,ae3b9b3532214bc3bad13e7ea9518ddf,2020-03-21_01-30-51,1584754251,10.346263408660889,15136.905675888062,23993,eclipse,137.195.211.213,15136.905675888062,8192800,1463,28,2ed37c9e,0.34,0.0,1.0,11.371723922619,0.9884303118482934,1.4800823356978583,8052352,8192800,3035.334,6.479,7288.928,17.996,3.417187452316284,4.999999873689376e-05,119315.03125,-0.03377853333950043,119315.046875,0.35169535875320435,0.00875924900174141,0.9610875248908997,0.0
2640.0508946049226,-407.48203940516845,346.874081606388,100.0,56,5600,False,8198400,81984,1464,ae3b9b3532214bc3bad13e7ea9518ddf,2020-03-21_01-31-02,1584754262,10.59190821647644,15147.497584104538,23993,eclipse,137.195.211.213,15147.497584104538,8198400,1464,28,2ed37c9e,0.29,0.0,1.0,11.37177909866553,0.9884273515248578,1.4800567311904131,8057856,8198400,3040.239,6.434,7287.648,18.681,3.417187452316284,4.999999873689376e-05,148984.578125,-0.034979935735464096,148984.5625,0.2941608428955078,0.011564529500901699,0.20236247777938843,0.0
2802.582010975476,-52.8968758115243,352.5981714613235,100.0,56,5600,False,8204000,82040,1465,ae3b9b3532214bc3bad13e7ea9518ddf,2020-03-21_01-31-12,1584754272,10.580633640289307,15158.078217744827,23993,eclipse,137.195.211.213,15158.078217744827,8204000,1465,28,2ed37c9e,0.31,0.0,1.0,11.371888088952351,0.9884304827323962,1.480039922451838,8063360,8204000,3042.559,6.371,7286.916,19.372,3.417187452316284,4.999999873689376e-05,132435.78125,-0.031209509819746017,132435.78125,0.3237171471118927,0.009487462230026722,0.2833901643753052,0.0
2802.582010975476,-37.44525169490872,272.35102178161435,100.0,56,5600,False,8209600,82096,1466,ae3b9b3532214bc3bad13e7ea9518ddf,2020-03-21_01-31-23,1584754283,10.41797137260437,15168.496189117432,23993,eclipse,137.195.211.213,15168.496189117432,8209600,1466,28,2ed37c9e,0.25,0.0,1.0,11.371945492577165,0.9884245500942503,1.4800186026259408,8068864,8209600,3047.116,6.294,7287.588,19.482,3.417187452316284,4.999999873689376e-05,79312.1484375,-0.03092489205300808,79312.140625,0.3355596363544464,0.009408348239958286,0.5285992622375488,0.0
2479.3620011580465,-39.145010062396295,242.39316184834826,100.0,56,5600,False,8215200,82152,1467,ae3b9b3532214bc3bad13e7ea9518ddf,2020-03-21_01-31-33,1584754293,10.491323947906494,15178.987513065338,23993,eclipse,137.195.211.213,15178.987513065338,8215200,1467,28,2ed37c9e,0.2,0.0,1.0,11.371904512778853,0.9884087407291292,1.479993403378592,8074368,8215200,3058.397,6.203,7293.371,18.564,3.417187452316284,4.999999873689376e-05,71581.328125,-0.026755904778838158,71581.328125,0.36550337076187134,0.009057985618710518,0.9871867895126343,0.0
2773.0799661472006,-248.42138779723408,313.0516222578757,100.0,56,5600,False,8220800,82208,1468,ae3b9b3532214bc3bad13e7ea9518ddf,2020-03-21_01-31-44,1584754304,10.41523814201355,15189.402751207352,23993,eclipse,137.195.211.213,15189.402751207352,8220800,1468,28,2ed37c9e,0.26,0.0,1.0,11.371892015331355,0.9884030347327297,1.4799723147508868,8079872,8220800,3061.38,6.299,7290.313,17.843,3.417187452316284,4.999999873689376e-05,157164.171875,-0.03526929020881653,157164.171875,0.3335410952568054,0.010548076592385769,0.30211448669433594,0.0
3228.496006874969,-248.42138779723408,358.17305313033364,100.0,56,5600,False,8226400,82264,1469,ae3b9b3532214bc3bad13e7ea9518ddf,2020-03-21_01-31-54,1584754314,10.429542064666748,15199.832293272018,23993,eclipse,137.195.211.213,15199.832293272018,8226400,1469,28,2ed37c9e,0.3,0.0,1.0,11.371943749098968,0.9883941391466452,1.479960907112377,8085376,8226400,3064.888,6.256,7300.229,17.687,3.417187452316284,4.999999873689376e-05,135774.703125,-0.03144735470414162,135774.703125,0.3753172755241394,0.011998465284705162,0.35999399423599243,0.0
4092.4311453160417,-84.18379735396485,520.7644291093884,100.0,56,5600,False,8232000,82320,1470,ae3b9b3532214bc3bad13e7ea9518ddf,2020-03-21_01-32-05,1584754325,10.443748474121094,15210.27604174614,23993,eclipse,137.195.211.213,15210.27604174614,8232000,1470,28,2ed37c9e,0.33,0.0,1.0,11.37211114254052,0.988388172157144,1.4799464589847773,8090880,8232000,3071.126,6.612,7301.229,17.851,3.417187452316284,4.999999873689376e-05,347384.96875,-0.03625024855136871,347384.96875,0.27351114153862,0.0101150618866086,-0.2092556357383728,0.0
4092.4311453160417,-84.18379735396485,358.72572752436156,100.0,56,5600,False,8237600,82376,1471,ae3b9b3532214bc3bad13e7ea9518ddf,2020-03-21_01-32-15,1584754335,10.457353830337524,15220.733395576477,23993,eclipse,137.195.211.213,15220.733395576477,8237600,1471,28,2ed37c9e,0.36,0.0,1.0,11.372242107836547,0.9883803898588641,1.4799344444493707,8096384,8237600,3071.32,6.769,7300.07,18.542,3.417187452316284,4.999999873689376e-05,52721.546875,-0.030470238998532295,52721.5390625,0.274981290102005,0.010231837630271912,0.6077303290367126,0.0
1978.661434238699,-38.65000267705659,266.7718756899151,100.0,56,5600,False,8243200,82432,1472,ae3b9b3532214bc3bad13e7ea9518ddf,2020-03-21_01-32-26,1584754346,10.348432779312134,15231.08182835579,23993,eclipse,137.195.211.213,15231.08182835579,8243200,1472,28,2ed37c9e,0.35,0.0,1.0,11.37224140841998,0.9883749442853493,1.479926472218274,8101888,8243200,3073.302,6.788,7288.395,18.781,3.417187452316284,4.999999873689376e-05,71481.34375,-0.03788856416940689,71481.359375,0.35160911083221436,0.009405329823493958,0.49256399273872375,0.0
2437.860223062961,-36.30262765518686,341.5805664991433,100.0,56,5600,False,8248800,82488,1473,ae3b9b3532214bc3bad13e7ea9518ddf,2020-03-21_01-32-36,1584754356,10.395360469818115,15241.477188825607,23993,eclipse,137.195.211.213,15241.477188825607,8248800,1473,28,2ed37c9e,0.35,0.0,1.0,11.372360398105512,0.9883777721890623,1.4799164669762337,8107392,8248800,3079.204,6.811,7286.573,19.353,3.417187452316284,4.999999873689376e-05,121239.0234375,-0.033030521124601364,121239.03125,0.32265016436576843,0.011333784088492393,-0.517184317111969,0.0
3225.407340250785,-33.521803003259556,339.60732051788045,100.0,56,5600,False,8254400,82544,1474,ae3b9b3532214bc3bad13e7ea9518ddf,2020-03-21_01-32-47,1584754367,10.505509853363037,15251.98269867897,23993,eclipse,137.195.211.213,15251.98269867897,8254400,1474,28,2ed37c9e,0.31,0.0,1.0,11.372481753685049,0.9883833535460286,1.4799010093491507,8112896,8254400,3071.399,6.723,7287.273,19.056,3.417187452316284,4.999999873689376e-05,145545.984375,-0.027367739006876945,145545.953125,0.3026241362094879,0.013576021417975426,0.08629442006349564,0.0
3225.407340250785,-565.4800368476022,240.28356151538026,100.0,56,5600,False,8260000,82600,1475,ae3b9b3532214bc3bad13e7ea9518ddf,2020-03-21_01-32-57,1584754377,10.274593353271484,15262.257292032242,23993,eclipse,137.195.211.213,15262.257292032242,8260000,1475,28,2ed37c9e,0.25,0.0,1.0,11.372390104570636,0.9883843249508354,1.4798878913929,8118400,8260000,3048.261,6.516,7279.686,19.431,3.417187452316284,4.999999873689376e-05,68701.03125,-0.03199189901351929,68701.03125,0.27322322130203247,0.008337086997926235,1.2687538862228394,0.0
3440.5962742072647,-565.4800368476022,273.23833535277015,100.0,56,5600,False,8265600,82656,1476,ae3b9b3532214bc3bad13e7ea9518ddf,2020-03-21_01-33-07,1584754387,10.271182298660278,15272.528474330902,23993,eclipse,137.195.211.213,15272.528474330902,8265600,1476,28,2ed37c9e,0.25,0.0,1.0,11.372250243675506,0.9883773198006824,1.4798701186030747,8123904,8265600,3046.053,6.399,7267.1,18.163,3.417187452316284,4.999999873689376e-05,182206.4375,-0.025842564180493355,182206.421875,0.36000367999076843,0.010632317513227463,0.9545896053314209,0.0
3776.8733379070854,-626.8364149794245,402.41619907138886,100.0,56,5600,False,8271200,82712,1477,ae3b9b3532214bc3bad13e7ea9518ddf,2020-03-21_01-33-18,1584754398,10.963675260543823,15283.492149591446,23993,eclipse,137.195.211.213,15283.492149591446,8271200,1477,28,2ed37c9e,0.34,0.0,1.0,11.372544722042223,0.9884010920237546,1.4799214489078691,8129408,8271200,3088.99,6.312,7270.006,18.657,3.417187452316284,4.999999873689376e-05,183122.203125,-0.030258145183324814,183122.1875,0.3232126832008362,0.011505715548992157,0.13042937219142914,0.0
4186.195445013423,-626.8364149794245,398.20654473922906,100.0,56,5600,False,8276800,82768,1478,ae3b9b3532214bc3bad13e7ea9518ddf,2020-03-21_01-33-29,1584754409,10.409784317016602,15293.901933908463,23993,eclipse,137.195.211.213,15293.901933908463,8276800,1478,28,2ed37c9e,0.29,0.0,1.0,11.372845354543891,0.9884250447695146,1.4799614603541051,8134912,8276800,3083.779,6.329,7275.253,18.979,3.417187452316284,4.999999873689376e-05,173266.109375,-0.03391728177666664,173266.109375,0.33645838499069214,0.010795786045491695,0.29712337255477905,0.0
4186.195445013423,-308.4561849759942,310.19972340057706,100.0,56,5600,False,8282400,82824,1479,ae3b9b3532214bc3bad13e7ea9518ddf,2020-03-21_01-33-39,1584754419,10.441673517227173,15304.34360742569,23993,eclipse,137.195.211.213,15304.34360742569,8282400,1479,28,2ed37c9e,0.29,0.0,1.0,11.372930243108492,0.9884171769916362,1.4799412867828383,8140416,8282400,3086.985,6.129,7270.088,19.089,3.417187452316284,4.999999873689376e-05,154847.21875,-0.02589527890086174,154847.203125,0.3084188401699066,0.012107627466320992,0.3856223225593567,0.0
3993.936960230715,-48.6654994902443,290.5218021032128,100.0,56,5600,False,8288000,82880,1480,ae3b9b3532214bc3bad13e7ea9518ddf,2020-03-21_01-33-50,1584754430,10.302642345428467,15314.646249771118,23993,eclipse,137.195.211.213,15314.646249771118,8288000,1480,28,2ed37c9e,0.34,0.0,1.0,11.372954536779899,0.988409074826691,1.4799188536410424,8145920,8288000,3080.505,6.025,7263.622,18.305,3.417187452316284,4.999999873689376e-05,72744.7578125,-0.0382467545568943,72744.7734375,0.3455880284309387,0.009019309654831886,0.6953647136688232,0.0
1897.0869571813662,-37.49291291942416,243.11921219842483,100.0,56,5600,False,8293600,82936,1481,ae3b9b3532214bc3bad13e7ea9518ddf,2020-03-21_01-34-00,1584754440,10.353505611419678,15324.999755382538,23993,eclipse,137.195.211.213,15324.999755382538,8293600,1481,28,2ed37c9e,0.3,0.0,1.0,11.372953464621656,0.9884085175003483,1.4799004730537098,8151424,8293600,3068.198,6.005,7265.213,18.467,3.417187452316284,4.999999873689376e-05,65945.8125,-0.02836323343217373,65945.8046875,0.3293877840042114,0.00939791277050972,0.2127501219511032,0.0
3432.934040067053,-37.055288237976995,311.03479940274605,100.0,56,5600,False,8299200,82992,1482,ae3b9b3532214bc3bad13e7ea9518ddf,2020-03-21_01-34-11,1584754451,10.4013032913208,15335.401058673859,23993,eclipse,137.195.211.213,15335.401058673859,8299200,1482,28,2ed37c9e,0.31,0.0,1.0,11.372989081978389,0.9884100060038962,1.47988523245265,8156928,8299200,3073.968,5.693,7267.952,17.902,3.417187452316284,4.999999873689376e-05,145034.40625,-0.03529639169573784,145034.4375,0.3467552363872528,0.00800833199173212,0.51945561170578,0.0
3210.2688753085586,-145.36256265389827,354.0141964128393,100.0,56,5600,False,8304800,83048,1483,ae3b9b3532214bc3bad13e7ea9518ddf,2020-03-21_01-34-21,1584754461,10.547392845153809,15345.948451519012,23993,eclipse,137.195.211.213,15345.948451519012,8304800,1483,28,2ed37c9e,0.36,0.0,1.0,11.373042884937295,0.9884050435557324,1.4798707715290431,8162432,8304800,3084.365,5.823,7271.165,18.008,3.417187452316284,4.999999873689376e-05,171793.546875,-0.03229064866900444,171793.546875,0.3063372075557709,0.012265082448720932,-0.002103719161823392,0.0
3858.181871575315,-145.36256265389827,443.63047348998475,100.0,56,5600,False,8310400,83104,1484,ae3b9b3532214bc3bad13e7ea9518ddf,2020-03-21_01-34-31,1584754471,10.24610686302185,15356.194558382034,23993,eclipse,137.195.211.213,15356.194558382034,8310400,1484,28,2ed37c9e,0.37,0.0,1.0,11.373138123923045,0.9883952299215065,1.4798542704209394,8167936,8310400,3073.087,5.798,7255.786,18.13,3.417187452316284,4.999999873689376e-05,236568.09375,-0.03210501745343208,236568.09375,0.27048996090888977,0.010757273994386196,0.25785282254219055,0.0
3858.181871575315,-42.25868524249357,375.91073244050983,100.0,56,5600,False,8316000,83160,1485,ae3b9b3532214bc3bad13e7ea9518ddf,2020-03-21_01-34-42,1584754482,10.531389951705933,15366.72594833374,23993,eclipse,137.195.211.213,15366.72594833374,8316000,1485,28,2ed37c9e,0.29,0.0,1.0,11.37320392492911,0.9883933451039624,1.4798446849397413,8173440,8316000,3089.086,6.115,7263.851,17.704,3.417187452316284,4.999999873689376e-05,120726.1015625,-0.030638230964541435,120726.09375,0.3952989876270294,0.011443286202847958,0.14792604744434357,0.0
4952.372508967898,-43.19010148765779,337.89293747295574,100.0,56,5600,False,8321600,83216,1486,ae3b9b3532214bc3bad13e7ea9518ddf,2020-03-21_01-34-52,1584754492,10.388259410858154,15377.114207744598,23993,eclipse,137.195.211.213,15377.114207744598,8321600,1486,28,2ed37c9e,0.24,0.0,1.0,11.373265321953063,0.9883833009575751,1.4798265467452245,8178944,8321600,3092.041,5.956,7272.584,18.182,3.417187452316284,4.999999873689376e-05,244751.046875,-0.03104863129556179,244751.046875,0.234619140625,0.008240113966166973,0.8065605759620667,0.0
2780.5055813901126,-583.930833232683,246.20639322693884,100.0,56,5600,False,8327200,83272,1487,ae3b9b3532214bc3bad13e7ea9518ddf,2020-03-21_01-35-03,1584754503,10.410044193267822,15387.524251937866,23993,eclipse,137.195.211.213,15387.524251937866,8327200,1487,28,2ed37c9e,0.27,0.0,1.0,11.373273829738602,0.9883743155486375,1.4798044533907584,8184448,8327200,3038.014,5.741,7274.629,17.634,3.417187452316284,4.999999873689376e-05,82098.8671875,-0.0335983969271183,82098.8515625,0.32155439257621765,0.011841309256851673,0.2629408836364746,0.0
2780.5055813901126,-635.7766871091948,278.78812377126434,100.0,56,5600,False,8332800,83328,1488,ae3b9b3532214bc3bad13e7ea9518ddf,2020-03-21_01-35-13,1584754513,10.328366041183472,15397.85261797905,23993,eclipse,137.195.211.213,15397.85261797905,8332800,1488,28,2ed37c9e,0.27,0.0,1.0,11.37330482845929,0.9883640116528979,1.4797899596887234,8189952,8332800,3033.721,5.744,7270.629,17.636,3.417187452316284,4.999999873689376e-05,106466.6640625,-0.035559698939323425,106466.671875,0.3278907835483551,0.009252076968550682,0.6847975254058838,0.0
2639.269443507745,-635.7766871091948,219.03828885527392,100.0,56,5600,False,8338400,83384,1489,ae3b9b3532214bc3bad13e7ea9518ddf,2020-03-21_01-35-24,1584754524,10.429212093353271,15408.281830072403,23993,eclipse,137.195.211.213,15408.281830072403,8338400,1489,28,2ed37c9e,0.21,0.0,1.0,11.373251484063845,0.9883568848645531,1.4797707217425786,8195456,8338400,3030.921,5.926,7274.369,17.709,3.417187452316284,4.999999873689376e-05,49151.796875,-0.029513193294405937,49151.78515625,0.3402012288570404,0.011142721399664879,0.7354294061660767,0.0
2101.5877487274647,-207.97194696259376,244.04559986473797,100.0,56,5600,False,8344000,83440,1490,ae3b9b3532214bc3bad13e7ea9518ddf,2020-03-21_01-35-34,1584754534,10.356743335723877,15418.638573408127,23993,eclipse,137.195.211.213,15418.638573408127,8344000,1490,28,2ed37c9e,0.3,0.0,1.0,11.373223740884654,0.9883559783333513,1.4797538846558178,8200960,8344000,3033.175,6.006,7277.613,18.594,3.417187452316284,4.999999873689376e-05,68586.015625,-0.03581010550260544,68586.0234375,0.3411974012851715,0.008517315611243248,0.48504576086997986,0.0
3673.199679650935,-37.912136032901806,383.9503166030816,100.0,56,5600,False,8349600,83496,1491,ae3b9b3532214bc3bad13e7ea9518ddf,2020-03-21_01-35-44,1584754544,10.29989504814148,15428.938468456268,23993,eclipse,137.195.211.213,15428.938468456268,8349600,1491,28,2ed37c9e,0.35,0.0,1.0,11.373282639407746,0.9883573872554982,1.4797375877108498,8206464,8349600,3037.547,5.829,7267.988,18.354,3.417187452316284,4.999999873689376e-05,225587.46875,-0.026728130877017975,225587.46875,0.3072151243686676,0.013975887559354305,-0.14896731078624725,0.0
3673.199679650935,-106.76240887726907,380.9319628890364,100.0,56,5600,False,8355200,83552,1492,ae3b9b3532214bc3bad13e7ea9518ddf,2020-03-21_01-35-55,1584754555,10.351948976516724,15439.290417432785,23993,eclipse,137.195.211.213,15439.290417432785,8355200,1492,28,2ed37c9e,0.33,0.0,1.0,11.373324939967826,0.9883511256440985,1.4797218287956486,8211968,8355200,3026.985,6.233,7272.615,18.26,3.417187452316284,4.999999873689376e-05,63354.09375,-0.024488631635904312,63354.08203125,0.38759085536003113,0.009240743704140186,0.6162370443344116,0.0
5093.917849227614,-39.50473574719431,390.52180156149933,100.0,56,5600,False,8360800,83608,1493,ae3b9b3532214bc3bad13e7ea9518ddf,2020-03-21_01-36-05,1584754565,10.484500646591187,15449.774918079376,23993,eclipse,137.195.211.213,15449.774918079376,8360800,1493,28,2ed37c9e,0.33,0.0,1.0,11.37344787469607,0.9883507588739063,1.4797039241663605,8217472,8360800,3022.822,6.021,7272.431,18.495,3.417187452316284,4.999999873689376e-05,287277.4375,-0.03183947503566742,287277.4375,0.2630615532398224,0.009331878274679184,-0.10885529220104218,0.0
5093.917849227614,-32.059404177563444,455.4847175118012,100.0,56,5600,False,8366400,83664,1494,ae3b9b3532214bc3bad13e7ea9518ddf,2020-03-21_01-36-16,1584754576,10.38130497932434,15460.1562230587,23993,eclipse,137.195.211.213,15460.1562230587,8366400,1494,28,2ed37c9e,0.37,0.0,1.0,11.373625658159039,0.9883565450770158,1.4796843933645396,8222976,8366400,3026.924,5.985,7281.52,19.062,3.417187452316284,4.999999873689376e-05,146427.203125,-0.02767874486744404,146427.171875,0.3286486268043518,0.01293483842164278,-0.07269307971000671,0.0
3098.7286901617254,-157.31708030372906,350.7648401170603,100.0,56,5600,False,8372000,83720,1495,ae3b9b3532214bc3bad13e7ea9518ddf,2020-03-21_01-36-26,1584754586,10.443771123886108,15470.599994182587,23993,eclipse,137.195.211.213,15470.599994182587,8372000,1495,28,2ed37c9e,0.32,0.0,1.0,11.37368315114008,0.9883544561686345,1.4796669681787968,8228480,8372000,3023.693,5.868,7277.905,18.968,3.417187452316284,4.999999873689376e-05,120169.40625,-0.03490990772843361,120169.421875,0.3416732847690582,0.008561651222407818,0.5199655890464783,0.0
3288.012269623786,-525.5285313871992,379.2975059978957,100.0,56,5600,False,8377600,83776,1496,ae3b9b3532214bc3bad13e7ea9518ddf,2020-03-21_01-36-37,1584754597,10.433409929275513,15481.033404111862,23993,eclipse,137.195.211.213,15481.033404111862,8377600,1496,28,2ed37c9e,0.28,0.0,1.0,11.373704764231515,0.9883479483706793,1.4796472356457968,8233984,8377600,3028.66,5.75,7278.023,19.117,3.417187452316284,4.999999873689376e-05,147826.140625,-0.03519368916749954,147826.140625,0.349462628364563,0.010006426833570004,0.347377210855484,0.0
3773.6647849927394,-525.5285313871992,277.46107244436075,100.0,56,5600,False,8383200,83832,1497,ae3b9b3532214bc3bad13e7ea9518ddf,2020-03-21_01-36-47,1584754607,10.42317008972168,15491.456574201584,23993,eclipse,137.195.211.213,15491.456574201584,8383200,1497,28,2ed37c9e,0.28,0.0,1.0,11.373688795026665,0.9883405332448666,1.4796251868836372,8239488,8383200,3038.151,6.016,7267.962,19.279,3.417187452316284,4.999999873689376e-05,97818.328125,-0.026185400784015656,97818.328125,0.3738657534122467,0.010605472140014172,0.4420073628425598,0.0
3773.6647849927394,-233.3298434778741,367.25167194940695,100.0,56,5600,False,8388800,83888,1498,ae3b9b3532214bc3bad13e7ea9518ddf,2020-03-21_01-36-58,1584754618,10.400985717773438,15501.857559919357,23993,eclipse,137.195.211.213,15501.857559919357,8388800,1498,28,2ed37c9e,0.34,0.0,1.0,11.373719665375802,0.9883394979557211,1.4796035019655194,8244992,8388800,3045.425,6.141,7265.335,19.794,3.417187452316284,4.999999873689376e-05,198257.75,-0.03249648958444595,198257.75,0.3186708390712738,0.01035897433757782,0.2637273967266083,0.0
3491.048846869877,-447.8007313363415,462.1402917616893,100.0,56,5600,False,8394400,83944,1499,ae3b9b3532214bc3bad13e7ea9518ddf,2020-03-21_01-37-08,1584754628,10.385612487792969,15512.24317240715,23993,eclipse,137.195.211.213,15512.24317240715,8394400,1499,28,2ed37c9e,0.39,0.0,1.0,11.373739177356,0.9883435335342794,1.4795857684873526,8250496,8394400,3054.283,6.053,7251.618,19.681,3.417187452316284,4.999999873689376e-05,184176.796875,-0.033866092562675476,184176.78125,0.3363484740257263,0.009798587299883366,0.5963210463523865,0.0
3557.9707260824766,-447.8007313363415,403.0843405936876,100.0,56,5600,False,8400000,84000,1500,ae3b9b3532214bc3bad13e7ea9518ddf,2020-03-21_01-37-19,1584754639,10.337751865386963,15522.580924272537,23993,eclipse,137.195.211.213,15522.580924272537,8400000,1500,28,2ed37c9e,0.29,0.0,1.0,11.3738403426576,0.9883373912881781,1.4795683916683533,8256000,8400000,3052.659,6.005,7251.293,18.755,3.417187452316284,4.999999873689376e-05,164161.484375,-0.03335532918572426,164161.484375,0.33257704973220825,0.011503738351166248,0.019727258011698723,0.0
4339.473424822564,-41.22539509274911,397.55207183305555,100.0,56,5600,False,8405600,84056,1501,ae3b9b3532214bc3bad13e7ea9518ddf,2020-03-21_01-37-29,1584754649,10.3165762424469,15532.897500514984,23993,eclipse,137.195.211.213,15532.897500514984,8405600,1501,28,2ed37c9e,0.3,0.0,1.0,11.37387676785006,0.9883391453815489,1.4795517591596627,8261504,8405600,3051.716,6.106,7254.917,18.953,3.417187452316284,4.999999873689376e-05,203274.84375,-0.037252139300107956,203274.84375,0.3509378135204315,0.01110882218927145,0.49646860361099243,0.0
4339.473424822564,-117.44117399629783,334.4023439454439,100.0,56,5600,False,8411200,84112,1502,ae3b9b3532214bc3bad13e7ea9518ddf,2020-03-21_01-37-39,1584754659,10.398545980453491,15543.296046495438,23993,eclipse,137.195.211.213,15543.296046495438,8411200,1502,28,2ed37c9e,0.34,0.0,1.0,11.373969428990035,0.9883394530988625,1.47954293781675,8267008,8411200,3058.837,5.951,7252.89,19.124,3.417187452316284,4.999999873689376e-05,96020.1171875,-0.031240321695804596,96020.109375,0.35542193055152893,0.011157793924212456,0.35002952814102173,0.0
3431.9887939171476,-117.44117399629783,228.63812253945906,100.0,56,5600,False,8416800,84168,1503,ae3b9b3532214bc3bad13e7ea9518ddf,2020-03-21_01-37-50,1584754670,10.437219142913818,15553.733265638351,23993,eclipse,137.195.211.213,15553.733265638351,8416800,1503,28,2ed37c9e,0.28,0.0,1.0,11.374000214634783,0.9883370612134325,1.479532116255134,8272512,8416800,3054.265,5.996,7252.957,18.362,3.417187452316284,4.999999873689376e-05,75222.5546875,-0.03178856894373894,75222.5546875,0.34452947974205017,0.008197516202926636,0.8161702752113342,0.0
4536.699812580961,-81.6691457535869,287.9703375138112,100.0,56,5600,False,8422400,84224,1504,ae3b9b3532214bc3bad13e7ea9518ddf,2020-03-21_01-38-00,1584754680,10.453341484069824,15564.186607122421,23993,eclipse,137.195.211.213,15564.186607122421,8422400,1504,28,2ed37c9e,0.27,0.0,1.0,11.374025659453537,0.9883324326198146,1.4795180874820817,8278016,8422400,3058.74,6.209,7256.623,17.431,3.417187452316284,4.999999873689376e-05,203795.796875,-0.03363591432571411,203795.796875,0.24367032945156097,0.011221385560929775,-0.025850221514701843,0.0
3333.2339264648667,-117.1957285167521,225.23688127125206,100.0,56,5600,False,8428000,84280,1505,ae3b9b3532214bc3bad13e7ea9518ddf,2020-03-21_01-38-11,1584754691,10.373572587966919,15574.560179710388,23993,eclipse,137.195.211.213,15574.560179710388,8428000,1505,28,2ed37c9e,0.24,0.0,1.0,11.374084084071665,0.9883284523451341,1.4795009085797222,8283520,8428000,3064.639,6.076,7241.931,17.627,3.417187452316284,4.999999873689376e-05,122724.78125,-0.02490817941725254,122724.7421875,0.3238781690597534,0.013624271377921104,0.6057632565498352,0.0
3333.2339264648667,-483.9898442232054,294.8437914479491,100.0,56,5600,False,8433600,84336,1506,ae3b9b3532214bc3bad13e7ea9518ddf,2020-03-21_01-38-22,1584754702,10.726364612579346,15585.286544322968,23993,eclipse,137.195.211.213,15585.286544322968,8433600,1506,28,2ed37c9e,0.28,0.0,1.0,11.374331769307487,0.9883540810908209,1.4795375334974068,8289024,8433600,3100.527,6.33,7234.476,17.847,3.417187452316284,4.999999873689376e-05,87324.7109375,-0.03354831039905548,87324.71875,0.42598071694374084,0.010311500169336796,0.5937885642051697,0.0
3099.690809117936,-483.9898442232054,259.82691490818206,100.0,56,5600,False,8439200,84392,1507,ae3b9b3532214bc3bad13e7ea9518ddf,2020-03-21_01-38-32,1584754712,10.353299379348755,15595.639843702316,23993,eclipse,137.195.211.213,15595.639843702316,8439200,1507,28,2ed37c9e,0.22,0.0,1.0,11.374480197462521,0.9883680552670171,1.479567888149152,8294528,8439200,3092.962,6.276,7235.944,17.853,3.417187452316284,4.999999873689376e-05,99468.625,-0.035564765334129333,99468.625,0.3373943865299225,0.008176013827323914,1.157188892364502,0.0
2753.626931115169,-38.04042677475659,266.7406370300356,100.0,56,5600,False,8444800,84448,1508,ae3b9b3532214bc3bad13e7ea9518ddf,2020-03-21_01-38-42,1584754722,10.41288948059082,15606.052733182907,23993,eclipse,137.195.211.213,15606.052733182907,8444800,1508,28,2ed37c9e,0.29,0.0,1.0,11.374546291223616,0.9883591503283913,1.4795504080345772,8300032,8444800,3091.492,6.073,7240.696,17.852,3.417187452316284,4.999999873689376e-05,66792.1796875,-0.030680419877171516,66792.171875,0.33203616738319397,0.010346668772399426,0.05242979899048805,0.0
1876.5817354368928,-35.06641081703153,236.78534407152208,100.0,56,5600,False,8450400,84504,1509,ae3b9b3532214bc3bad13e7ea9518ddf,2020-03-21_01-38-53,1584754733,10.436343908309937,15616.489077091217,23993,eclipse,137.195.211.213,15616.489077091217,8450400,1509,28,2ed37c9e,0.3,0.0,1.0,11.374707679939842,0.988359210172927,1.4795326522687353,8305536,8450400,3080.403,5.966,7256.689,17.835,3.417187452316284,4.999999873689376e-05,40394.94140625,-0.034783270210027695,40394.94921875,0.38711023330688477,0.009035307914018631,0.2515908479690552,0.0
3224.07852093607,-35.06641081703153,270.0363193638175,100.0,56,5600,False,8456000,84560,1510,ae3b9b3532214bc3bad13e7ea9518ddf,2020-03-21_01-39-03,1584754743,10.331406831741333,15626.820483922958,23993,eclipse,137.195.211.213,15626.820483922958,8456000,1510,28,2ed37c9e,0.28,0.0,1.0,11.374808768560293,0.9883555848752391,1.4795147897416137,8311040,8456000,3082.976,5.952,7252.197,18.856,3.417187452316284,4.999999873689376e-05,111594.640625,-0.028740884736180305,111594.6484375,0.347929447889328,0.009972632862627506,0.4577654004096985,0.0
3224.07852093607,-530.2511240598946,301.0541800390895,100.0,56,5600,False,8461600,84616,1511,ae3b9b3532214bc3bad13e7ea9518ddf,2020-03-21_01-39-14,1584754754,10.524433612823486,15637.344917535782,23993,eclipse,137.195.211.213,15637.344917535782,8461600,1511,28,2ed37c9e,0.31,0.0,1.0,11.374859036369344,0.988350122528754,1.4794980611810309,8316544,8461600,3093.382,5.97,7261.445,18.642,3.417187452316284,4.999999873689376e-05,66571.5390625,-0.027715599164366722,66571.53125,0.3156222403049469,0.009855220094323158,0.5682587027549744,0.0
4209.407129321189,-530.2511240598946,291.6931666504439,100.0,56,5600,False,8467200,84672,1512,ae3b9b3532214bc3bad13e7ea9518ddf,2020-03-21_01-39-24,1584754764,10.343135356903076,15647.688052892685,23993,eclipse,137.195.211.213,15647.688052892685,8467200,1512,28,2ed37c9e,0.26,0.0,1.0,11.374894079470463,0.9883486291176149,1.4794856613254024,8322048,8467200,3088.463,6.043,7259.784,19.023,3.417187452316284,4.999999873689376e-05,211912.84375,-0.03339766710996628,211912.8125,0.29242199659347534,0.010264357551932335,0.39952096343040466,0.0
4636.639554533595,-526.093564505624,404.57037942837434,100.0,56,5600,False,8472800,84728,1513,ae3b9b3532214bc3bad13e7ea9518ddf,2020-03-21_01-39-35,1584754775,10.439236640930176,15658.127289533615,23993,eclipse,137.195.211.213,15658.127289533615,8472800,1513,28,2ed37c9e,0.33,0.0,1.0,11.37494430197191,0.9883492452490676,1.4794664808591405,8327552,8472800,3089.376,5.778,7258.17,19.661,3.417187452316284,4.999999873689376e-05,225891.859375,-0.032119009643793106,225891.859375,0.3652442991733551,0.012230273336172104,0.6622929573059082,0.0
4636.639554533595,-61.981781436803296,403.5756029828557,100.0,56,5600,False,8478400,84784,1514,ae3b9b3532214bc3bad13e7ea9518ddf,2020-03-21_01-39-45,1584754785,10.389635562896729,15668.516925096512,23993,eclipse,137.195.211.213,15668.516925096512,8478400,1514,28,2ed37c9e,0.35,0.0,1.0,11.375034967919046,0.98835559803206,1.479452539504902,8333056,8478400,3085.247,5.689,7255.888,19.739,3.417187452316284,4.999999873689376e-05,145332.515625,-0.03025665320456028,145332.515625,0.35323333740234375,0.011485851369798183,0.18046997487545013,0.0
3312.4365611367593,-36.562650584130985,406.4964087220958,100.0,56,5600,False,8484000,84840,1515,ae3b9b3532214bc3bad13e7ea9518ddf,2020-03-21_01-39-55,1584754795,10.264002323150635,15678.780927419662,23993,eclipse,137.195.211.213,15678.780927419662,8484000,1515,28,2ed37c9e,0.37,0.0,1.0,11.37508285044322,0.9883576670806904,1.4794441217330825,8338560,8484000,3069.692,5.968,7260.659,19.714,3.417187452316284,4.999999873689376e-05,154858.671875,-0.034661587327718735,154858.6875,0.3551223874092102,0.008520563133060932,0.9230743050575256,0.0
3415.588123540812,-46.966905119464776,336.99324053384225,100.0,56,5600,False,8489600,84896,1516,ae3b9b3532214bc3bad13e7ea9518ddf,2020-03-21_01-40-06,1584754806,10.405113697052002,15689.186041116714,23993,eclipse,137.195.211.213,15689.186041116714,8489600,1516,28,2ed37c9e,0.33,0.0,1.0,11.375082187955186,0.9883581041193529,1.4794345847519847,8344064,8489600,3028.786,6.004,7268.758,19.347,3.417187452316284,4.999999873689376e-05,161108.953125,-0.03210209682583809,161108.9375,0.319538950920105,0.010233676061034203,0.45390817523002625,0.0
3415.588123540812,-46.966905119464776,336.9245132699725,100.0,56,5600,False,8495200,84952,1517,ae3b9b3532214bc3bad13e7ea9518ddf,2020-03-21_01-40-17,1584754817,10.554196119308472,15699.740237236023,23993,eclipse,137.195.211.213,15699.740237236023,8495200,1517,28,2ed37c9e,0.32,0.0,1.0,11.375191610589741,0.9883645020461536,1.479436735011297,8349568,8495200,3039.632,5.803,7279.008,18.981,3.417187452316284,4.999999873689376e-05,100831.7421875,-0.03336799517273903,100831.7421875,0.3170258700847626,0.010275526903569698,0.1983296424150467,0.0
2548.9355430536534,-357.1062831751794,262.67174131398036,100.0,56,5600,False,8500800,85008,1518,ae3b9b3532214bc3bad13e7ea9518ddf,2020-03-21_01-40-27,1584754827,10.486397504806519,15710.22663474083,23993,eclipse,137.195.211.213,15710.22663474083,8500800,1518,28,2ed37c9e,0.25,0.0,1.0,11.375299455616178,0.9883678589574576,1.4794319381860745,8355072,8500800,3038.236,5.891,7288.406,18.771,3.417187452316284,4.999999873689376e-05,81502.171875,-0.03590913116931915,81502.171875,0.3020034730434418,0.008351871743798256,0.20112469792366028,0.0
2548.9355430536534,-36.574081562134936,199.73077903407716,100.0,56,5600,False,8506400,85064,1519,ae3b9b3532214bc3bad13e7ea9518ddf,2020-03-21_01-40-38,1584754838,10.400643587112427,15720.627278327942,23993,eclipse,137.195.211.213,15720.627278327942,8506400,1519,28,2ed37c9e,0.23,0.0,1.0,11.375346578660777,0.9883679582347608,1.4794132264210305,8360576,8506400,3040.822,6.156,7284.345,18.226,3.417187452316284,4.999999873689376e-05,39288.9375,-0.0309265349060297,39288.9375,0.17155469954013824,0.009002063423395157,0.30650222301483154,0.0
1865.0768019681625,-37.413534927451096,166.46441881920703,100.0,56,5600,False,8512000,85120,1520,ae3b9b3532214bc3bad13e7ea9518ddf,2020-03-21_01-40-48,1584754848,10.328077554702759,15730.955355882645,23993,eclipse,137.195.211.213,15730.955355882645,8512000,1520,28,2ed37c9e,0.22,0.0,1.0,11.37527985863575,0.9883662571363405,1.4793938282515848,8366080,8512000,3033.403,6.225,7289.976,18.262,3.417187452316284,4.999999873689376e-05,46261.33203125,-0.030755242332816124,46261.328125,0.426709920167923,0.009776509366929531,1.042410969734192,0.0
2997.336084367492,-37.413534927451096,260.5118010060512,100.0,56,5600,False,8517600,85176,1521,ae3b9b3532214bc3bad13e7ea9518ddf,2020-03-21_01-40-59,1584754859,10.573716402053833,15741.529072284698,23993,eclipse,137.195.211.213,15741.529072284698,8517600,1521,28,2ed37c9e,0.25,0.0,1.0,11.375249931087724,0.9883596389819808,1.4793748032816174,8371584,8517600,3038.586,6.175,7290.724,18.333,3.417187452316284,4.999999873689376e-05,141761.34375,-0.029799513518810272,141761.328125,0.2706485688686371,0.010225293226540089,0.08724196255207062,0.0
2997.336084367492,-36.52818768499898,335.9243923947194,100.0,56,5600,False,8523200,85232,1522,ae3b9b3532214bc3bad13e7ea9518ddf,2020-03-21_01-41-09,1584754869,10.33375597000122,15751.8628282547,23993,eclipse,137.195.211.213,15751.8628282547,8523200,1522,28,2ed37c9e,0.3,0.0,1.0,11.375286274656178,0.9883540993855153,1.4793549093434186,8377088,8523200,3045.115,6.18,7285.249,17.487,3.417187452316284,4.999999873689376e-05,131272.359375,-0.036193132400512695,131272.375,0.3465684652328491,0.009091847576200962,0.4889354705810547,0.0
3093.2864383218775,-469.54732239025105,329.13095918320374,100.0,56,5600,False,8528800,85288,1523,ae3b9b3532214bc3bad13e7ea9518ddf,2020-03-21_01-41-19,1584754879,10.4428551197052,15762.305683374405,23993,eclipse,137.195.211.213,15762.305683374405,8528800,1523,28,2ed37c9e,0.32,0.0,1.0,11.375271250111892,0.9883517519061169,1.4793343726680108,8382592,8528800,3039.458,6.338,7289.821,17.301,3.417187452316284,4.999999873689376e-05,147137.890625,-0.03328915685415268,147137.875,0.2567710876464844,0.010580722242593765,0.3869079649448395,0.0
3093.2864383218775,-469.54732239025105,322.480282279229,100.0,56,5600,False,8534400,85344,1524,ae3b9b3532214bc3bad13e7ea9518ddf,2020-03-21_01-41-30,1584754890,10.368181228637695,15772.673864603043,23993,eclipse,137.195.211.213,15772.673864603043,8534400,1524,28,2ed37c9e,0.31,0.0,1.0,11.375361454277053,0.9883484146451464,1.4793137572096353,8388096,8534400,3036.103,6.371,7290.227,18.051,3.417187452316284,4.999999873689376e-05,89121.3984375,-0.03879573941230774,89121.3984375,0.3130771815776825,0.009725898504257202,0.18862296640872955,0.0
2435.7465992008533,-454.3027971175206,267.7970860706504,100.0,56,5600,False,8540000,85400,1525,ae3b9b3532214bc3bad13e7ea9518ddf,2020-03-21_01-41-40,1584754900,10.447500944137573,15783.12136554718,23993,eclipse,137.195.211.213,15783.12136554718,8540000,1525,28,2ed37c9e,0.28,0.0,1.0,11.375490544396587,0.9883427455840765,1.479287156330641,8393600,8540000,3044.629,6.309,7300.566,18.461,3.417187452316284,4.999999873689376e-05,41422.078125,-0.037675902247428894,41422.07421875,0.2563317120075226,0.012588873505592346,0.1857045590877533,0.0
2552.678917929366,-475.3079013581065,210.44800153154128,100.0,56,5600,False,8545600,85456,1526,ae3b9b3532214bc3bad13e7ea9518ddf,2020-03-21_01-41-51,1584754911,10.325225591659546,15793.44659113884,23993,eclipse,137.195.211.213,15793.44659113884,8545600,1526,28,2ed37c9e,0.24,0.0,1.0,11.37561986614182,0.9883371825094209,1.4792652909588362,8399104,8545600,3043.928,6.458,7293.033,18.298,3.417187452316284,4.999999873689376e-05,55085.2890625,-0.03395611047744751,55085.296875,0.34457001090049744,0.01097987312823534,0.09875340014696121,0.0
2552.678917929366,-475.3079013581065,208.87346044093937,100.0,56,5600,False,8551200,85512,1527,ae3b9b3532214bc3bad13e7ea9518ddf,2020-03-21_01-42-01,1584754921,10.50239896774292,15803.948990106583,23993,eclipse,137.195.211.213,15803.948990106583,8551200,1527,28,2ed37c9e,0.19,0.0,1.0,11.37577583115618,0.9883381374686675,1.4792793467604755,8404608,8551200,3040.318,6.984,7289.507,19.453,3.417187452316284,4.999999873689376e-05,62962.73828125,-0.036483991891145706,62962.734375,0.37047865986824036,0.00896916538476944,0.8206294775009155,0.0
2885.737970179156,-37.684259777741964,240.10449395289643,100.0,56,5600,False,8556800,85568,1528,ae3b9b3532214bc3bad13e7ea9518ddf,2020-03-21_01-42-12,1584754932,10.38583517074585,15814.334825277328,23993,eclipse,137.195.211.213,15814.334825277328,8556800,1528,28,2ed37c9e,0.23,0.0,1.0,11.37584258301119,0.9883417155627917,1.4792911582266433,8410112,8556800,3038.153,6.949,7281.113,19.366,3.417187452316284,4.999999873689376e-05,101355.2421875,-0.030749235302209854,101355.234375,0.32819217443466187,0.012278341688215733,0.8271164894104004,0.0
3673.703768664059,-543.4101388828196,348.33842273580854,100.0,56,5600,False,8562400,85624,1529,ae3b9b3532214bc3bad13e7ea9518ddf,2020-03-21_01-42-22,1584754942,10.399077892303467,15824.733903169632,23993,eclipse,137.195.211.213,15824.733903169632,8562400,1529,28,2ed37c9e,0.34,0.0,1.0,11.375828264390712,0.9883354674160734,1.4792715765310425,8415616,8562400,3039.623,6.478,7278.615,19.826,3.417187452316284,4.999999873689376e-05,143963.953125,-0.031802017241716385,143963.96875,0.3948826491832733,0.01060020737349987,0.7237759232521057,0.0
3673.703768664059,-68.27661644088238,244.72957821319542,100.0,56,5600,False,8568000,85680,1530,ae3b9b3532214bc3bad13e7ea9518ddf,2020-03-21_01-42-33,1584754953,10.49557638168335,15835.229479551315,23993,eclipse,137.195.211.213,15835.229479551315,8568000,1530,28,2ed37c9e,0.3,0.0,1.0,11.375798004545873,0.988321253400834,1.479254317971729,8421120,8568000,3050.931,6.412,7284.676,20.073,3.417187452316284,4.999999873689376e-05,68650.9609375,-0.02885570004582405,68650.9453125,0.33480262756347656,0.008202064782381058,0.7079886198043823,0.0
2673.203550401789,-136.55189647279533,223.34253272198112,100.0,56,5600,False,8573600,85736,1531,ae3b9b3532214bc3bad13e7ea9518ddf,2020-03-21_01-42-43,1584754963,10.332614183425903,15845.562093734741,23993,eclipse,137.195.211.213,15845.562093734741,8573600,1531,28,2ed37c9e,0.24,0.0,1.0,11.375769584447367,0.9883141505185782,1.4792428353455107,8426624,8573600,3035.702,6.534,7276.261,19.816,3.417187452316284,4.999999873689376e-05,96059.7578125,-0.032215166836977005,96059.7578125,0.2598922550678253,0.01150706596672535,0.22000475227832794,0.0
3863.577177697536,-136.55189647279533,451.77392147099243,100.0,56,5600,False,8579200,85792,1532,ae3b9b3532214bc3bad13e7ea9518ddf,2020-03-21_01-42-54,1584754974,10.612499237060547,15856.174592971802,23993,eclipse,137.195.211.213,15856.174592971802,8579200,1532,28,2ed37c9e,0.35,0.0,1.0,11.375856397950658,0.9883143664170462,1.479221444372608,8432128,8579200,3048.849,6.519,7287.089,20.6,3.417187452316284,4.999999873689376e-05,356559.90625,-0.030988631770014763,356559.9375,0.2810337543487549,0.009434311650693417,-0.4111097455024719,0.0
5304.424359878753,-61.83344052432361,434.0221189600891,100.0,56,5600,False,8584800,85848,1533,ae3b9b3532214bc3bad13e7ea9518ddf,2020-03-21_01-43-04,1584754984,10.456949472427368,15866.63154244423,23993,eclipse,137.195.211.213,15866.63154244423,8584800,1533,28,2ed37c9e,0.36,0.0,1.0,11.37592291407912,0.9883166222958115,1.4792001912147885,8437632,8584800,3055.108,6.654,7283.857,20.397,3.417187452316284,4.999999873689376e-05,177582.765625,-0.026166150346398354,177582.75,0.2062152624130249,0.008895422331988811,0.33301842212677,0.0
5304.424359878753,-61.83344052432361,274.99835409702916,100.0,56,5600,False,8590400,85904,1534,ae3b9b3532214bc3bad13e7ea9518ddf,2020-03-21_01-43-15,1584754995,10.526752233505249,15877.158294677734,23993,eclipse,137.195.211.213,15877.158294677734,8590400,1534,28,2ed37c9e,0.26,0.0,1.0,11.376021306021624,0.9883135708633186,1.479189687932149,8443136,8590400,3077.436,6.67,7277.076,20.369,3.417187452316284,4.999999873689376e-05,141467.625,-0.03075418993830681,141467.609375,0.2737017869949341,0.011300445534288883,0.2750057876110077,0.0
4046.1286613433235,-36.46656905294362,342.45849394708785,100.0,56,5600,False,8596000,85960,1535,ae3b9b3532214bc3bad13e7ea9518ddf,2020-03-21_01-43-25,1584755005,10.400372982025146,15887.55866765976,23993,eclipse,137.195.211.213,15887.55866765976,8596000,1535,28,2ed37c9e,0.29,0.0,1.0,11.376130229488124,0.9883111232961636,1.4791784140158,8448640,8596000,3076.869,6.628,7273.9,20.135,3.417187452316284,4.999999873689376e-05,170592.5,-0.032549332827329636,170592.5,0.2382568120956421,0.008909879252314568,0.48796209692955017,0.0
4046.1286613433235,-36.66964297628576,306.61873296533156,100.0,56,5600,False,8601600,86016,1536,ae3b9b3532214bc3bad13e7ea9518ddf,2020-03-21_01-43-36,1584755016,10.299305200576782,15897.857972860336,23993,eclipse,137.195.211.213,15897.857972860336,8601600,1536,28,2ed37c9e,0.29,0.0,1.0,11.376173178928417,0.9883073437888786,1.4791607733633294,8454144,8601600,3072.052,6.271,7278.006,20.413,3.417187452316284,4.999999873689376e-05,106569.671875,-0.031862303614616394,106569.671875,0.33736366033554077,0.009804407134652138,0.6767377853393555,0.0
3319.6404612636866,-38.51978346475361,395.11639947649616,100.0,56,5600,False,8607200,86072,1537,ae3b9b3532214bc3bad13e7ea9518ddf,2020-03-21_01-43-46,1584755026,10.441512823104858,15908.299485683441,23993,eclipse,137.195.211.213,15908.299485683441,8607200,1537,28,2ed37c9e,0.37,0.0,1.0,11.3762670317235,0.9883007123841392,1.479142386446988,8459648,8607200,3064.015,6.026,7278.533,20.26,3.417187452316284,4.999999873689376e-05,211270.515625,-0.03362339362502098,211270.515625,0.2778368890285492,0.01146196573972702,0.3012999892234802,0.0
3319.6404612636866,-39.642538315702765,349.9231717553875,100.0,56,5600,False,8612800,86128,1538,ae3b9b3532214bc3bad13e7ea9518ddf,2020-03-21_01-43-56,1584755036,10.382100343704224,15918.681586027145,23993,eclipse,137.195.211.213,15918.681586027145,8612800,1538,28,2ed37c9e,0.31,0.0,1.0,11.37634337613702,0.9883021636780316,1.4791223867841514,8465152,8612800,3070.804,6.064,7272.945,19.49,3.417187452316284,4.999999873689376e-05,54795.2734375,-0.026867810636758804,54795.265625,0.3982042670249939,0.011582180857658386,0.4176756739616394,0.0
2974.9670301932206,-38.26491276750767,278.56596505810836,100.0,56,5600,False,8618400,86184,1539,ae3b9b3532214bc3bad13e7ea9518ddf,2020-03-21_01-44-07,1584755047,10.412245988845825,15929.093832015991,23993,eclipse,137.195.211.213,15929.093832015991,8618400,1539,28,2ed37c9e,0.28,0.0,1.0,11.376362011424337,0.9882988281023413,1.479108835842455,8470656,8618400,3070.942,6.325,7275.47,18.938,3.417187452316284,4.999999873689376e-05,105548.71875,-0.032490767538547516,105548.71875,0.38762763142585754,0.009347849525511265,0.39283287525177,0.0
5512.147311179447,-447.54530324710987,360.5643122691361,100.0,56,5600,False,8624000,86240,1540,ae3b9b3532214bc3bad13e7ea9518ddf,2020-03-21_01-44-17,1584755057,10.509330749511719,15939.603162765503,23993,eclipse,137.195.211.213,15939.603162765503,8624000,1540,28,2ed37c9e,0.31,0.0,1.0,11.376351553107993,0.988298173584073,1.4790964796341957,8476160,8624000,3074.816,6.352,7273.101,18.519,3.417187452316284,4.999999873689376e-05,251436.109375,-0.0392756424844265,251436.140625,0.3329949975013733,0.009584576822817326,0.7084254622459412,0.0
5512.147311179447,-447.54530324710987,327.0943684142255,100.0,56,5600,False,8629600,86296,1541,ae3b9b3532214bc3bad13e7ea9518ddf,2020-03-21_01-44-28,1584755068,10.427887678146362,15950.03105044365,23993,eclipse,137.195.211.213,15950.03105044365,8629600,1541,28,2ed37c9e,0.23,0.0,1.0,11.37643721992542,0.9883023041240665,1.4790826327473245,8481664,8629600,3082.724,6.334,7273.745,18.027,3.417187452316284,4.999999873689376e-05,127484.046875,-0.028924988582730293,127484.046875,0.3264956474304199,0.011587231419980526,0.20044805109500885,0.0
3744.3060666983556,-35.34433099606577,340.50753417215986,100.0,56,5600,False,8635200,86352,1542,ae3b9b3532214bc3bad13e7ea9518ddf,2020-03-21_01-44-38,1584755078,10.387172937393188,15960.418223381042,23993,eclipse,137.195.211.213,15960.418223381042,8635200,1542,28,2ed37c9e,0.26,0.0,1.0,11.376656636573811,0.9883093713717063,1.479062520557793,8487168,8635200,3067.094,6.303,7266.674,18.137,3.417187452316284,4.999999873689376e-05,163164.96875,-0.035559508949518204,163164.96875,0.3225129246711731,0.012194642797112465,-0.4487115740776062,0.0
3744.3060666983556,-33.953305965030076,365.67322748370344,100.0,56,5600,False,8640800,86408,1543,ae3b9b3532214bc3bad13e7ea9518ddf,2020-03-21_01-44-49,1584755089,10.44508409500122,15970.863307476044,23993,eclipse,137.195.211.213,15970.863307476044,8640800,1543,28,2ed37c9e,0.28,0.0,1.0,11.37682181861224,0.9883142991669694,1.479043531994429,8492672,8640800,3062.406,6.37,7270.371,18.248,3.417187452316284,4.999999873689376e-05,131688.296875,-0.032441332936286926,131688.328125,0.2633807957172394,0.007492621894925833,0.4067564606666565,0.0
5648.123284238093,-190.10184820733363,422.08001670934823,100.0,56,5600,False,8646400,86464,1544,ae3b9b3532214bc3bad13e7ea9518ddf,2020-03-21_01-44-59,1584755099,10.444885492324829,15981.308192968369,23993,eclipse,137.195.211.213,15981.308192968369,8646400,1544,28,2ed37c9e,0.33,0.0,1.0,11.376882226768542,0.9883093536194056,1.4790305939068287,8498176,8646400,3047.932,6.389,7278.333,18.184,3.417187452316284,4.999999873689376e-05,247347.765625,-0.03277183696627617,247347.765625,0.29960137605667114,0.008738280273973942,0.7163827419281006,0.0
5648.123284238093,-37.84903996615686,388.5659794964592,100.0,56,5600,False,8652000,86520,1545,ae3b9b3532214bc3bad13e7ea9518ddf,2020-03-21_01-45-10,1584755110,10.420263051986694,15991.728456020355,23993,eclipse,137.195.211.213,15991.728456020355,8652000,1545,28,2ed37c9e,0.34,0.0,1.0,11.376897508460921,0.988307448350641,1.479019875034032,8503680,8652000,3052.692,6.068,7274.739,18.291,3.417187452316284,4.999999873689376e-05,111091.171875,-0.028354456648230553,111091.1640625,0.29414528608322144,0.010436481796205044,0.36518386006355286,0.0
4310.192839374293,-37.84903996615686,373.0377510305092,100.0,56,5600,False,8657600,86576,1546,ae3b9b3532214bc3bad13e7ea9518ddf,2020-03-21_01-45-20,1584755120,10.416641235351562,16002.145097255707,23993,eclipse,137.195.211.213,16002.145097255707,8657600,1546,28,2ed37c9e,0.31,0.0,1.0,11.376905604087273,0.9883102097533422,1.4790049229562987,8509184,8657600,3060.728,6.321,7276.951,18.223,3.417187452316284,4.999999873689376e-05,208081.484375,-0.02803552895784378,208081.46875,0.31077831983566284,0.01363630872219801,0.6216427683830261,0.0
4310.192839374293,-200.3935117473534,387.04726758238496,100.0,56,5600,False,8663200,86632,1547,ae3b9b3532214bc3bad13e7ea9518ddf,2020-03-21_01-45-31,1584755131,10.445024013519287,16012.590121269226,23993,eclipse,137.195.211.213,16012.590121269226,8663200,1547,28,2ed37c9e,0.32,0.0,1.0,11.376913543315327,0.9883194261423001,1.4789949505764954,8514688,8663200,3064.141,6.304,7275.756,18.222,3.417187452316284,4.999999873689376e-05,175468.109375,-0.03754398599267006,175468.109375,0.2970973551273346,0.009820698760449886,0.6385645866394043,0.0
2984.5173901250555,-637.0361808010726,264.13362118721375,100.0,56,5600,False,8668800,86688,1548,ae3b9b3532214bc3bad13e7ea9518ddf,2020-03-21_01-45-41,1584755141,10.337995767593384,16022.92811703682,23993,eclipse,137.195.211.213,16022.92811703682,8668800,1548,28,2ed37c9e,0.27,0.0,1.0,11.376945431344698,0.9883204785616421,1.478990479567246,8520192,8668800,3053.528,6.237,7281.836,17.962,3.417187452316284,4.999999873689376e-05,77352.375,-0.03702668100595474,77352.375,0.3066582977771759,0.009295028634369373,0.652435839176178,0.0
4311.740434761924,-637.0361808010726,383.831837957043,100.0,56,5600,False,8674400,86744,1549,ae3b9b3532214bc3bad13e7ea9518ddf,2020-03-21_01-45-52,1584755152,10.417453527450562,16033.34557056427,23993,eclipse,137.195.211.213,16033.34557056427,8674400,1549,28,2ed37c9e,0.31,0.0,1.0,11.376970467678662,0.9883184863376911,1.4789754051678685,8525696,8674400,3055.754,6.354,7277.841,18.867,3.417187452316284,4.999999873689376e-05,262846.34375,-0.03351050615310669,262846.3125,0.3116304874420166,0.011686699464917183,0.4218233823776245,0.0
5212.66826056462,-37.717723244337726,407.01226614558107,100.0,56,5600,False,8680000,86800,1550,ae3b9b3532214bc3bad13e7ea9518ddf,2020-03-21_01-46-02,1584755162,10.37064003944397,16043.716210603714,23993,eclipse,137.195.211.213,16043.716210603714,8680000,1550,28,2ed37c9e,0.35,0.0,1.0,11.37697776941758,0.9883185473087495,1.4789612985046674,8531200,8680000,3046.793,6.415,7274.766,18.402,3.417187452316284,4.999999873689376e-05,236240.09375,-0.03735463693737984,236240.109375,0.2817457616329193,0.008796422742307186,0.39097514748573303,0.0
5212.66826056462,-37.717723244337726,383.24929212791125,100.0,56,5600,False,8685600,86856,1551,ae3b9b3532214bc3bad13e7ea9518ddf,2020-03-21_01-46-12,1584755172,10.34757924079895,16054.063789844513,23993,eclipse,137.195.211.213,16054.063789844513,8685600,1551,28,2ed37c9e,0.32,0.0,1.0,11.377072779667305,0.9883154220412383,1.4789450857625028,8536704,8685600,3040.429,6.429,7273.47,19.324,3.417187452316284,4.999999873689376e-05,127110.2890625,-0.03427369147539139,127110.2890625,0.3277670741081238,0.00849110260605812,-0.31465625762939453,0.0
3047.729161456824,-584.6466782124833,267.10528281338,100.0,56,5600,False,8691200,86912,1552,ae3b9b3532214bc3bad13e7ea9518ddf,2020-03-21_01-46-23,1584755183,10.372349262237549,16064.43613910675,23993,eclipse,137.195.211.213,16064.43613910675,8691200,1552,28,2ed37c9e,0.25,0.0,1.0,11.377138811857275,0.9883022195049312,1.4789233562236133,8542208,8691200,3040.195,6.129,7273.183,18.966,3.417187452316284,4.999999873689376e-05,44585.9609375,-0.03603589907288551,44585.97265625,0.31517279148101807,0.0082924235612154,0.7621483206748962,0.0
3426.6747434404897,-584.6466782124833,297.5255480133608,100.0,56,5600,False,8696800,86968,1553,ae3b9b3532214bc3bad13e7ea9518ddf,2020-03-21_01-46-33,1584755193,10.388122081756592,16074.824261188507,23993,eclipse,137.195.211.213,16074.824261188507,8696800,1553,28,2ed37c9e,0.27,0.0,1.0,11.377200010497326,0.9882908707347319,1.478908264748994,8547712,8696800,3038.026,6.041,7268.642,19.013,3.417187452316284,4.999999873689376e-05,206479.34375,-0.035176075994968414,206479.390625,0.24935416877269745,0.008854923769831657,-0.27894848585128784,0.0
2655.4072968633714,-33.468912880409164,270.6415549864416,100.0,56,5600,False,8702400,87024,1554,ae3b9b3532214bc3bad13e7ea9518ddf,2020-03-21_01-46-44,1584755204,10.51701021194458,16085.341271400452,23993,eclipse,137.195.211.213,16085.341271400452,8702400,1554,28,2ed37c9e,0.31,0.0,1.0,11.377402121455011,0.9882827914472274,1.4788975297338007,8553216,8702400,3045.041,5.776,7268.577,18.361,3.417187452316284,4.999999873689376e-05,70221.2421875,-0.038729652762413025,70221.2421875,0.2640855610370636,0.008376877754926682,-0.21743936836719513,0.0
4075.437358836765,-40.183813301231254,300.66142340142693,100.0,56,5600,False,8708000,87080,1555,ae3b9b3532214bc3bad13e7ea9518ddf,2020-03-21_01-46-54,1584755214,10.460732460021973,16095.802003860474,23993,eclipse,137.195.211.213,16095.802003860474,8708000,1555,28,2ed37c9e,0.32,0.0,1.0,11.377586993060113,0.9882750847750813,1.4788879885458488,8558720,8708000,3041.304,5.725,7276.817,18.285,3.417187452316284,4.999999873689376e-05,134716.4375,-0.02538045309484005,134716.40625,0.30845290422439575,0.014000804163515568,-0.06889377534389496,0.0
4075.437358836765,-640.7860757159401,310.343162437938,100.0,56,5600,False,8713600,87136,1556,ae3b9b3532214bc3bad13e7ea9518ddf,2020-03-21_01-47-05,1584755225,10.36917495727539,16106.171178817749,23993,eclipse,137.195.211.213,16106.171178817749,8713600,1556,28,2ed37c9e,0.32,0.0,1.0,11.377629100056675,0.9882661959895768,1.4788737513990764,8564224,8713600,3037.43,5.735,7275.025,18.622,3.417187452316284,4.999999873689376e-05,89574.1953125,-0.031076395884156227,89574.1953125,0.35091033577919006,0.009230947121977806,0.9076158404350281,0.0
2877.6437493816693,-640.7860757159401,267.77969793075596,100.0,56,5600,False,8719200,87192,1557,ae3b9b3532214bc3bad13e7ea9518ddf,2020-03-21_01-47-15,1584755235,10.473074436187744,16116.644253253937,23993,eclipse,137.195.211.213,16116.644253253937,8719200,1557,28,2ed37c9e,0.27,0.0,1.0,11.377686768641883,0.9882612405624981,1.4788597637756025,8569728,8719200,3039.426,5.722,7273.958,17.82,3.417187452316284,4.999999873689376e-05,105259.03125,-0.033462487161159515,105259.03125,0.32986339926719666,0.009775062091648579,-0.340078741312027,0.0
2877.225730714901,-562.5312626797058,287.2384917601662,100.0,56,5600,False,8724800,87248,1558,ae3b9b3532214bc3bad13e7ea9518ddf,2020-03-21_01-47-26,1584755246,10.418710470199585,16127.062963724136,23993,eclipse,137.195.211.213,16127.062963724136,8724800,1558,28,2ed37c9e,0.28,0.0,1.0,11.37780135717381,0.9882566527530615,1.4788398190805965,8575232,8724800,3047.932,5.748,7271.387,18.678,3.417187452316284,4.999999873689376e-05,133563.09375,-0.029426028952002525,133563.078125,0.23486201465129852,0.013125654309988022,-0.1586018204689026,0.0
3097.9993946736686,-95.9941389639142,426.04859690443294,100.0,56,5600,False,8730400,87304,1559,ae3b9b3532214bc3bad13e7ea9518ddf,2020-03-21_01-47-36,1584755256,10.43943977355957,16137.502403497696,23993,eclipse,137.195.211.213,16137.502403497696,8730400,1559,28,2ed37c9e,0.38,0.0,1.0,11.377930352702704,0.9882540678118596,1.478820290062497,8580736,8730400,3042.043,5.83,7280.541,18.397,3.417187452316284,4.999999873689376e-05,228126.1875,-0.03433270379900932,228126.203125,0.29874610900878906,0.010129708796739578,-0.08312191069126129,0.0
3097.9993946736686,-285.46435536805217,385.70265549415154,100.0,56,5600,False,8736000,87360,1560,ae3b9b3532214bc3bad13e7ea9518ddf,2020-03-21_01-47-47,1584755267,10.409955501556396,16147.912358999252,23993,eclipse,137.195.211.213,16147.912358999252,8736000,1560,28,2ed37c9e,0.36,0.0,1.0,11.378027193475006,0.9882537752530821,1.4788123935120685,8586240,8736000,3041.644,5.51,7283.894,18.123,3.417187452316284,4.999999873689376e-05,95374.828125,-0.02946140058338642,95374.8203125,0.3060115575790405,0.01003931276500225,0.20824627578258514,0.0
4129.919745341576,-573.4381909715921,369.2580623041116,100.0,56,5600,False,8741600,87416,1561,ae3b9b3532214bc3bad13e7ea9518ddf,2020-03-21_01-47-57,1584755277,10.330455541610718,16158.242814540863,23993,eclipse,137.195.211.213,16158.242814540863,8741600,1561,28,2ed37c9e,0.32,0.0,1.0,11.378097100959137,0.9882515987158215,1.4788002765509978,8591744,8741600,3038.963,5.178,7284.354,17.86,3.417187452316284,4.999999873689376e-05,253245.15625,-0.03191743791103363,253245.15625,0.30064254999160767,0.012323975563049316,0.04392939433455467,0.0
3443.710482965018,-573.4381909715921,383.9190844748619,100.0,56,5600,False,8747200,87472,1562,ae3b9b3532214bc3bad13e7ea9518ddf,2020-03-21_01-48-07,1584755287,10.277683734893799,16168.520498275757,23993,eclipse,137.195.211.213,16168.520498275757,8747200,1562,28,2ed37c9e,0.31,0.0,1.0,11.378149863877315,0.9882461443260402,1.4787826568528137,8597248,8747200,3032.833,5.223,7283.86,17.035,3.417187452316284,4.999999873689376e-05,176687.71875,-0.03336913883686066,176687.734375,0.2901598811149597,0.010899022221565247,0.31672507524490356,0.0
2881.9759840271213,-547.1070711864339,259.3893575035361,100.0,56,5600,False,8752800,87528,1563,ae3b9b3532214bc3bad13e7ea9518ddf,2020-03-21_01-48-18,1584755298,10.813680648803711,16179.33417892456,23993,eclipse,137.195.211.213,16179.33417892456,8752800,1563,28,2ed37c9e,0.32,0.0,1.0,11.378392922586855,0.9882480595833641,1.4787932001642234,8602752,8752800,3064.828,5.294,7295.019,17.085,3.417187452316284,4.999999873689376e-05,63840.6328125,-0.034305598586797714,63840.6328125,0.24127502739429474,0.009623855352401733,-0.4760048985481262,0.0
3554.101973095265,-486.05689726688615,348.2589082040187,100.0,56,5600,False,8758400,87584,1564,ae3b9b3532214bc3bad13e7ea9518ddf,2020-03-21_01-48-29,1584755309,10.27864694595337,16189.612825870514,23993,eclipse,137.195.211.213,16189.612825870514,8758400,1564,28,2ed37c9e,0.32,0.0,1.0,11.378596531242781,0.9882582067573269,1.4788036013793697,8608256,8758400,3051.964,5.471,7282.419,17.298,3.417187452316284,4.999999873689376e-05,244462.375,-0.037353672087192535,244462.390625,0.26884594559669495,0.009345020167529583,0.5814377069473267,0.0
3554.101973095265,-97.57515824295037,321.05164345194027,100.0,56,5600,False,8764000,87640,1565,ae3b9b3532214bc3bad13e7ea9518ddf,2020-03-21_01-48-39,1584755319,10.342897891998291,16199.955723762512,23993,eclipse,137.195.211.213,16199.955723762512,8764000,1565,28,2ed37c9e,0.26,0.0,1.0,11.378672178120677,0.988258769329266,1.4787958079934793,8613760,8764000,3044.548,5.427,7277.587,16.855,3.417187452316284,4.999999873689376e-05,81555.5703125,-0.03275952860713005,81555.5546875,0.29874640703201294,0.010021938011050224,0.12190865725278854,0.0
2535.813266582285,-36.7769633004997,315.96207365882316,100.0,56,5600,False,8769600,87696,1566,ae3b9b3532214bc3bad13e7ea9518ddf,2020-03-21_01-48-49,1584755329,10.382394313812256,16210.338118076324,23993,eclipse,137.195.211.213,16210.338118076324,8769600,1566,28,2ed37c9e,0.3,0.0,1.0,11.378751327413244,0.988259305642415,1.4787821598057451,8619264,8769600,3050.798,5.506,7273.678,16.549,3.417187452316284,4.999999873689376e-05,124440.59375,-0.026466744020581245,124440.59375,0.30106228590011597,0.009374687448143959,0.035474058240652084,0.0
2993.494749189546,-42.98179444045001,337.5698585521712,100.0,56,5600,False,8775200,87752,1567,ae3b9b3532214bc3bad13e7ea9518ddf,2020-03-21_01-49-00,1584755340,10.296120166778564,16220.634238243103,23993,eclipse,137.195.211.213,16220.634238243103,8775200,1567,28,2ed37c9e,0.32,0.0,1.0,11.378836763426293,0.9882545181117476,1.478774175653479,8624768,8775200,3043.119,5.613,7265.074,16.827,3.417187452316284,4.999999873689376e-05,124685.421875,-0.024689896032214165,124685.3828125,0.3321274518966675,0.012108948081731796,0.4998283088207245,0.0
2993.494749189546,-42.98179444045001,203.74077718256925,100.0,56,5600,False,8780800,87808,1568,ae3b9b3532214bc3bad13e7ea9518ddf,2020-03-21_01-49-10,1584755350,10.034628868103027,16230.668867111206,23993,eclipse,137.195.211.213,16230.668867111206,8780800,1568,28,2ed37c9e,0.22,0.0,1.0,11.378866468429223,0.9882454543574134,1.4787614241464702,8630272,8780800,3037.383,5.797,7233.169,16.883,3.417187452316284,4.999999873689376e-05,38305.3671875,-0.03495714068412781,38305.37109375,0.293617308139801,0.008448192849755287,0.9744673371315002,0.0
2750.2882958703904,-526.9692465577486,230.4958329320278,100.0,56,5600,False,8786400,87864,1569,ae3b9b3532214bc3bad13e7ea9518ddf,2020-03-21_01-49-20,1584755360,10.582608699798584,16241.251475811005,23993,eclipse,137.195.211.213,16241.251475811005,8786400,1569,28,2ed37c9e,0.22,0.0,1.0,11.379020340554785,0.9882448844407729,1.4787882903368996,8635776,8786400,3062.232,5.593,7223.209,16.402,3.417187452316284,4.999999873689376e-05,126581.0,-0.03035975620150566,126580.9765625,0.26271456480026245,0.011395630426704884,0.38892045617103577,0.0
3537.1647569612473,-526.9692465577486,356.0616539456938,100.0,56,5600,False,8792000,87920,1570,ae3b9b3532214bc3bad13e7ea9518ddf,2020-03-21_01-49-31,1584755371,10.687474250793457,16251.938950061798,23993,eclipse,137.195.211.213,16251.938950061798,8792000,1570,28,2ed37c9e,0.33,0.0,1.0,11.379363128251594,0.9883011782059253,1.4788402244800034,8641280,8792000,3094.77,5.859,7219.185,17.16,3.417187452316284,4.999999873689376e-05,161661.234375,-0.028401823714375496,161661.203125,0.2841821014881134,0.011147492565214634,-0.20483894646167755,0.0
3340.531821374231,-622.0228395935176,332.8356159845456,100.0,56,5600,False,8797600,87976,1571,ae3b9b3532214bc3bad13e7ea9518ddf,2020-03-21_01-49-42,1584755382,10.378543853759766,16262.317493915558,23993,eclipse,137.195.211.213,16262.317493915558,8797600,1571,28,2ed37c9e,0.32,0.0,1.0,11.379621811980606,0.9883356917424472,1.4788602970549567,8646784,8797600,3098.656,6.112,7218.86,16.547,3.417187452316284,4.999999873689376e-05,185803.515625,-0.03155064955353737,185803.515625,0.3126980662345886,0.009551900438964367,0.22302944958209991,0.0
4757.89568037323,-622.0228395935176,440.8777446569443,100.0,56,5600,False,8803200,88032,1572,ae3b9b3532214bc3bad13e7ea9518ddf,2020-03-21_01-49-52,1584755392,10.539351224899292,16272.856845140457,23993,eclipse,137.195.211.213,16272.856845140457,8803200,1572,28,2ed37c9e,0.33,0.0,1.0,11.379677795795901,0.9883310805886742,1.4788431549163699,8652288,8803200,3113.376,6.477,7228.572,16.931,3.417187452316284,4.999999873689376e-05,269474.90625,-0.02859743870794773,269474.90625,0.2742914855480194,0.010169020853936672,0.16959184408187866,0.0
4757.89568037323,-29.813455436101144,406.8821832423321,100.0,56,5600,False,8808800,88088,1573,ae3b9b3532214bc3bad13e7ea9518ddf,2020-03-21_01-50-03,1584755403,10.365252017974854,16283.222097158432,23993,eclipse,137.195.211.213,16283.222097158432,8808800,1573,28,2ed37c9e,0.4,0.0,1.0,11.379787373545405,0.9883244591521472,1.4788255993812032,8657792,8808800,3085.655,6.397,7211.696,17.017,3.417187452316284,4.999999873689376e-05,96349.3046875,-0.03241011127829552,96349.2890625,0.23442862927913666,0.010773943737149239,-0.14850980043411255,0.0
3427.4958308677446,-36.94725085674677,256.9341062405302,100.0,56,5600,False,8814400,88144,1574,ae3b9b3532214bc3bad13e7ea9518ddf,2020-03-21_01-50-13,1584755413,10.459983587265015,16293.682080745697,23993,eclipse,137.195.211.213,16293.682080745697,8814400,1574,28,2ed37c9e,0.28,0.0,1.0,11.379816373888012,0.9883218981411946,1.4788104981730634,8663296,8814400,3091.018,6.45,7225.707,17.351,3.417187452316284,4.999999873689376e-05,75931.5625,-0.028188996016979218,75931.5546875,0.3488616943359375,0.011703780852258205,0.6436481475830078,0.0
3435.734575941929,-38.23037535927521,289.31584414574814,100.0,56,5600,False,8820000,88200,1575,ae3b9b3532214bc3bad13e7ea9518ddf,2020-03-21_01-50-24,1584755424,10.575442790985107,16304.257523536682,23993,eclipse,137.195.211.213,16304.257523536682,8820000,1575,28,2ed37c9e,0.29,0.0,1.0,11.37980274150692,0.9883240661491892,1.4787922059495577,8668800,8820000,3112.149,6.844,7228.319,17.527,3.417187452316284,4.999999873689376e-05,116341.171875,-0.03464126959443092,116341.171875,0.3507765233516693,0.010783663019537926,0.7717105746269226,0.0
3693.932937643861,-38.23037535927521,352.5572819793869,100.0,56,5600,False,8825600,88256,1576,ae3b9b3532214bc3bad13e7ea9518ddf,2020-03-21_01-50-34,1584755434,10.510006189346313,16314.767529726028,23993,eclipse,137.195.211.213,16314.767529726028,8825600,1576,28,2ed37c9e,0.35,0.0,1.0,11.379887085623386,0.9883308277803055,1.478770694723246,8674304,8825600,3124.016,6.746,7229.985,17.769,3.417187452316284,4.999999873689376e-05,131660.390625,-0.034868646413087845,131660.375,0.2552892565727234,0.010649406351149082,-0.23270592093467712,0.0
3883.890760701284,-35.34647594014273,380.6326987655427,100.0,56,5600,False,8831200,88312,1577,ae3b9b3532214bc3bad13e7ea9518ddf,2020-03-21_01-50-45,1584755445,10.50166654586792,16325.269196271896,23993,eclipse,137.195.211.213,16325.269196271896,8831200,1577,28,2ed37c9e,0.29,0.0,1.0,11.380072195597943,0.9883253084557757,1.4787540358648261,8679808,8831200,3134.449,6.621,7239.606,18.184,3.417187452316284,4.999999873689376e-05,217007.28125,-0.030011063441634178,217007.28125,0.310080349445343,0.010685442015528679,-0.14416636526584625,0.0
2982.878224410212,-300.9171341047559,383.1558479720874,100.0,56,5600,False,8836800,88368,1578,ae3b9b3532214bc3bad13e7ea9518ddf,2020-03-21_01-50-55,1584755455,10.385683536529541,16335.654879808426,23993,eclipse,137.195.211.213,16335.654879808426,8836800,1578,28,2ed37c9e,0.34,0.0,1.0,11.380208264406555,0.9883173317956735,1.4787409051966172,8685312,8836800,3134.75,6.467,7273.466,18.726,3.417187452316284,4.999999873689376e-05,145916.859375,-0.03428640589118004,145916.859375,0.34033307433128357,0.011619213968515396,0.31276077032089233,0.0
3319.041751107886,-300.9171341047559,385.6759167877486,100.0,56,5600,False,8842400,88424,1579,ae3b9b3532214bc3bad13e7ea9518ddf,2020-03-21_01-51-06,1584755466,10.497915983200073,16346.152795791626,23993,eclipse,137.195.211.213,16346.152795791626,8842400,1579,28,2ed37c9e,0.36,0.0,1.0,11.38029463016594,0.9883173691275402,1.4787246455873606,8690816,8842400,3118.644,6.511,7280.104,19.532,3.417187452316284,4.999999873689376e-05,168149.6875,-0.033215586096048355,168149.6875,0.3244376480579376,0.010268304497003555,0.17750634253025055,0.0
3319.041751107886,-38.41866701702249,293.67861146854045,100.0,56,5600,False,8848000,88480,1580,ae3b9b3532214bc3bad13e7ea9518ddf,2020-03-21_01-51-16,1584755476,10.42415714263916,16356.576952934265,23993,eclipse,137.195.211.213,16356.576952934265,8848000,1580,28,2ed37c9e,0.26,0.0,1.0,11.380431074976158,0.9883206696623251,1.4787044543372405,8696320,8848000,3090.465,6.489,7282.504,19.074,3.417187452316284,4.999999873689376e-05,61191.84375,-0.03239935263991356,61191.84375,0.24185211956501007,0.009320536628365517,0.09952211380004883,0.0
2988.9888767034313,-38.41866701702249,236.04069471791942,100.0,56,5600,False,8853600,88536,1581,ae3b9b3532214bc3bad13e7ea9518ddf,2020-03-21_01-51-27,1584755487,10.39973759651184,16366.976690530777,23993,eclipse,137.195.211.213,16366.976690530777,8853600,1581,28,2ed37c9e,0.24,0.0,1.0,11.380610978839409,0.9883133806354124,1.4786845814350156,8701824,8853600,3094.952,6.533,7281.696,19.741,3.417187452316284,4.999999873689376e-05,88690.1953125,-0.027042441070079803,88690.1796875,0.29844263195991516,0.010923140682280064,0.14908042550086975,0.0
3541.6564474371107,-35.940263016191615,295.9619125944031,100.0,56,5600,False,8859200,88592,1582,ae3b9b3532214bc3bad13e7ea9518ddf,2020-03-21_01-51-37,1584755497,10.43171739578247,16377.40840792656,23993,eclipse,137.195.211.213,16377.40840792656,8859200,1582,28,2ed37c9e,0.27,0.0,1.0,11.380761610868506,0.9883160898669711,1.4786701188878482,8707328,8859200,3097.561,6.317,7268.985,19.393,3.417187452316284,4.999999873689376e-05,125435.7421875,-0.02850322052836418,125435.734375,0.34409424662590027,0.013429629616439342,-0.48344624042510986,0.0
3541.6564474371107,-390.50269231589937,321.3559839160924,100.0,56,5600,False,8864800,88648,1583,ae3b9b3532214bc3bad13e7ea9518ddf,2020-03-21_01-51-48,1584755508,10.62821340560913,16388.03662133217,23993,eclipse,137.195.211.213,16388.03662133217,8864800,1583,28,2ed37c9e,0.3,0.0,1.0,11.380831486026961,0.9883270900717309,1.478656779616642,8712832,8864800,3115.611,6.307,7276.421,18.826,3.417187452316284,4.999999873689376e-05,122351.9765625,-0.031234269961714745,122351.9765625,0.3132610321044922,0.008790873922407627,0.7527328133583069,0.0
2598.921842139544,-390.50269231589937,281.02985727273943,100.0,56,5600,False,8870400,88704,1584,ae3b9b3532214bc3bad13e7ea9518ddf,2020-03-21_01-51-58,1584755518,10.495445728302002,16398.53206706047,23993,eclipse,137.195.211.213,16398.53206706047,8870400,1584,28,2ed37c9e,0.31,0.0,1.0,11.380877793351607,0.9883335795317248,1.4786427443781816,8718336,8870400,3120.374,6.273,7275.69,18.511,3.417187452316284,4.999999873689376e-05,99251.421875,-0.034235984086990356,99251.421875,0.34894290566444397,0.011209269054234028,0.05278513580560684,0.0
2795.2397836781133,-34.83207477168495,367.9274689252414,100.0,56,5600,False,8876000,88760,1585,ae3b9b3532214bc3bad13e7ea9518ddf,2020-03-21_01-52-09,1584755529,10.520950078964233,16409.053017139435,23993,eclipse,137.195.211.213,16409.053017139435,8876000,1585,28,2ed37c9e,0.42,0.0,1.0,11.381076922003711,0.9883300554087384,1.478627150341886,8723840,8876000,3110.346,6.311,7280.525,18.71,3.417187452316284,4.999999873689376e-05,120590.546875,-0.032086025923490524,120590.546875,0.31412795186042786,0.009792358614504337,-0.021717127412557602,0.0
3216.1913714205384,-36.199921959022646,230.89798979755076,100.0,56,5600,False,8881600,88816,1586,ae3b9b3532214bc3bad13e7ea9518ddf,2020-03-21_01-52-20,1584755540,10.51285195350647,16419.56586909294,23993,eclipse,137.195.211.213,16419.56586909294,8881600,1586,28,2ed37c9e,0.29,0.0,1.0,11.381201529377918,0.9883265494876169,1.4786160967625266,8729344,8881600,3098.913,6.084,7292.649,18.056,3.417187452316284,4.999999873689376e-05,54743.2109375,-0.03261151164770126,54743.203125,0.31651103496551514,0.009315524250268936,0.5720075368881226,0.0
4627.361888838703,-440.37841584866067,313.08412654578177,100.0,56,5600,False,8887200,88872,1587,ae3b9b3532214bc3bad13e7ea9518ddf,2020-03-21_01-52-30,1584755550,10.38404631614685,16429.949915409088,23993,eclipse,137.195.211.213,16429.949915409088,8887200,1587,28,2ed37c9e,0.28,0.0,1.0,11.381314430439334,0.9883271378327282,1.4786054144395933,8734848,8887200,3097.263,6.123,7283.945,18.086,3.417187452316284,4.999999873689376e-05,234442.609375,-0.029889510944485664,234442.578125,0.3027302622795105,0.014400369487702847,-0.08005119115114212,0.0
4627.361888838703,-370.1914540726162,399.02900026877586,100.0,56,5600,False,8892800,88928,1588,ae3b9b3532214bc3bad13e7ea9518ddf,2020-03-21_01-52-40,1584755560,10.401101112365723,16440.351016521454,23993,eclipse,137.195.211.213,16440.351016521454,8892800,1588,28,2ed37c9e,0.28,0.0,1.0,11.381388391383062,0.9883294610591937,1.4785890571222895,8740352,8892800,3096.364,6.126,7287.536,17.814,3.417187452316284,4.999999873689376e-05,213075.984375,-0.03136090189218521,213076.0,0.2789117097854614,0.011112680658698082,0.27177146077156067,0.0
4531.5664143786835,-370.1914540726162,303.9393042076933,100.0,56,5600,False,8898400,88984,1589,ae3b9b3532214bc3bad13e7ea9518ddf,2020-03-21_01-52-51,1584755571,10.468005657196045,16450.81902217865,23993,eclipse,137.195.211.213,16450.81902217865,8898400,1589,28,2ed37c9e,0.25,0.0,1.0,11.381410626112539,0.9883264385489852,1.4785741077033991,8745856,8898400,3098.167,6.246,7281.783,17.691,3.417187452316284,4.999999873689376e-05,113560.625,-0.032128941267728806,113560.6171875,0.3318367600440979,0.011804782785475254,0.30868223309516907,0.0
4197.256344272801,-427.3660652547368,392.3621727270527,100.0,56,5600,False,8904000,89040,1590,ae3b9b3532214bc3bad13e7ea9518ddf,2020-03-21_01-53-01,1584755581,10.405789613723755,16461.224811792374,23993,eclipse,137.195.211.213,16461.224811792374,8904000,1590,28,2ed37c9e,0.33,0.0,1.0,11.381496746700641,0.9883170378225387,1.4785617023170818,8751360,8904000,3100.231,6.29,7276.807,18.279,3.417187452316284,4.999999873689376e-05,266589.34375,-0.033267587423324585,266589.34375,0.2932451069355011,0.008829792030155659,0.010171937756240368,0.0
4197.256344272801,-427.3660652547368,394.3765956018865,100.0,56,5600,False,8909600,89096,1591,ae3b9b3532214bc3bad13e7ea9518ddf,2020-03-21_01-53-12,1584755592,10.330028295516968,16471.55484008789,23993,eclipse,137.195.211.213,16471.55484008789,8909600,1591,28,2ed37c9e,0.36,0.0,1.0,11.381630398658455,0.9883041121679529,1.478548939373356,8756864,8909600,3103.812,6.292,7261.725,18.64,3.417187452316284,4.999999873689376e-05,82270.1640625,-0.03224484249949455,82270.15625,0.34838855266571045,0.010581206530332565,-0.2211904376745224,0.0
3099.275001306863,-90.11371926900387,358.2815632791015,100.0,56,5600,False,8915200,89152,1592,ae3b9b3532214bc3bad13e7ea9518ddf,2020-03-21_01-53-22,1584755602,10.631009817123413,16482.185849905014,23993,eclipse,137.195.211.213,16482.185849905014,8915200,1592,28,2ed37c9e,0.35,0.0,1.0,11.381998023270485,0.9883045764547608,1.4785934117847608,8762368,8915200,3120.773,6.405,7264.866,19.269,3.417187452316284,4.999999873689376e-05,152894.515625,-0.03299931809306145,152894.515625,0.32400694489479065,0.010126209817826748,0.40270107984542847,0.0
3099.275001306863,-390.8922717685526,366.1450717931806,100.0,56,5600,False,8920800,89208,1593,ae3b9b3532214bc3bad13e7ea9518ddf,2020-03-21_01-53-33,1584755613,10.44706678390503,16492.63291668892,23993,eclipse,137.195.211.213,16492.63291668892,8920800,1593,28,2ed37c9e,0.36,0.0,1.0,11.382314400104441,0.9883089594102293,1.478637098708723,8767872,8920800,3104.081,6.41,7263.951,19.693,3.417187452316284,4.999999873689376e-05,113567.90625,-0.035872865468263626,113567.90625,0.24936199188232422,0.00918412022292614,-0.08446934819221497,0.0
3877.947707557435,-482.65231603261014,294.00196653394636,100.0,56,5600,False,8926400,89264,1594,ae3b9b3532214bc3bad13e7ea9518ddf,2020-03-21_01-53-43,1584755623,10.477961778640747,16503.11087846756,23993,eclipse,137.195.211.213,16503.11087846756,8926400,1594,28,2ed37c9e,0.32,0.0,1.0,11.382372536470305,0.9883003508526919,1.4786281660388965,8773376,8926400,3096.601,6.449,7269.743,19.606,3.417187452316284,4.999999873689376e-05,103487.6953125,-0.027918405830860138,103487.6875,0.3671623468399048,0.00963427685201168,0.20334860682487488,0.0
3877.947707557435,-660.4186018294299,246.73492143851888,100.0,56,5600,False,8932000,89320,1595,ae3b9b3532214bc3bad13e7ea9518ddf,2020-03-21_01-53-54,1584755634,10.313045740127563,16513.423924207687,23993,eclipse,137.195.211.213,16513.423924207687,8932000,1595,28,2ed37c9e,0.25,0.0,1.0,11.38241333037075,0.9882888800691046,1.4786064475863319,8778880,8932000,3086.73,6.305,7257.878,19.312,3.417187452316284,4.999999873689376e-05,100697.3359375,-0.03195205703377724,100697.3359375,0.33539414405822754,0.01084222737699747,0.31673911213874817,0.0
4268.154156891059,-660.4186018294299,405.85935074312516,100.0,56,5600,False,8937600,89376,1596,ae3b9b3532214bc3bad13e7ea9518ddf,2020-03-21_01-54-04,1584755644,10.331820964813232,16523.7557451725,23993,eclipse,137.195.211.213,16523.7557451725,8937600,1596,28,2ed37c9e,0.32,0.0,1.0,11.382509022094974,0.9882788848467081,1.478583579283112,8784384,8937600,3077.893,6.536,7248.554,19.782,3.417187452316284,4.999999873689376e-05,308471.40625,-0.029961084946990013,308471.40625,0.3010159730911255,0.010852377861738205,-0.018405545502901077,0.0
4268.154156891059,-35.569250765414594,468.36339175088887,100.0,56,5600,False,8943200,89432,1597,ae3b9b3532214bc3bad13e7ea9518ddf,2020-03-21_01-54-14,1584755654,10.313190698623657,16534.068935871124,23993,eclipse,137.195.211.213,16534.068935871124,8943200,1597,28,2ed37c9e,0.35,0.0,1.0,11.382583246193276,0.988278118611137,1.47856979087723,8789888,8943200,3071.668,6.793,7244.483,19.674,3.417187452316284,4.999999873689376e-05,205745.671875,-0.034274518489837646,205745.671875,0.2499280720949173,0.012239615432918072,0.38026970624923706,0.0
3649.753259655154,-33.912140704721985,424.83237515422644,100.0,56,5600,False,8948800,89488,1598,ae3b9b3532214bc3bad13e7ea9518ddf,2020-03-21_01-54-25,1584755665,10.373966217041016,16544.442902088165,23993,eclipse,137.195.211.213,16544.442902088165,8948800,1598,28,2ed37c9e,0.36,0.0,1.0,11.382735916246807,0.9882746484545315,1.4785548927537633,8795392,8948800,3072.169,6.712,7241.418,18.682,3.417187452316284,4.999999873689376e-05,178213.25,-0.03704330697655678,178213.25,0.2550573945045471,0.009572222828865051,-0.06496433913707733,0.0
3288.9990809208034,-115.5611663572459,315.71528936344316,100.0,56,5600,False,8954400,89544,1599,ae3b9b3532214bc3bad13e7ea9518ddf,2020-03-21_01-54-35,1584755675,10.496322393417358,16554.939224481583,23993,eclipse,137.195.211.213,16554.939224481583,8954400,1599,28,2ed37c9e,0.31,0.0,1.0,11.382869835555523,0.9882669805794541,1.4785387692243328,8800896,8954400,3072.193,6.592,7245.162,18.459,3.417187452316284,4.999999873689376e-05,79754.0390625,-0.03040073625743389,79754.03125,0.3249797523021698,0.012836413457989693,-0.10769957304000854,0.0
2539.347745158393,-115.5611663572459,285.68436584593024,100.0,56,5600,False,8960000,89600,1600,ae3b9b3532214bc3bad13e7ea9518ddf,2020-03-21_01-54-46,1584755686,10.414895296096802,16565.35411977768,23993,eclipse,137.195.211.213,16565.35411977768,8960000,1600,28,2ed37c9e,0.29,0.0,1.0,11.382935469339959,0.9882605349074842,1.47852246578585,8806400,8960000,3071.719,6.492,7246.028,18.47,3.417187452316284,4.999999873689376e-05,92572.9453125,-0.03424729406833649,92572.9453125,0.309630423784256,0.010100196115672588,0.5154147744178772,0.0
3321.559286210073,-41.58599702374504,317.20085126449965,100.0,56,5600,False,8965600,89656,1601,ae3b9b3532214bc3bad13e7ea9518ddf,2020-03-21_01-54-56,1584755696,10.427956581115723,16575.782076358795,23993,eclipse,137.195.211.213,16575.782076358795,8965600,1601,28,2ed37c9e,0.24,0.0,1.0,11.383001633589334,0.9882573165207695,1.478502819387181,8811904,8965600,3066.071,6.46,7264.926,18.231,3.417187452316284,4.999999873689376e-05,143860.03125,-0.03446521237492561,143860.03125,0.34263378381729126,0.010420452803373337,0.1241249293088913,0.0
3321.559286210073,-36.92619718592827,276.405207176354,100.0,56,5600,False,8971200,89712,1602,ae3b9b3532214bc3bad13e7ea9518ddf,2020-03-21_01-55-07,1584755707,10.307575225830078,16586.089651584625,23993,eclipse,137.195.211.213,16586.089651584625,8971200,1602,28,2ed37c9e,0.23,0.0,1.0,11.38309277755724,0.9882588470829126,1.4784872440535366,8817408,8971200,3032.529,6.168,7266.004,18.395,3.417187452316284,4.999999873689376e-05,49461.15625,-0.0350995734333992,49461.15234375,0.27773457765579224,0.01141148991882801,-0.06696045398712158,0.0
2209.537107125146,-336.3804955901095,230.0227235522257,100.0,56,5600,False,8976800,89768,1603,ae3b9b3532214bc3bad13e7ea9518ddf,2020-03-21_01-55-17,1584755717,10.356775045394897,16596.44642663002,23993,eclipse,137.195.211.213,16596.44642663002,8976800,1603,28,2ed37c9e,0.26,0.0,1.0,11.383165577876175,0.9882636954937651,1.4784758754555725,8822912,8976800,3026.449,6.107,7264.205,18.049,3.417187452316284,4.999999873689376e-05,73670.7734375,-0.031408943235874176,73670.7734375,0.3299776017665863,0.009181392379105091,0.24758802354335785,0.0
3101.6548816582713,-336.3804955901095,334.31176604882677,100.0,56,5600,False,8982400,89824,1604,ae3b9b3532214bc3bad13e7ea9518ddf,2020-03-21_01-55-27,1584755727,10.340519905090332,16606.78694653511,23993,eclipse,137.195.211.213,16606.78694653511,8982400,1604,28,2ed37c9e,0.3,0.0,1.0,11.38320064348335,0.9882644361874943,1.4784568299438177,8828416,8982400,3022.706,5.976,7254.611,18.541,3.417187452316284,4.999999873689376e-05,153181.90625,-0.036551136523485184,153181.90625,0.36126330494880676,0.011448618024587631,0.3060653507709503,0.0
3190.4426240085227,-163.81979800893646,417.37793828692423,100.0,56,5600,False,8988000,89880,1605,ae3b9b3532214bc3bad13e7ea9518ddf,2020-03-21_01-55-38,1584755738,10.399264335632324,16617.186210870743,23993,eclipse,137.195.211.213,16617.186210870743,8988000,1605,28,2ed37c9e,0.33,0.0,1.0,11.383254256274807,0.9882663990070215,1.4784384624189277,8833920,8988000,3030.612,5.696,7256.862,18.818,3.417187452316284,4.999999873689376e-05,202220.65625,-0.03408518806099892,202220.65625,0.3046325743198395,0.01159910298883915,-0.37884438037872314,0.0
3190.4426240085227,-163.81979800893646,381.91969900996423,100.0,56,5600,False,8993600,89936,1606,ae3b9b3532214bc3bad13e7ea9518ddf,2020-03-21_01-55-48,1584755748,10.451558113098145,16627.63776898384,23993,eclipse,137.195.211.213,16627.63776898384,8993600,1606,28,2ed37c9e,0.35,0.0,1.0,11.383378630729432,0.9882651589278159,1.4784159809611572,8839424,8993600,3040.829,5.525,7258.669,18.714,3.417187452316284,4.999999873689376e-05,119543.1640625,-0.033578746020793915,119543.1640625,0.28751176595687866,0.010419785045087337,-0.3874569833278656,0.0
3433.2245942014797,-49.070626011352445,317.0450999259358,100.0,56,5600,False,8999200,89992,1607,ae3b9b3532214bc3bad13e7ea9518ddf,2020-03-21_01-55-59,1584755759,10.411518096923828,16638.049287080765,23993,eclipse,137.195.211.213,16638.049287080765,8999200,1607,28,2ed37c9e,0.29,0.0,1.0,11.38359339144437,0.9882590090177359,1.4784010491622903,8844928,8999200,3045.48,5.221,7265.162,18.168,3.417187452316284,4.999999873689376e-05,84353.1015625,-0.028611116111278534,84353.078125,0.33588409423828125,0.01156097836792469,-0.41634365916252136,0.0
3433.2245942014797,-49.070626011352445,274.748898129685,100.0,56,5600,False,9004800,90048,1608,ae3b9b3532214bc3bad13e7ea9518ddf,2020-03-21_01-56-09,1584755769,10.409978151321411,16648.459265232086,23993,eclipse,137.195.211.213,16648.459265232086,9004800,1608,28,2ed37c9e,0.27,0.0,1.0,11.383713012881152,0.9882537180297839,1.4783838358188996,8850432,9004800,3045.32,5.263,7268.673,19.641,3.417187452316284,4.999999873689376e-05,115430.46875,-0.029760299250483513,115430.46875,0.29208672046661377,0.012102735228836536,0.03250860795378685,0.0
3084.00089045667,-106.31800168073144,289.85571044605933,100.0,56,5600,False,9010400,90104,1609,ae3b9b3532214bc3bad13e7ea9518ddf,2020-03-21_01-56-20,1584755780,10.410420894622803,16658.86968612671,23993,eclipse,137.195.211.213,16658.86968612671,9010400,1609,28,2ed37c9e,0.31,0.0,1.0,11.383789857026054,0.9882564079517195,1.4783612359937681,8855936,9010400,3039.044,5.282,7266.34,19.664,3.417187452316284,4.999999873689376e-05,103471.8125,-0.03621824085712433,103471.828125,0.24608942866325378,0.010657246224582195,0.015402388758957386,0.0
3870.7462574234487,-40.51646377933682,385.2173658817453,100.0,56,5600,False,9016000,90160,1610,ae3b9b3532214bc3bad13e7ea9518ddf,2020-03-21_01-56-30,1584755790,10.466967821121216,16669.33665394783,23993,eclipse,137.195.211.213,16669.33665394783,9016000,1610,28,2ed37c9e,0.29,0.0,1.0,11.383917228387878,0.9882609135288695,1.4783447902289104,8861440,9016000,3040.773,5.388,7270.395,18.871,3.417187452316284,4.999999873689376e-05,279572.3125,-0.035457950085401535,279572.3125,0.23391391336917877,0.009962901473045349,-0.39653241634368896,0.0
3786.678230243154,-478.5870592302938,322.1002691716582,100.0,56,5600,False,9021600,90216,1611,ae3b9b3532214bc3bad13e7ea9518ddf,2020-03-21_01-56-41,1584755801,10.36417818069458,16679.700832128525,23993,eclipse,137.195.211.213,16679.700832128525,9021600,1611,28,2ed37c9e,0.31,0.0,1.0,11.384033749904948,0.9882666096135162,1.4783339481539601,8866944,9021600,3035.901,5.119,7269.52,19.316,3.417187452316284,4.999999873689376e-05,125901.765625,-0.03176526352763176,125901.7890625,0.2913389801979065,0.009557858109474182,0.5300101637840271,0.0
3786.678230243154,-478.5870592302938,349.4602931504815,100.0,56,5600,False,9027200,90272,1612,ae3b9b3532214bc3bad13e7ea9518ddf,2020-03-21_01-56-51,1584755811,10.488503456115723,16690.18933558464,23993,eclipse,137.195.211.213,16690.18933558464,9027200,1612,28,2ed37c9e,0.31,0.0,1.0,11.384110391922906,0.9882681785659887,1.4783190375298896,8872448,9027200,3048.435,5.402,7274.468,19.366,3.417187452316284,4.999999873689376e-05,163063.0625,-0.0334685780107975,163063.0625,0.28307557106018066,0.012448924593627453,0.022153742611408234,0.0
3655.789274510657,-38.695888642559474,418.49954043444734,100.0,56,5600,False,9032800,90328,1613,ae3b9b3532214bc3bad13e7ea9518ddf,2020-03-21_01-57-02,1584755822,10.430408000946045,16700.619743585587,23993,eclipse,137.195.211.213,16700.619743585587,9032800,1613,28,2ed37c9e,0.3,0.0,1.0,11.384202095962905,0.9882636860957931,1.4783069558006603,8877952,9032800,3052.631,5.584,7275.924,20.199,3.417187452316284,4.999999873689376e-05,174263.640625,-0.031269621104002,174263.625,0.32962802052497864,0.012469291687011719,0.2290320247411728,0.0
3565.5039535419096,-41.05298948205829,307.82099411250385,100.0,56,5600,False,9038400,90384,1614,ae3b9b3532214bc3bad13e7ea9518ddf,2020-03-21_01-57-12,1584755832,10.454171419143677,16711.07391500473,23993,eclipse,137.195.211.213,16711.07391500473,9038400,1614,28,2ed37c9e,0.29,0.0,1.0,11.384274310468795,0.9882613111276535,1.4782958539545854,8883456,9038400,3060.919,5.591,7275.639,20.384,3.417187452316284,4.999999873689376e-05,80834.484375,-0.03315899521112442,80834.484375,0.29987943172454834,0.010577858425676823,0.020401643589138985,0.0
2659.644544648132,-49.27594934201845,184.30493832152234,100.0,56,5600,False,9044000,90440,1615,ae3b9b3532214bc3bad13e7ea9518ddf,2020-03-21_01-57-23,1584755843,10.305251836776733,16721.379166841507,23993,eclipse,137.195.211.213,16721.379166841507,9044000,1615,28,2ed37c9e,0.2,0.0,1.0,11.384233837765917,0.9882611570872208,1.4782826033190213,8888960,9044000,3050.725,5.978,7275.276,19.844,3.417187452316284,4.999999873689376e-05,63007.09765625,-0.02696049213409424,63007.0859375,0.3091111481189728,0.011394087225198746,0.6651633381843567,0.0
4181.781977652488,-111.2296162449591,328.86774820344544,100.0,56,5600,False,9049600,90496,1616,ae3b9b3532214bc3bad13e7ea9518ddf,2020-03-21_01-57-33,1584755853,10.402652740478516,16731.781819581985,23993,eclipse,137.195.211.213,16731.781819581985,9049600,1616,28,2ed37c9e,0.29,0.0,1.0,11.384362570989028,0.9882621272858941,1.4782677491553102,8894464,9049600,3053.78,6.233,7267.238,20.324,3.417187452316284,4.999999873689376e-05,164096.8125,-0.03343559801578522,164096.8125,0.26235663890838623,0.010577459819614887,-0.31580281257629395,0.0
4181.781977652488,-42.51470964230618,395.1358735832125,100.0,56,5600,False,9055200,90552,1617,ae3b9b3532214bc3bad13e7ea9518ddf,2020-03-21_01-57-44,1584755864,10.444230079650879,16742.226049661636,23993,eclipse,137.195.211.213,16742.226049661636,9055200,1617,28,2ed37c9e,0.41,0.0,1.0,11.384584575175436,0.9882598525751523,1.4782479459889217,8899968,9055200,3054.15,6.264,7271.665,20.276,3.417187452316284,4.999999873689376e-05,148488.796875,-0.03308451175689697,148488.796875,0.2717127799987793,0.009654308669269085,-0.2794930338859558,0.0
3786.3273463077135,-42.51470964230618,412.1093966232893,100.0,56,5600,False,9060800,90608,1618,ae3b9b3532214bc3bad13e7ea9518ddf,2020-03-21_01-57-54,1584755874,10.43661379814148,16752.662663459778,23993,eclipse,137.195.211.213,16752.662663459778,9060800,1618,28,2ed37c9e,0.37,0.0,1.0,11.384697271148802,0.9882530368744193,1.4782311178008245,8905472,9060800,3057.892,6.15,7270.397,19.534,3.417187452316284,4.999999873689376e-05,191353.609375,-0.03475628048181534,191353.609375,0.3122187554836273,0.011293236166238785,-0.008641834370791912,0.0
3333.967045405565,-473.34022728968614,343.7278433778153,100.0,56,5600,False,9066400,90664,1619,ae3b9b3532214bc3bad13e7ea9518ddf,2020-03-21_01-58-04,1584755884,10.396859884262085,16763.05952334404,23993,eclipse,137.195.211.213,16763.05952334404,9066400,1619,28,2ed37c9e,0.27,0.0,1.0,11.384748872190734,0.988253365851553,1.478219142951113,8910976,9066400,3054.763,6.062,7273.982,19.279,3.417187452316284,4.999999873689376e-05,98141.7421875,-0.03361136093735695,98141.7421875,0.2939765453338623,0.010045602917671204,0.2745386064052582,0.0
3314.6584501378384,-473.34022728968614,201.27344636588103,100.0,56,5600,False,9072000,90720,1620,ae3b9b3532214bc3bad13e7ea9518ddf,2020-03-21_01-58-15,1584755895,10.199732303619385,16773.25925564766,23993,eclipse,137.195.211.213,16773.25925564766,9072000,1620,28,2ed37c9e,0.18,0.0,1.0,11.384822341518479,0.9882591487104239,1.4782169339241857,8916480,9072000,3056.614,5.913,7246.777,19.892,3.417187452316284,4.999999873689376e-05,101663.7109375,-0.028750311583280563,101663.6953125,0.3354049026966095,0.011410259641706944,-0.06828325986862183,0.0
3314.6584501378384,-38.909548046773864,306.89452896952986,100.0,56,5600,False,9077600,90776,1621,ae3b9b3532214bc3bad13e7ea9518ddf,2020-03-21_01-58-25,1584755905,10.573275566101074,16783.83253121376,23993,eclipse,137.195.211.213,16783.83253121376,9077600,1621,28,2ed37c9e,0.23,0.0,1.0,11.385081296535562,0.9882889072583609,1.4782639233463561,8921984,9077600,3081.159,6.142,7242.726,18.475,3.417187452316284,4.999999873689376e-05,143154.65625,-0.03203042224049568,143154.65625,0.37444713711738586,0.010570582002401352,0.8471778035163879,0.0
3118.2811532620253,-529.1803824749013,246.82849455934044,100.0,56,5600,False,9083200,90832,1622,ae3b9b3532214bc3bad13e7ea9518ddf,2020-03-21_01-58-36,1584755916,10.363876819610596,16794.19640803337,23993,eclipse,137.195.211.213,16794.19640803337,9083200,1622,28,2ed37c9e,0.23,0.0,1.0,11.385173874943776,0.9883155231078828,1.4782929565033527,8927488,9083200,3073.449,6.262,7238.803,18.382,3.417187452316284,4.999999873689376e-05,27647.537109375,-0.0320502407848835,27647.54296875,0.38747939467430115,0.007512786891311407,0.9449057579040527,0.0
2892.1888969979204,-529.1803824749013,216.01166698569475,100.0,56,5600,False,9088800,90888,1623,ae3b9b3532214bc3bad13e7ea9518ddf,2020-03-21_01-58-46,1584755926,10.47028923034668,16804.666697263718,23993,eclipse,137.195.211.213,16804.666697263718,9088800,1623,28,2ed37c9e,0.26,0.0,1.0,11.385219065256871,0.988317416866713,1.4782724625161618,8932992,9088800,3075.068,6.057,7241.591,17.932,3.417187452316284,4.999999873689376e-05,91589.9765625,-0.02990361489355564,91589.96875,0.24402564764022827,0.011684871278703213,0.09985063225030899,0.0
3003.979853030741,-39.91865439630648,272.48193972493,100.0,56,5600,False,9094400,90944,1624,ae3b9b3532214bc3bad13e7ea9518ddf,2020-03-21_01-58-57,1584755937,10.330169200897217,16814.996866464615,23993,eclipse,137.195.211.213,16814.996866464615,9094400,1624,28,2ed37c9e,0.32,0.0,1.0,11.385291523489375,0.9883118856601869,1.4782533142794825,8938496,9094400,3069.741,6.15,7238.525,16.709,3.417187452316284,4.999999873689376e-05,121505.765625,-0.027349771931767464,121505.7578125,0.35151511430740356,0.012113559991121292,0.5569022297859192,0.0
4406.3426556901995,-74.13961849392166,349.26735941018336,100.0,56,5600,False,9100000,91000,1625,ae3b9b3532214bc3bad13e7ea9518ddf,2020-03-21_01-59-07,1584755947,10.472245931625366,16825.46911239624,23993,eclipse,137.195.211.213,16825.46911239624,9100000,1625,28,2ed37c9e,0.36,0.0,1.0,11.385300447084516,0.9883070334498807,1.4782365722810513,8944000,9100000,3077.699,6.403,7245.106,16.901,3.417187452316284,4.999999873689376e-05,165264.65625,-0.029924556612968445,165264.65625,0.3224654495716095,0.012338487431406975,-0.24454529583454132,0.0
4406.3426556901995,-390.95225672311136,329.7181751246964,100.0,56,5600,False,9105600,91056,1626,ae3b9b3532214bc3bad13e7ea9518ddf,2020-03-21_01-59-18,1584755958,10.551150798797607,16836.020263195038,23993,eclipse,137.195.211.213,16836.020263195038,9105600,1626,28,2ed37c9e,0.32,0.0,1.0,11.385410068696938,0.9882978663933527,1.4782242629414442,8949504,9105600,3079.377,6.303,7257.533,17.051,3.417187452316284,4.999999873689376e-05,99504.859375,-0.03283786028623581,99504.859375,0.2553339898586273,0.012259159237146378,-0.016156896948814392,0.0
3332.886537775945,-390.95225672311136,304.0322546365074,100.0,56,5600,False,9111200,91112,1627,ae3b9b3532214bc3bad13e7ea9518ddf,2020-03-21_01-59-28,1584755968,10.472869396209717,16846.493132591248,23993,eclipse,137.195.211.213,16846.493132591248,9111200,1627,28,2ed37c9e,0.3,0.0,1.0,11.385556484183587,0.9882896583502979,1.4782167091363758,8955008,9111200,3078.437,6.411,7259.028,16.85,3.417187452316284,4.999999873689376e-05,111456.265625,-0.03621184453368187,111456.265625,0.34419772028923035,0.012162762694060802,0.07370004802942276,0.0
3332.886537775945,-267.29691581723336,273.61906710040046,100.0,56,5600,False,9116800,91168,1628,ae3b9b3532214bc3bad13e7ea9518ddf,2020-03-21_01-59-39,1584755979,10.374854326248169,16856.867986917496,23993,eclipse,137.195.211.213,16856.867986917496,9116800,1628,28,2ed37c9e,0.26,0.0,1.0,11.385733820071989,0.9882876576770863,1.4782044993578811,8960512,9116800,3078.08,6.435,7253.098,17.153,3.417187452316284,4.999999873689376e-05,51412.07421875,-0.02868017554283142,51412.07421875,0.3468010127544403,0.010288002900779247,0.14642417430877686,0.0
2985.887519210793,-37.559874202335244,249.7443214527427,100.0,56,5600,False,9122400,91224,1629,ae3b9b3532214bc3bad13e7ea9518ddf,2020-03-21_01-59-49,1584755989,10.507042646408081,16867.375029563904,23993,eclipse,137.195.211.213,16867.375029563904,9122400,1629,28,2ed37c9e,0.2,0.0,1.0,11.385958523933366,0.9882856776084415,1.4781938675003732,8966016,9122400,3090.774,6.449,7249.99,17.549,3.417187452316284,4.999999873689376e-05,100850.6015625,-0.03009101375937462,100850.59375,0.3460695743560791,0.010548246093094349,-0.3497718870639801,0.0
4098.783015459715,-34.94470834847944,318.57359037967717,100.0,56,5600,False,9128000,91280,1630,ae3b9b3532214bc3bad13e7ea9518ddf,2020-03-21_02-00-00,1584756000,10.357396125793457,16877.732425689697,23993,eclipse,137.195.211.213,16877.732425689697,9128000,1630,28,2ed37c9e,0.24,0.0,1.0,11.386107251180047,0.9882785938388488,1.478186117951717,8971520,9128000,3081.632,6.201,7274.425,17.42,3.417187452316284,4.999999873689376e-05,148101.125,-0.03589633107185364,148101.140625,0.305653840303421,0.010603215545415878,0.3395875096321106,0.0
1995.8360950445278,-184.58767305943584,160.82238198059758,100.0,56,5600,False,9133600,91336,1631,ae3b9b3532214bc3bad13e7ea9518ddf,2020-03-21_02-00-10,1584756010,10.398649215698242,16888.131074905396,23993,eclipse,137.195.211.213,16888.131074905396,9133600,1631,28,2ed37c9e,0.18,0.0,1.0,11.386076979550378,0.988274125511374,1.4781757893260699,8977024,9133600,3060.998,6.288,7277.019,18.397,3.417187452316284,4.999999873689376e-05,36596.09765625,-0.027351491153240204,36596.0859375,0.32936739921569824,0.010260019451379776,0.9000455141067505,0.0
1995.8360950445278,-459.2243675544544,127.31753905952083,100.0,56,5600,False,9139200,91392,1632,ae3b9b3532214bc3bad13e7ea9518ddf,2020-03-21_02-00-21,1584756021,10.38996696472168,16898.521041870117,23993,eclipse,137.195.211.213,16898.521041870117,9139200,1632,28,2ed37c9e,0.16,0.0,1.0,11.386050474401134,0.9882712337855699,1.4781671208005291,8982528,9139200,3065.332,6.238,7273.451,18.317,3.417187452316284,4.999999873689376e-05,23247.7578125,-0.03170447424054146,23247.75390625,0.3979882597923279,0.010588406585156918,0.4668686091899872,0.0
2424.9693054791546,-106.14076255693858,215.92366242409702,100.0,56,5600,False,9144800,91448,1633,ae3b9b3532214bc3bad13e7ea9518ddf,2020-03-21_02-00-31,1584756031,10.343153238296509,16908.864195108414,23993,eclipse,137.195.211.213,16908.864195108414,9144800,1633,28,2ed37c9e,0.19,0.0,1.0,11.38610202216102,0.988269161975991,1.4781568475964701,8988032,9144800,3059.732,6.393,7266.438,18.385,3.417187452316284,4.999999873689376e-05,112519.4921875,-0.02888994663953781,112519.453125,0.25881585478782654,0.011661069467663765,0.0674828588962555,0.0
2424.9693054791546,-106.14076255693858,296.4982588733886,100.0,56,5600,False,9150400,91504,1634,ae3b9b3532214bc3bad13e7ea9518ddf,2020-03-21_02-00-41,1584756041,10.532468795776367,16919.39666390419,23993,eclipse,137.195.211.213,16919.39666390419,9150400,1634,28,2ed37c9e,0.3,0.0,1.0,11.386262958611567,0.9882655809654883,1.4781483279792846,8993536,9150400,3070.283,6.387,7273.849,19.41,3.417187452316284,4.999999873689376e-05,65753.171875,-0.03622705861926079,65753.1640625,0.26580527424812317,0.01063474453985691,-0.016071178019046783,0.0
3007.5881913573303,-35.38104947977612,261.12475760575035,100.0,56,5600,False,9156000,91560,1635,ae3b9b3532214bc3bad13e7ea9518ddf,2020-03-21_02-00-52,1584756052,10.356178998947144,16929.752842903137,23993,eclipse,137.195.211.213,16929.752842903137,9156000,1635,28,2ed37c9e,0.34,0.0,1.0,11.386331342883217,0.9882617004945158,1.4781286422521072,8999040,9156000,3064.647,6.113,7269.603,19.075,3.417187452316284,4.999999873689376e-05,101139.140625,-0.031626831740140915,101139.140625,0.2650166451931,0.010639642365276814,0.7371562719345093,0.0
4226.628210972822,-591.103520494206,321.2853940738424,100.0,56,5600,False,9161600,91616,1636,ae3b9b3532214bc3bad13e7ea9518ddf,2020-03-21_02-01-02,1584756062,10.42464280128479,16940.177485704422,23993,eclipse,137.195.211.213,16940.177485704422,9161600,1636,28,2ed37c9e,0.32,0.0,1.0,11.38640051596074,0.9882619510069753,1.478119369724439,9004544,9161600,3055.059,6.151,7266.55,18.969,3.417187452316284,4.999999873689376e-05,218347.4375,-0.025825556367635727,218347.421875,0.3101259171962738,0.01161541324108839,-0.07331760227680206,0.0
4226.628210972822,-483.8163509328472,346.04243782840445,100.0,56,5600,False,9167200,91672,1637,ae3b9b3532214bc3bad13e7ea9518ddf,2020-03-21_02-01-13,1584756073,10.43146014213562,16950.608945846558,23993,eclipse,137.195.211.213,16950.608945846558,9167200,1637,28,2ed37c9e,0.3,0.0,1.0,11.386539366928082,0.9882619986104889,1.4781106146121779,9010048,9167200,3057.497,6.013,7262.405,19.242,3.417187452316284,4.999999873689376e-05,133865.828125,-0.03652675077319145,133865.828125,0.305002897977829,0.009494980797171593,-0.08669158816337585,0.0
3541.482618047922,-483.8163509328472,277.2463115378837,100.0,56,5600,False,9172800,91728,1638,ae3b9b3532214bc3bad13e7ea9518ddf,2020-03-21_02-01-23,1584756083,10.40510869026184,16961.01405453682,23993,eclipse,137.195.211.213,16961.01405453682,9172800,1638,28,2ed37c9e,0.27,0.0,1.0,11.386629501815547,0.9882538263581541,1.4781031572386352,9015552,9172800,3060.033,6.202,7263.823,18.278,3.417187452316284,4.999999873689376e-05,87704.8515625,-0.03262536972761154,87704.859375,0.3281392753124237,0.009420711547136307,0.4878567159175873,0.0
4198.209732217553,-578.6912932255439,278.9626226474222,100.0,56,5600,False,9178400,91784,1639,ae3b9b3532214bc3bad13e7ea9518ddf,2020-03-21_02-01-34,1584756094,10.368399381637573,16971.382453918457,23993,eclipse,137.195.211.213,16971.382453918457,9178400,1639,28,2ed37c9e,0.3,0.0,1.0,11.38666460776426,0.9882498313868691,1.478089580964402,9021056,9178400,3052.286,6.365,7258.25,17.486,3.417187452316284,4.999999873689376e-05,185739.125,-0.029040979221463203,185739.109375,0.30343306064605713,0.009762941859662533,-0.05656525120139122,0.0
4198.209732217553,-578.6912932255439,303.76176847536664,100.0,56,5600,False,9184000,91840,1640,ae3b9b3532214bc3bad13e7ea9518ddf,2020-03-21_02-01-44,1584756104,10.369928121566772,16981.752382040024,23993,eclipse,137.195.211.213,16981.752382040024,9184000,1640,28,2ed37c9e,0.29,0.0,1.0,11.386732417440793,0.9882514093376676,1.4780737256543819,9026560,9184000,3051.405,6.777,7258.898,17.774,3.417187452316284,4.999999873689376e-05,109520.1875,-0.029387185350060463,109520.171875,0.2964974045753479,0.007612043526023626,0.629033625125885,0.0
2893.9351410600834,-535.3563536575621,188.2253537039105,100.0,56,5600,False,9189600,91896,1641,ae3b9b3532214bc3bad13e7ea9518ddf,2020-03-21_02-01-55,1584756115,10.412081718444824,16992.16446375847,23993,eclipse,137.195.211.213,16992.16446375847,9189600,1641,28,2ed37c9e,0.21,0.0,1.0,11.386746479554413,0.9882564796908127,1.478064270020944,9032064,9189600,3052.052,6.795,7259.974,17.696,3.417187452316284,4.999999873689376e-05,41908.99609375,-0.03303525224328041,41908.99609375,0.42297083139419556,0.01011323370039463,0.6179891228675842,0.0
3743.653566287345,-535.3563536575621,348.4111666738192,100.0,56,5600,False,9195200,91952,1642,ae3b9b3532214bc3bad13e7ea9518ddf,2020-03-21_02-02-05,1584756125,10.513898849487305,17002.678362607956,23993,eclipse,137.195.211.213,17002.678362607956,9195200,1642,28,2ed37c9e,0.28,0.0,1.0,11.386856559113802,0.9882589427115245,1.4780529827770648,9037568,9195200,3053.313,6.766,7269.896,18.033,3.417187452316284,4.999999873689376e-05,214890.46875,-0.029535088688135147,214890.46875,0.3498011827468872,0.011997035704553127,-0.14283275604248047,0.0
3743.653566287345,-453.8456557315638,360.06021596357925,100.0,56,5600,False,9200800,92008,1643,ae3b9b3532214bc3bad13e7ea9518ddf,2020-03-21_02-02-16,1584756136,10.407341718673706,17013.08570432663,23993,eclipse,137.195.211.213,17013.08570432663,9200800,1643,28,2ed37c9e,0.29,0.0,1.0,11.38690016350537,0.9882582683409317,1.4780452641492139,9043072,9200800,3051.802,6.753,7277.234,17.802,3.417187452316284,4.999999873689376e-05,114297.6953125,-0.03736037015914917,114297.6953125,0.25283530354499817,0.009517203085124493,0.2899973690509796,0.0
3792.5865817818276,-39.667997917502746,293.9631917537488,100.0,56,5600,False,9206400,92064,1644,ae3b9b3532214bc3bad13e7ea9518ddf,2020-03-21_02-02-26,1584756146,10.30769968032837,17023.393404006958,23993,eclipse,137.195.211.213,17023.393404006958,9206400,1644,28,2ed37c9e,0.32,0.0,1.0,11.3869320752581,0.9882518005387818,1.4780346718729767,9048576,9206400,3034.039,6.82,7273.523,17.907,3.417187452316284,4.999999873689376e-05,127924.6171875,-0.0370456799864769,127924.625,0.2511732876300812,0.008671951480209827,0.4377814829349518,0.0
3792.5865817818276,-39.667997917502746,353.34607702143666,100.0,56,5600,False,9212000,92120,1645,ae3b9b3532214bc3bad13e7ea9518ddf,2020-03-21_02-02-36,1584756156,10.471107244491577,17033.86451125145,23993,eclipse,137.195.211.213,17033.86451125145,9212000,1645,28,2ed37c9e,0.35,0.0,1.0,11.386965497862523,0.9882422219583783,1.4780180494818047,9054080,9212000,3043.487,6.733,7276.72,18.377,3.417187452316284,4.999999873689376e-05,133966.0,-0.029625587165355682,133965.984375,0.31954681873321533,0.01290755532681942,0.5398043990135193,0.0
3767.3288877069476,-35.4366069498054,365.49729729507766,100.0,56,5600,False,9217600,92176,1646,ae3b9b3532214bc3bad13e7ea9518ddf,2020-03-21_02-02-47,1584756167,10.444251298904419,17044.308762550354,23993,eclipse,137.195.211.213,17044.308762550354,9217600,1646,28,2ed37c9e,0.34,0.0,1.0,11.387091980727728,0.9882433061025013,1.4780066420148026,9059584,9217600,3051.087,6.785,7270.015,17.567,3.417187452316284,4.999999873689376e-05,190841.53125,-0.03116801753640175,190841.515625,0.24598270654678345,0.01228135172277689,-0.5047152042388916,0.0
2888.4523325135046,-36.118969622438016,233.51760143252332,100.0,56,5600,False,9223200,92232,1647,ae3b9b3532214bc3bad13e7ea9518ddf,2020-03-21_02-02-57,1584756177,10.3741614818573,17054.68292403221,23993,eclipse,137.195.211.213,17054.68292403221,9223200,1647,28,2ed37c9e,0.28,0.0,1.0,11.387166730766221,0.98823865025108,1.477993149649777,9065088,9223200,3042.919,6.786,7270.48,18.11,3.417187452316284,4.999999873689376e-05,37323.59375,-0.03672359883785248,37323.59765625,0.3387552499771118,0.008709168061614037,0.8810880184173584,0.0
4183.7353478885625,-250.37329917251952,274.9254010874778,100.0,56,5600,False,9228800,92288,1648,ae3b9b3532214bc3bad13e7ea9518ddf,2020-03-21_02-03-08,1584756188,10.459678411483765,17065.142602443695,23993,eclipse,137.195.211.213,17065.142602443695,9228800,1648,28,2ed37c9e,0.28,0.0,1.0,11.387149864987595,0.9882278275540456,1.4779693049784473,9070592,9228800,3050.817,6.746,7264.216,19.238,3.417187452316284,4.999999873689376e-05,179276.46875,-0.030901046469807625,179276.46875,0.3221668004989624,0.010965334251523018,0.4703524708747864,0.0
2475.5976865633234,-250.37329917251952,304.3345812916141,100.0,56,5600,False,9234400,92344,1649,ae3b9b3532214bc3bad13e7ea9518ddf,2020-03-21_02-03-19,1584756199,10.575458526611328,17075.718060970306,23993,eclipse,137.195.211.213,17075.718060970306,9234400,1649,28,2ed37c9e,0.29,0.0,1.0,11.387360262153761,0.9882380661510273,1.4779875973112997,9076096,9234400,3073.203,6.762,7262.331,19.918,3.417187452316284,4.999999873689376e-05,95560.5078125,-0.026847321540117264,95560.5,0.30691561102867126,0.010144096799194813,-0.24113664031028748,0.0
3541.7546472186773,-35.701960335198315,332.51573228763186,100.0,56,5600,False,9240000,92400,1650,ae3b9b3532214bc3bad13e7ea9518ddf,2020-03-21_02-03-29,1584756209,10.434310913085938,17086.152371883392,23993,eclipse,137.195.211.213,17086.152371883392,9240000,1650,28,2ed37c9e,0.29,0.0,1.0,11.38753834119338,0.988253283152676,1.4780026182083899,9081600,9240000,3077.678,6.61,7264.864,19.368,3.417187452316284,4.999999873689376e-05,193113.46875,-0.033424124121665955,193113.46875,0.28147363662719727,0.009716876782476902,0.06426769495010376,0.0
4529.45601634544,-35.701960335198315,517.3862837334854,100.0,56,5600,False,9245600,92456,1651,ae3b9b3532214bc3bad13e7ea9518ddf,2020-03-21_02-03-40,1584756220,10.466137170791626,17096.618509054184,23993,eclipse,137.195.211.213,17096.618509054184,9245600,1651,28,2ed37c9e,0.39,0.0,1.0,11.387676447700455,0.9882531132171332,1.4779895510765808,9087104,9245600,3081.759,6.741,7268.21,19.259,3.417187452316284,4.999999873689376e-05,338846.4375,-0.03232891485095024,338846.4375,0.28819823265075684,0.009717592969536781,-0.4948338270187378,0.0
4564.279007324806,-480.49683356377506,492.57950026767946,100.0,56,5600,False,9251200,92512,1652,ae3b9b3532214bc3bad13e7ea9518ddf,2020-03-21_02-03-50,1584756230,10.392688751220703,17107.011197805405,23993,eclipse,137.195.211.213,17107.011197805405,9251200,1652,28,2ed37c9e,0.39,0.0,1.0,11.387818787395581,0.9882557258978824,1.4779770194608408,9092608,9251200,3077.86,6.648,7262.264,19.037,3.417187452316284,4.999999873689376e-05,257770.71875,-0.03146085515618324,257770.71875,0.2760331630706787,0.010486734099686146,-0.02636837400496006,0.0
3982.1088517038133,-480.49683356377506,312.8712002368468,100.0,56,5600,False,9256800,92568,1653,ae3b9b3532214bc3bad13e7ea9518ddf,2020-03-21_02-04-00,1584756240,10.376391410827637,17117.387589216232,23993,eclipse,137.195.211.213,17117.387589216232,9256800,1653,28,2ed37c9e,0.3,0.0,1.0,11.387867313678457,0.9882575357654724,1.4779657829157855,9098112,9256800,3080.757,6.629,7255.965,18.991,3.417187452316284,4.999999873689376e-05,151773.9375,-0.03648623079061508,151773.9375,0.31436967849731445,0.009302075020968914,0.3741806447505951,0.0
3905.926322073136,-38.59965355223937,378.8588026073987,100.0,56,5600,False,9262400,92624,1654,ae3b9b3532214bc3bad13e7ea9518ddf,2020-03-21_02-04-11,1584756251,10.319552898406982,17127.70714211464,23993,eclipse,137.195.211.213,17127.70714211464,9262400,1654,28,2ed37c9e,0.32,0.0,1.0,11.387927663262635,0.9882538291434352,1.4779553755116204,9103616,9262400,3085.834,6.551,7250.079,18.651,3.417187452316284,4.999999873689376e-05,161706.875,-0.03206555172801018,161706.890625,0.3142901659011841,0.009580873884260654,-0.19051606953144073,0.0
4758.663909540175,-344.81576005615193,395.76739332823655,100.0,56,5600,False,9268000,92680,1655,ae3b9b3532214bc3bad13e7ea9518ddf,2020-03-21_02-04-21,1584756261,10.357686758041382,17138.06482887268,23993,eclipse,137.195.211.213,17138.06482887268,9268000,1655,28,2ed37c9e,0.28,0.0,1.0,11.388022927626366,0.9882573729014668,1.477943495558288,9109120,9268000,3079.625,6.751,7244.647,18.196,3.417187452316284,4.999999873689376e-05,193887.625,-0.029768608510494232,193887.640625,0.3400285542011261,0.010945557616651058,0.17573659121990204,0.0
4758.663909540175,-553.9464780348876,265.5895746935678,100.0,56,5600,False,9273600,92736,1656,ae3b9b3532214bc3bad13e7ea9518ddf,2020-03-21_02-04-32,1584756272,10.51894736289978,17148.58377623558,23993,eclipse,137.195.211.213,17148.58377623558,9273600,1656,28,2ed37c9e,0.23,0.0,1.0,11.388177520904291,0.9882654091106818,1.4779265755074231,9114624,9273600,3083.51,6.763,7249.89,18.748,3.417187452316284,4.999999873689376e-05,58170.9375,-0.02859456092119217,58170.91796875,0.23447208106517792,0.012650992721319199,-0.16045641899108887,0.0
3063.668584415529,-553.9464780348876,205.63303601292145,100.0,56,5600,False,9279200,92792,1657,ae3b9b3532214bc3bad13e7ea9518ddf,2020-03-21_02-04-42,1584756282,10.359143733978271,17158.94291996956,23993,eclipse,137.195.211.213,17158.94291996956,9279200,1657,28,2ed37c9e,0.26,0.0,1.0,11.388364150564136,0.9882696900423741,1.4779078494838638,9120128,9279200,3093.795,6.873,7239.606,18.888,3.417187452316284,4.999999873689376e-05,82955.7578125,-0.027549998834729195,82955.7578125,0.2721518576145172,0.00974910520017147,-0.21892037987709045,0.0
3647.1318963836084,-37.15233122320482,340.5129765382655,100.0,56,5600,False,9284800,92848,1658,ae3b9b3532214bc3bad13e7ea9518ddf,2020-03-21_02-04-53,1584756293,10.438002586364746,17169.380922555923,23993,eclipse,137.195.211.213,17169.380922555923,9284800,1658,28,2ed37c9e,0.36,0.0,1.0,11.388489887524548,0.9882752629716336,1.4778892426203596,9125632,9284800,3086.243,6.804,7249.331,17.588,3.417187452316284,4.999999873689376e-05,143346.390625,-0.028876371681690216,143346.390625,0.2922680974006653,0.011702200397849083,-0.06966391205787659,0.0
3647.1318963836084,-37.15233122320482,500.6798571765932,100.0,56,5600,False,9290400,92904,1659,ae3b9b3532214bc3bad13e7ea9518ddf,2020-03-21_02-05-03,1584756303,10.364051818847656,17179.74497437477,23993,eclipse,137.195.211.213,17179.74497437477,9290400,1659,28,2ed37c9e,0.42,0.0,1.0,11.38855981065775,0.9882700825796162,1.4778692788647065,9131136,9290400,3057.658,6.72,7256.187,17.318,3.417187452316284,4.999999873689376e-05,286008.03125,-0.03172764554619789,286008.03125,0.30813080072402954,0.011486579664051533,-0.3280082941055298,0.0
3401.484341963462,-55.814117659305495,450.16956908600946,100.0,56,5600,False,9296000,92960,1660,ae3b9b3532214bc3bad13e7ea9518ddf,2020-03-21_02-05-13,1584756313,10.320369243621826,17190.065343618393,23993,eclipse,137.195.211.213,17190.065343618393,9296000,1660,28,2ed37c9e,0.34,0.0,1.0,11.38862375706614,0.9882708218167564,1.4778592055304884,9136640,9296000,3049.585,6.515,7252.243,17.732,3.417187452316284,4.999999873689376e-05,143671.265625,-0.0280210692435503,143671.265625,0.2709618806838989,0.00857387762516737,0.38135117292404175,0.0
4312.596842950434,-283.7092771015589,287.7572952453464,100.0,56,5600,False,9301600,93016,1661,ae3b9b3532214bc3bad13e7ea9518ddf,2020-03-21_02-05-24,1584756324,10.371089935302734,17200.436433553696,23993,eclipse,137.195.211.213,17200.436433553696,9301600,1661,28,2ed37c9e,0.24,0.0,1.0,11.388639932881588,0.9882741192165827,1.477844090257454,9142144,9301600,3042.618,6.3,7247.783,17.539,3.417187452316284,4.999999873689376e-05,137010.703125,-0.03286929801106453,137010.6875,0.3175716698169708,0.011043772101402283,0.4980678856372833,0.0
4312.596842950434,-283.7092771015589,203.4165573275177,100.0,56,5600,False,9307200,93072,1662,ae3b9b3532214bc3bad13e7ea9518ddf,2020-03-21_02-05-34,1584756334,10.425592422485352,17210.86202597618,23993,eclipse,137.195.211.213,17210.86202597618,9307200,1662,28,2ed37c9e,0.23,0.0,1.0,11.3886687371769,0.988270390255317,1.4778282096827882,9147648,9307200,3042.044,6.285,7250.103,17.796,3.417187452316284,4.999999873689376e-05,35707.7890625,-0.037824518978595734,35707.7890625,0.3094411790370941,0.009616718627512455,0.20899349451065063,0.0
2099.465359533857,-374.49676342150303,160.1807985329641,100.0,56,5600,False,9312800,93128,1663,ae3b9b3532214bc3bad13e7ea9518ddf,2020-03-21_02-05-45,1584756345,10.473114013671875,17221.335139989853,23993,eclipse,137.195.211.213,17221.335139989853,9312800,1663,28,2ed37c9e,0.2,0.0,1.0,11.38864810777027,0.9882678020998419,1.4778173098429657,9153152,9312800,3049.028,6.245,7254.253,17.693,3.417187452316284,4.999999873689376e-05,69544.625,-0.031369298696517944,69544.625,0.32105326652526855,0.010125573724508286,0.7448394298553467,0.0
2776.222102334521,-374.49676342150303,191.50245396977948,100.0,56,5600,False,9318400,93184,1664,ae3b9b3532214bc3bad13e7ea9518ddf,2020-03-21_02-05-55,1584756355,10.371744632720947,17231.706884622574,23993,eclipse,137.195.211.213,17231.706884622574,9318400,1664,28,2ed37c9e,0.19,0.0,1.0,11.388631206899909,0.9882692188511143,1.4778074213143768,9158656,9318400,3053.167,6.146,7257.533,17.918,3.417187452316284,4.999999873689376e-05,69504.3046875,-0.029804276302456856,69504.2890625,0.31919392943382263,0.012387719005346298,0.48650693893432617,0.0
2776.222102334521,-94.63626045807392,215.41929550230253,100.0,56,5600,False,9324000,93240,1665,ae3b9b3532214bc3bad13e7ea9518ddf,2020-03-21_02-06-06,1584756366,10.42349910736084,17242.130383729935,23993,eclipse,137.195.211.213,17242.130383729935,9324000,1665,28,2ed37c9e,0.24,0.0,1.0,11.388753082840603,0.9882740643687943,1.4777934825962733,9164160,9324000,3057.509,6.118,7260.504,18.096,3.417187452316284,4.999999873689376e-05,64606.9609375,-0.03337825834751129,64606.953125,0.32890844345092773,0.013138582929968834,0.015287069603800774,0.0
2464.969643122683,-447.20808896335313,228.01668534511546,100.0,56,5600,False,9329600,93296,1666,ae3b9b3532214bc3bad13e7ea9518ddf,2020-03-21_02-06-16,1584756376,10.294460535049438,17252.424844264984,23993,eclipse,137.195.211.213,17252.424844264984,9329600,1666,28,2ed37c9e,0.25,0.0,1.0,11.388786110490686,0.9882777919460721,1.4777814936918552,9169664,9329600,3044.425,5.985,7252.365,17.22,3.417187452316284,4.999999873689376e-05,73995.484375,-0.033247243613004684,73995.484375,0.3072355389595032,0.008975071832537651,0.15257257223129272,0.0
3322.2910013327237,-573.3790659630193,252.7287007326112,100.0,56,5600,False,9335200,93352,1667,ae3b9b3532214bc3bad13e7ea9518ddf,2020-03-21_02-06-26,1584756386,10.335086822509766,17262.759931087494,23993,eclipse,137.195.211.213,17262.759931087494,9335200,1667,28,2ed37c9e,0.26,0.0,1.0,11.3888464698821,0.988273256008128,1.4777662714178081,9175168,9335200,3035.548,5.815,7258.011,16.727,3.417187452316284,4.999999873689376e-05,129260.1875,-0.02984050288796425,129260.1875,0.3289855122566223,0.010308115743100643,0.27539733052253723,0.0
3322.2910013327237,-573.3790659630193,263.7435800237898,100.0,56,5600,False,9340800,93408,1668,ae3b9b3532214bc3bad13e7ea9518ddf,2020-03-21_02-06-37,1584756397,10.451182842254639,17273.21111392975,23993,eclipse,137.195.211.213,17273.21111392975,9340800,1668,28,2ed37c9e,0.24,0.0,1.0,11.38887957538846,0.9882703509256321,1.4777501996904965,9180672,9340800,3033.668,5.427,7259.045,17.378,3.417187452316284,4.999999873689376e-05,86693.078125,-0.03135135397315025,86693.0859375,0.30463898181915283,0.00827698316425085,0.2496148645877838,0.0
3216.8713800206065,-423.21233912950845,338.60315616304274,100.0,56,5600,False,9346400,93464,1669,ae3b9b3532214bc3bad13e7ea9518ddf,2020-03-21_02-06-47,1584756407,10.467890739440918,17283.67900466919,23993,eclipse,137.195.211.213,17283.67900466919,9346400,1669,28,2ed37c9e,0.3,0.0,1.0,11.388977463118303,0.9882709364661275,1.47774105240629,9186176,9346400,3043.448,5.31,7260.129,17.587,3.417187452316284,4.999999873689376e-05,167792.25,-0.027989964932203293,167792.234375,0.3030751347541809,0.00917131919413805,0.13420796394348145,0.0
3910.915716068821,-38.593722071021595,371.5885411364637,100.0,56,5600,False,9352000,93520,1670,ae3b9b3532214bc3bad13e7ea9518ddf,2020-03-21_02-06-58,1584756418,10.351286888122559,17294.030291557312,23993,eclipse,137.195.211.213,17294.030291557312,9352000,1670,28,2ed37c9e,0.3,0.0,1.0,11.3890289872099,0.988276016478924,1.4777347600446444,9191680,9352000,3052.461,5.478,7255.194,17.573,3.417187452316284,4.999999873689376e-05,144458.5,-0.034022025763988495,144458.515625,0.2764166593551636,0.008669351227581501,0.9148609042167664,0.0
3910.915716068821,-38.593722071021595,330.87896673362116,100.0,56,5600,False,9357600,93576,1671,ae3b9b3532214bc3bad13e7ea9518ddf,2020-03-21_02-07-08,1584756428,10.341933012008667,17304.37222456932,23993,eclipse,137.195.211.213,17304.37222456932,9357600,1671,28,2ed37c9e,0.23,0.0,1.0,11.388985006598748,0.9882742764897381,1.4777275971452588,9197184,9357600,3052.818,5.526,7251.811,17.414,3.417187452316284,4.999999873689376e-05,181000.25,-0.037184566259384155,181000.234375,0.2772700786590576,0.010310339741408825,0.35116612911224365,0.0
3106.9551865191756,-40.49894401099354,288.0643473599068,100.0,56,5600,False,9363200,93632,1672,ae3b9b3532214bc3bad13e7ea9518ddf,2020-03-21_02-07-19,1584756439,10.369231700897217,17314.741456270218,23993,eclipse,137.195.211.213,17314.741456270218,9363200,1672,28,2ed37c9e,0.21,0.0,1.0,11.388963852284947,0.9882581323162654,1.4777198462332728,9202688,9363200,3053.347,5.667,7246.857,16.533,3.417187452316284,4.999999873689376e-05,137788.609375,-0.03178299963474274,137788.609375,0.28267866373062134,0.010546788573265076,1.0172719955444336,0.0
3106.9551865191756,-40.49894401099354,319.20058273927407,100.0,56,5600,False,9368800,93688,1673,ae3b9b3532214bc3bad13e7ea9518ddf,2020-03-21_02-07-29,1584756449,10.378024578094482,17325.119480848312,23993,eclipse,137.195.211.213,17325.119480848312,9368800,1673,28,2ed37c9e,0.32,0.0,1.0,11.388963690178619,0.9882468960671668,1.4777135916949036,9208192,9368800,3042.277,5.616,7247.56,16.888,3.417187452316284,4.999999873689376e-05,89022.9921875,-0.02890239842236042,89022.9921875,0.3321848213672638,0.010959519073367119,0.4689193665981293,0.0
2627.3140604883997,-500.70056882097333,332.60010381292346,100.0,56,5600,False,9374400,93744,1674,ae3b9b3532214bc3bad13e7ea9518ddf,2020-03-21_02-07-39,1584756459,10.329926490783691,17335.449407339096,23993,eclipse,137.195.211.213,17335.449407339096,9374400,1674,28,2ed37c9e,0.37,0.0,1.0,11.389046058270987,0.9882469089158766,1.4777043284913036,9213696,9374400,3049.295,5.645,7235.616,16.28,3.417187452316284,4.999999873689376e-05,116243.46875,-0.034634336829185486,116243.46875,0.3004221022129059,0.01142045482993126,-0.2083778828382492,0.0
3570.1966585222312,-500.70056882097333,297.039900928217,100.0,56,5600,False,9380000,93800,1675,ae3b9b3532214bc3bad13e7ea9518ddf,2020-03-21_02-07-50,1584756470,10.35825514793396,17345.80766248703,23993,eclipse,137.195.211.213,17345.80766248703,9380000,1675,28,2ed37c9e,0.31,0.0,1.0,11.389207639187356,0.9882434190652873,1.4777350087804464,9219200,9380000,3052.097,5.632,7224.998,16.299,3.417187452316284,4.999999873689376e-05,124066.625,-0.032341159880161285,124066.625,0.3370911777019501,0.01109501626342535,0.9172474145889282,0.0
2114.2880013225986,-241.68582098463645,191.38793699973513,100.0,56,5600,False,9385600,93856,1676,ae3b9b3532214bc3bad13e7ea9518ddf,2020-03-21_02-08-00,1584756480,10.608134508132935,17356.415796995163,23993,eclipse,137.195.211.213,17356.415796995163,9385600,1676,28,2ed37c9e,0.22,0.0,1.0,11.389411448259885,0.9882448853051442,1.4777979650146804,9224704,9385600,3073.442,5.779,7232.088,17.516,3.417187452316284,4.999999873689376e-05,44394.36328125,-0.03352804109454155,44394.359375,0.34134769439697266,0.010150245390832424,0.2788580656051636,0.0
3961.5732389985938,-41.32350525681767,348.8818020251186,100.0,56,5600,False,9391200,93912,1677,ae3b9b3532214bc3bad13e7ea9518ddf,2020-03-21_02-08-11,1584756491,10.135992050170898,17366.551789045334,23993,eclipse,137.195.211.213,17366.551789045334,9391200,1677,28,2ed37c9e,0.3,0.0,1.0,11.389539310133578,0.9882506664657308,1.4778176010404145,9230208,9391200,3071.918,5.933,7213.733,17.831,3.417187452316284,4.999999873689376e-05,286485.71875,-0.029805654659867287,286485.71875,0.2800043225288391,0.011395000852644444,0.43590039014816284,0.0
3961.5732389985938,-119.77622625274803,418.67099062253453,100.0,56,5600,False,9396800,93968,1678,ae3b9b3532214bc3bad13e7ea9518ddf,2020-03-21_02-08-21,1584756501,10.750004529953003,17377.301793575287,23993,eclipse,137.195.211.213,17377.301793575287,9396800,1678,28,2ed37c9e,0.35,0.0,1.0,11.389814318131734,0.9882704052342103,1.477848573999508,9235712,9396800,3109.055,6.503,7205.504,18.051,3.417187452316284,4.999999873689376e-05,140560.46875,-0.02923640049993992,140560.453125,0.33226823806762695,0.011559170670807362,0.2172703593969345,0.0
2658.2905614054634,-406.0392604637228,324.9893100069236,100.0,56,5600,False,9402400,94024,1679,ae3b9b3532214bc3bad13e7ea9518ddf,2020-03-21_02-08-32,1584756512,10.266316413879395,17387.568109989166,23993,eclipse,137.195.211.213,17387.568109989166,9402400,1679,28,2ed37c9e,0.37,0.0,1.0,11.390089650182155,0.9882851316813653,1.4778706409234335,9241216,9402400,3094.441,6.333,7199.22,17.974,3.417187452316284,4.999999873689376e-05,66635.34375,-0.032323483377695084,66635.3515625,0.3336995840072632,0.010570346377789974,0.022509392350912094,0.0
3109.06825663548,-406.0392604637228,266.5717837285528,100.0,56,5600,False,9408000,94080,1680,ae3b9b3532214bc3bad13e7ea9518ddf,2020-03-21_02-08-42,1584756522,10.397177934646606,17397.965287923813,23993,eclipse,137.195.211.213,17397.965287923813,9408000,1680,28,2ed37c9e,0.28,0.0,1.0,11.390078827258453,0.9882826005411457,1.4778540164348766,9246720,9408000,3096.966,6.356,7201.201,17.232,3.417187452316284,4.999999873689376e-05,104423.09375,-0.03198601305484772,104423.078125,0.33809277415275574,0.011285453103482723,0.3461141884326935,0.0
2562.349891535072,-412.9309589472256,254.0955577570499,100.0,56,5600,False,9413600,94136,1681,ae3b9b3532214bc3bad13e7ea9518ddf,2020-03-21_02-08-53,1584756533,10.459030866622925,17408.424318790436,23993,eclipse,137.195.211.213,17408.424318790436,9413600,1681,28,2ed37c9e,0.24,0.0,1.0,11.390148170628484,0.9882828556373008,1.477835231364235,9252224,9413600,3103.326,6.382,7207.72,17.197,3.417187452316284,4.999999873689376e-05,109101.765625,-0.03693182393908501,109101.78125,0.31978335976600647,0.00968580786138773,-0.07628393918275833,0.0
3336.3903410025328,-412.9309589472256,252.7612470762614,100.0,56,5600,False,9419200,94192,1682,ae3b9b3532214bc3bad13e7ea9518ddf,2020-03-21_02-09-03,1584756543,10.364432096481323,17418.788750886917,23993,eclipse,137.195.211.213,17418.788750886917,9419200,1682,28,2ed37c9e,0.23,0.0,1.0,11.390186906806605,0.9882810927776355,1.4778118157632725,9257728,9419200,3101.461,5.992,7208.587,17.959,3.417187452316284,4.999999873689376e-05,136112.9375,-0.031771961599588394,136112.9375,0.3130725920200348,0.009716209955513477,0.6421838402748108,0.0
3336.3903410025328,-42.33812118949087,277.87836410961444,100.0,56,5600,False,9424800,94248,1683,ae3b9b3532214bc3bad13e7ea9518ddf,2020-03-21_02-09-14,1584756554,10.432267665863037,17429.22101855278,23993,eclipse,137.195.211.213,17429.22101855278,9424800,1683,28,2ed37c9e,0.23,0.0,1.0,11.39016416900625,0.9882790067789421,1.4777919734664409,9263232,9424800,3104.949,6.028,7209.788,17.818,3.417187452316284,4.999999873689376e-05,99068.6953125,-0.030333751812577248,99068.6875,0.2815342843532562,0.011192974634468555,0.22334076464176178,0.0
3331.0303743277736,-61.157565217850966,278.48772616276835,100.0,56,5600,False,9430400,94304,1684,ae3b9b3532214bc3bad13e7ea9518ddf,2020-03-21_02-09-24,1584756564,10.426135540008545,17439.64715409279,23993,eclipse,137.195.211.213,17439.64715409279,9430400,1684,28,2ed37c9e,0.25,0.0,1.0,11.390233827523662,0.9882730020156607,1.4777720031124049,9268736,9430400,3096.029,5.827,7229.529,18.406,3.417187452316284,4.999999873689376e-05,98354.0,-0.026472056284546852,98353.9765625,0.3236004412174225,0.009441632777452469,0.23470474779605865,0.0
3331.0303743277736,-496.9589969259095,216.95919202985445,100.0,56,5600,False,9436000,94360,1685,ae3b9b3532214bc3bad13e7ea9518ddf,2020-03-21_02-09-34,1584756574,10.346158504486084,17449.993312597275,23993,eclipse,137.195.211.213,17449.993312597275,9436000,1685,28,2ed37c9e,0.21,0.0,1.0,11.390221518901262,0.9882676595191688,1.4777545144821302,9274240,9436000,3090.115,5.808,7235.303,18.769,3.417187452316284,4.999999873689376e-05,70098.4375,-0.037176862359046936,70098.4453125,0.36983779072761536,0.011047372594475746,0.8543383479118347,0.0
3441.378534868968,-38.554041781979876,206.00698679431844,100.0,56,5600,False,9441600,94416,1686,ae3b9b3532214bc3bad13e7ea9518ddf,2020-03-21_02-09-45,1584756585,10.549660205841064,17460.542972803116,23993,eclipse,137.195.211.213,17460.542972803116,9441600,1686,28,2ed37c9e,0.19,0.0,1.0,11.39024189920608,0.9882614614381248,1.4777409752925015,9279744,9441600,3083.33,5.653,7236.894,18.419,3.417187452316284,4.999999873689376e-05,84086.671875,-0.029416639357805252,84086.671875,0.306987464427948,0.011476541869342327,0.2859119474887848,0.0
3441.378534868968,-40.62658905536205,224.50020351384254,100.0,56,5600,False,9447200,94472,1687,ae3b9b3532214bc3bad13e7ea9518ddf,2020-03-21_02-09-56,1584756596,10.438980340957642,17470.981953144073,23993,eclipse,137.195.211.213,17470.981953144073,9447200,1687,28,2ed37c9e,0.29,0.0,1.0,11.390325440833895,0.9882541551038418,1.4777301782190795,9285248,9447200,3096.959,5.596,7254.164,17.769,3.417187452316284,4.999999873689376e-05,41374.4609375,-0.03449943661689758,41374.46875,0.2864703834056854,0.009623684920370579,0.05821840092539787,0.0
5195.947713331189,-140.60644035692192,325.7819360578862,100.0,56,5600,False,9452800,94528,1688,ae3b9b3532214bc3bad13e7ea9518ddf,2020-03-21_02-10-06,1584756606,10.137840509414673,17481.119793653488,23993,eclipse,137.195.211.213,17481.119793653488,9452800,1688,28,2ed37c9e,0.31,0.0,1.0,11.39037985932567,0.9882585234668849,1.477724498378275,9290752,9452800,3061.486,5.442,7229.185,17.554,3.417187452316284,4.999999873689376e-05,247317.65625,-0.026108749210834503,247317.625,0.2886355519294739,0.009086626581847668,-0.11217619478702545,0.0
5195.947713331189,-33.24473572282727,416.54041013410387,100.0,56,5600,False,9458400,94584,1689,ae3b9b3532214bc3bad13e7ea9518ddf,2020-03-21_02-10-16,1584756616,10.501293897628784,17491.621087551117,23993,eclipse,137.195.211.213,17491.621087551117,9458400,1689,28,2ed37c9e,0.36,0.0,1.0,11.390578594257823,0.98826375504038,1.477719579005456,9296256,9458400,3076.902,5.732,7238.611,17.792,3.417187452316284,4.999999873689376e-05,127614.8984375,-0.02679559215903282,127614.8984375,0.3391228914260864,0.011313539929687977,-0.5167299509048462,0.0
2448.687673086811,-38.335324498688514,286.4781132170075,100.0,56,5600,False,9464000,94640,1690,ae3b9b3532214bc3bad13e7ea9518ddf,2020-03-21_02-10-27,1584756627,10.369587659835815,17501.990675210953,23993,eclipse,137.195.211.213,17501.990675210953,9464000,1690,28,2ed37c9e,0.28,0.0,1.0,11.390670318281472,0.9882609019729762,1.477710590622069,9301760,9464000,3069.937,5.59,7242.579,18.609,3.417187452316284,4.999999873689376e-05,100855.5234375,-0.02656577154994011,100855.5078125,0.35827580094337463,0.010284963995218277,0.8105842471122742,0.0
3297.016519901805,-35.09598155243192,417.4156333299224,100.0,56,5600,False,9469600,94696,1691,ae3b9b3532214bc3bad13e7ea9518ddf,2020-03-21_02-10-37,1584756637,10.566577911376953,17512.55725312233,23993,eclipse,137.195.211.213,17512.55725312233,9469600,1691,28,2ed37c9e,0.33,0.0,1.0,11.390786186385544,0.9882532496794496,1.4777046848884916,9307264,9469600,3076.725,5.567,7245.332,19.174,3.417187452316284,4.999999873689376e-05,217399.234375,-0.035638272762298584,217399.1875,0.3351297676563263,0.011155768297612667,-0.44113674759864807,0.0
3297.016519901805,-39.00619916664924,404.0276095956053,100.0,56,5600,False,9475200,94752,1692,ae3b9b3532214bc3bad13e7ea9518ddf,2020-03-21_02-10-48,1584756648,10.395917654037476,17522.953170776367,23993,eclipse,137.195.211.213,17522.953170776367,9475200,1692,28,2ed37c9e,0.34,0.0,1.0,11.390893769714912,0.9882532257831619,1.4777003852130592,9312768,9475200,3073.032,5.961,7251.132,19.335,3.417187452316284,4.999999873689376e-05,78322.453125,-0.032925523817539215,78322.4609375,0.27205678820610046,0.009355354122817516,0.3437040150165558,0.0
3585.868768801946,-39.00619916664924,277.9549959751102,100.0,56,5600,False,9480800,94808,1693,ae3b9b3532214bc3bad13e7ea9518ddf,2020-03-21_02-10-58,1584756658,10.382136106491089,17533.33530688286,23993,eclipse,137.195.211.213,17533.33530688286,9480800,1693,28,2ed37c9e,0.27,0.0,1.0,11.390937805401565,0.988252879406194,1.477693345548542,9318272,9480800,3073.957,6.039,7246.899,18.337,3.417187452316284,4.999999873689376e-05,130816.1171875,-0.0304847564548254,130816.09375,0.3116775453090668,0.013118065893650055,-0.10861994326114655,0.0
3585.868768801946,-535.4365042912832,247.55305663861355,100.0,56,5600,False,9486400,94864,1694,ae3b9b3532214bc3bad13e7ea9518ddf,2020-03-21_02-11-09,1584756669,10.463144302368164,17543.798451185226,23993,eclipse,137.195.211.213,17543.798451185226,9486400,1694,28,2ed37c9e,0.25,0.0,1.0,11.390947813619528,0.9882514085059405,1.4776856819954198,9323776,9486400,3079.867,6.345,7243.726,18.125,3.417187452316284,4.999999873689376e-05,112054.5234375,-0.030040808022022247,112054.5078125,0.3076273798942566,0.008768611587584019,0.5646949410438538,0.0
3346.3928121219487,-535.4365042912832,360.95658994002434,100.0,56,5600,False,9492000,94920,1695,ae3b9b3532214bc3bad13e7ea9518ddf,2020-03-21_02-11-19,1584756679,10.382107973098755,17554.180559158325,23993,eclipse,137.195.211.213,17554.180559158325,9492000,1695,28,2ed37c9e,0.28,0.0,1.0,11.391045622666027,0.988244611880056,1.4776720518180175,9329280,9492000,3077.659,6.192,7249.545,17.539,3.417187452316284,4.999999873689376e-05,155516.609375,-0.02797286957502365,155516.59375,0.2994628846645355,0.010149722918868065,-0.017458993941545486,0.0
3346.3928121219487,-37.98488804958137,274.72388229737766,100.0,56,5600,False,9497600,94976,1696,ae3b9b3532214bc3bad13e7ea9518ddf,2020-03-21_02-11-30,1584756690,10.507222652435303,17564.68778181076,23993,eclipse,137.195.211.213,17564.68778181076,9497600,1696,28,2ed37c9e,0.24,0.0,1.0,11.391082584484705,0.9882388230960807,1.4776548063598285,9334784,9497600,3075.552,6.3,7247.325,17.285,3.417187452316284,4.999999873689376e-05,71112.6953125,-0.03134489431977272,71112.6953125,0.3220903277397156,0.00837958324700594,0.5963334441184998,0.0
3967.9106732680884,-41.84475876672763,328.19719657049563,100.0,56,5600,False,9503200,95032,1697,ae3b9b3532214bc3bad13e7ea9518ddf,2020-03-21_02-11-40,1584756700,10.38830852508545,17575.076090335846,23993,eclipse,137.195.211.213,17575.076090335846,9503200,1697,28,2ed37c9e,0.28,0.0,1.0,11.391129055775387,0.9882398112155363,1.4776416212279424,9340288,9503200,3067.855,6.366,7248.399,17.875,3.417187452316284,4.999999873689376e-05,201699.890625,-0.03171629458665848,201699.859375,0.3022400438785553,0.011445549316704273,-0.3111864924430847,0.0
3107.365079080537,-41.84475876672763,380.7537587516683,100.0,56,5600,False,9508800,95088,1698,ae3b9b3532214bc3bad13e7ea9518ddf,2020-03-21_02-11-51,1584756711,10.432260274887085,17585.508350610733,23993,eclipse,137.195.211.213,17585.508350610733,9508800,1698,28,2ed37c9e,0.34,0.0,1.0,11.391273398120845,0.9882387915126967,1.4776242356976304,9345792,9508800,3065.707,6.53,7279.275,17.899,3.417187452316284,4.999999873689376e-05,106066.6015625,-0.028919965028762817,106066.6015625,0.3331965208053589,0.011502524837851524,0.12805511057376862,0.0
4315.558868889362,-69.04601781419738,444.46889914953596,100.0,56,5600,False,9514400,95144,1699,ae3b9b3532214bc3bad13e7ea9518ddf,2020-03-21_02-12-01,1584756721,10.37195348739624,17595.88030409813,23993,eclipse,137.195.211.213,17595.88030409813,9514400,1699,28,2ed37c9e,0.34,0.0,1.0,11.391384418694251,0.9882365385702786,1.4776090214562252,9351296,9514400,3063.653,6.444,7268.421,17.452,3.417187452316284,4.999999873689376e-05,255818.203125,-0.03444516286253929,255818.203125,0.32591983675956726,0.009694764390587807,0.015382434241473675,0.0
3081.8568828575408,-69.04601781419738,253.5614242670662,100.0,56,5600,False,9520000,95200,1700,ae3b9b3532214bc3bad13e7ea9518ddf,2020-03-21_02-12-11,1584756731,10.414139747619629,17606.29444384575,23993,eclipse,137.195.211.213,17606.29444384575,9520000,1700,28,2ed37c9e,0.25,0.0,1.0,11.391437404808094,0.9882336528897965,1.4775952356180055,9356800,9520000,3066.443,6.746,7269.374,16.902,3.417187452316284,4.999999873689376e-05,36013.7734375,-0.0317692793905735,36013.7734375,0.340846449136734,0.009008629247546196,0.37212154269218445,0.0
6217.251911807185,-89.3256297212478,334.1725601787312,100.0,56,5600,False,9525600,95256,1701,ae3b9b3532214bc3bad13e7ea9518ddf,2020-03-21_02-12-22,1584756742,10.399586200714111,17616.694030046463,23993,eclipse,137.195.211.213,17616.694030046463,9525600,1701,28,2ed37c9e,0.3,0.0,1.0,11.391487497711537,0.9882279146855759,1.4775828730189793,9362304,9525600,3056.351,6.844,7264.835,16.581,3.417187452316284,4.999999873689376e-05,338689.59375,-0.03417563810944557,338689.59375,0.2571173906326294,0.010393897071480751,0.15530671179294586,0.0
6217.251911807185,-544.1707016835495,338.8183437285362,100.0,56,5600,False,9531200,95312,1702,ae3b9b3532214bc3bad13e7ea9518ddf,2020-03-21_02-12-32,1584756752,10.407861471176147,17627.10189151764,23993,eclipse,137.195.211.213,17627.10189151764,9531200,1702,28,2ed37c9e,0.3,0.0,1.0,11.391553295979726,0.9882246069518047,1.4775641277314977,9367808,9531200,3060.689,6.646,7263.092,16.266,3.417187452316284,4.999999873689376e-05,60393.546875,-0.02918046899139881,60393.52734375,0.3494884669780731,0.013265623711049557,0.10242504626512527,0.0
3632.0315226952835,-544.1707016835495,316.52637052634634,100.0,56,5600,False,9536800,95368,1703,ae3b9b3532214bc3bad13e7ea9518ddf,2020-03-21_02-12-43,1584756763,10.454707145690918,17637.55659866333,23993,eclipse,137.195.211.213,17637.55659866333,9536800,1703,28,2ed37c9e,0.27,0.0,1.0,11.391653697748092,0.9882208594477154,1.477549872094451,9373312,9536800,3067.381,6.698,7261.396,16.871,3.417187452316284,4.999999873689376e-05,197837.421875,-0.033276770263910294,197837.421875,0.3067260682582855,0.00993195828050375,-0.10025951266288757,0.0
3632.0315226952835,-423.8976874332255,327.0283454574148,100.0,56,5600,False,9542400,95424,1704,ae3b9b3532214bc3bad13e7ea9518ddf,2020-03-21_02-12-53,1584756773,10.486955165863037,17648.043553829193,23993,eclipse,137.195.211.213,17648.043553829193,9542400,1704,28,2ed37c9e,0.27,0.0,1.0,11.39168102219584,0.9882159447533978,1.4775375502415773,9378816,9542400,3068.254,6.676,7263.958,16.737,3.417187452316284,4.999999873689376e-05,90828.8046875,-0.03129686042666435,90828.8046875,0.3816975951194763,0.012064076028764248,0.4796842932701111,0.0
5208.922967049239,-358.47323842830065,310.24215361699254,100.0,56,5600,False,9548000,95480,1705,ae3b9b3532214bc3bad13e7ea9518ddf,2020-03-21_02-13-04,1584756784,10.423157215118408,17658.46671104431,23993,eclipse,137.195.211.213,17658.46671104431,9548000,1705,28,2ed37c9e,0.34,0.0,1.0,11.391792055670594,0.9882092725019692,1.4775208435060267,9384320,9548000,3074.64,6.85,7259.358,17.247,3.417187452316284,4.999999873689376e-05,185915.703125,-0.0290670208632946,185915.703125,0.29460906982421875,0.01173873245716095,-0.2773672640323639,0.0
3435.886572863971,-358.47323842830065,328.2583180718039,100.0,56,5600,False,9553600,95536,1706,ae3b9b3532214bc3bad13e7ea9518ddf,2020-03-21_02-13-14,1584756794,10.174772262573242,17668.641483306885,23993,eclipse,137.195.211.213,17668.641483306885,9553600,1706,28,2ed37c9e,0.37,0.0,1.0,11.391914287684212,0.9882036050077158,1.477509119982919,9389824,9553600,3064.212,6.534,7234.554,17.332,3.417187452316284,4.999999873689376e-05,100418.375,-0.03179337829351425,100418.359375,0.3340015113353729,0.011231153272092342,0.15786020457744598,0.0
2666.9117734121,-589.9337615868419,343.300088776095,100.0,56,5600,False,9559200,95592,1707,ae3b9b3532214bc3bad13e7ea9518ddf,2020-03-21_02-13-25,1584756805,10.760324954986572,17679.40180826187,23993,eclipse,137.195.211.213,17679.40180826187,9559200,1707,28,2ed37c9e,0.36,0.0,1.0,11.392136942840512,0.988207754947144,1.4775333006775362,9395328,9559200,3098.771,6.456,7236.405,17.967,3.417187452316284,4.999999873689376e-05,175934.09375,-0.029271410778164864,175934.09375,0.33831721544265747,0.008733537048101425,0.15726837515830994,0.0
3545.577184600509,-589.9337615868419,334.55143156851506,100.0,56,5600,False,9564800,95648,1708,ae3b9b3532214bc3bad13e7ea9518ddf,2020-03-21_02-13-35,1584756815,10.526206970214844,17689.928015232086,23993,eclipse,137.195.211.213,17689.928015232086,9564800,1708,28,2ed37c9e,0.3,0.0,1.0,11.3924234716564,0.9882159618156859,1.477580048823929,9400832,9564800,3119.53,6.296,7226.796,18.26,3.417187452316284,4.999999873689376e-05,169967.4375,-0.03193551301956177,169967.421875,0.24471955001354218,0.011440867558121681,0.15136370062828064,0.0
5434.282630412637,-437.1926639828482,356.22310211119026,100.0,56,5600,False,9570400,95704,1709,ae3b9b3532214bc3bad13e7ea9518ddf,2020-03-21_02-13-46,1584756826,10.466597080230713,17700.394612312317,23993,eclipse,137.195.211.213,17700.394612312317,9570400,1709,28,2ed37c9e,0.29,0.0,1.0,11.392606479956493,0.9882212575008066,1.4775912071501351,9406336,9570400,3120.711,6.139,7232.65,19.123,3.417187452316284,4.999999873689376e-05,262804.53125,-0.03652406483888626,262804.53125,0.24615351855754852,0.00945747084915638,-0.14469066262245178,0.0
4097.759539569886,-559.7530916459999,365.7837390672293,100.0,56,5600,False,9576000,95760,1710,ae3b9b3532214bc3bad13e7ea9518ddf,2020-03-21_02-13-56,1584756836,10.322007179260254,17710.716619491577,23993,eclipse,137.195.211.213,17710.716619491577,9576000,1710,28,2ed37c9e,0.29,0.0,1.0,11.392731465678661,0.9882182397468006,1.4775791414711728,9411840,9576000,3114.709,6.134,7228.427,19.325,3.417187452316284,4.999999873689376e-05,180972.09375,-0.031228775158524513,180972.09375,0.32091787457466125,0.011201917193830013,-0.06776292622089386,0.0
4097.759539569886,-559.7530916459999,295.4269043325818,100.0,56,5600,False,9581600,95816,1711,ae3b9b3532214bc3bad13e7ea9518ddf,2020-03-21_02-14-07,1584756847,10.3968186378479,17721.113438129425,23993,eclipse,137.195.211.213,17721.113438129425,9581600,1711,28,2ed37c9e,0.26,0.0,1.0,11.39276953052461,0.988218459531293,1.477569441075367,9417344,9581600,3112.223,5.761,7229.928,19.524,3.417187452316284,4.999999873689376e-05,79179.578125,-0.02924627996981144,79179.578125,0.34498661756515503,0.009698616340756416,0.4870666265487671,0.0
3241.728570974688,-537.0515987363882,304.98615214977747,100.0,56,5600,False,9587200,95872,1712,ae3b9b3532214bc3bad13e7ea9518ddf,2020-03-21_02-14-17,1584756857,10.503403902053833,17731.61684203148,23993,eclipse,137.195.211.213,17731.61684203148,9587200,1712,28,2ed37c9e,0.26,0.0,1.0,11.39284323791092,0.9882149864169161,1.477561966018776,9422848,9587200,3119.707,6.322,7231.721,19.306,3.417187452316284,4.999999873689376e-05,158650.390625,-0.03614062815904617,158650.390625,0.33620351552963257,0.010354399681091309,0.09236618131399155,0.0
3241.728570974688,-152.22811243319714,420.92015740044735,100.0,56,5600,False,9592800,95928,1713,ae3b9b3532214bc3bad13e7ea9518ddf,2020-03-21_02-14-28,1584756868,10.443575859069824,17742.06041789055,23993,eclipse,137.195.211.213,17742.06041789055,9592800,1713,28,2ed37c9e,0.31,0.0,1.0,11.392931452800553,0.9882145606775555,1.4775551159619513,9428352,9592800,3117.651,6.197,7232.205,20.019,3.417187452316284,4.999999873689376e-05,217723.65625,-0.03093647211790085,217723.65625,0.32396841049194336,0.01116043422371149,0.08736182004213333,0.0
6068.453911065787,-35.10414000061522,497.64636868918626,100.0,56,5600,False,9598400,95984,1714,ae3b9b3532214bc3bad13e7ea9518ddf,2020-03-21_02-14-38,1584756878,10.451021909713745,17752.511439800262,23993,eclipse,137.195.211.213,17752.511439800262,9598400,1714,28,2ed37c9e,0.36,0.0,1.0,11.39297501030429,0.9882114556576599,1.4775435339063483,9433856,9598400,3112.176,6.181,7233.691,19.748,3.417187452316284,4.999999873689376e-05,417251.0625,-0.02600376307964325,417251.0625,0.27799227833747864,0.012034058570861816,0.12897701561450958,0.0
6068.453911065787,-187.32368620737464,512.7743137931435,100.0,56,5600,False,9604000,96040,1715,ae3b9b3532214bc3bad13e7ea9518ddf,2020-03-21_02-14-49,1584756889,10.41179084777832,17762.92323064804,23993,eclipse,137.195.211.213,17762.92323064804,9604000,1715,28,2ed37c9e,0.34,0.0,1.0,11.393058797563997,0.9882021628504173,1.4775255030910466,9439360,9604000,3110.345,6.077,7236.506,19.495,3.417187452316284,4.999999873689376e-05,157768.84375,-0.029890280216932297,157768.84375,0.3126620352268219,0.009140845388174057,-0.221786767244339,0.0
3530.878287942354,-539.0395549374946,241.8505486863323,100.0,56,5600,False,9609600,96096,1716,ae3b9b3532214bc3bad13e7ea9518ddf,2020-03-21_02-14-59,1584756899,10.361901760101318,17773.285132408142,23993,eclipse,137.195.211.213,17773.285132408142,9609600,1716,28,2ed37c9e,0.23,0.0,1.0,11.393094529368273,0.9882028678710345,1.4775094933548214,9444864,9609600,3105.261,6.106,7263.543,19.958,3.417187452316284,4.999999873689376e-05,66623.984375,-0.030864981934428215,66623.984375,0.39789316058158875,0.008940319530665874,0.2668148875236511,0.0
3741.767212411175,-539.0395549374946,261.86687021050346,100.0,56,5600,False,9615200,96152,1717,ae3b9b3532214bc3bad13e7ea9518ddf,2020-03-21_02-15-10,1584756910,10.462204217910767,17783.747336626053,23993,eclipse,137.195.211.213,17783.747336626053,9615200,1717,28,2ed37c9e,0.24,0.0,1.0,11.393134055280377,0.988201472981243,1.4774940003157178,9450368,9615200,3073.947,6.036,7267.325,18.896,3.417187452316284,4.999999873689376e-05,123956.8828125,-0.03131413459777832,123956.8828125,0.2707846760749817,0.010098314844071865,0.29914355278015137,0.0
3295.891240725236,-204.5000073988408,211.2173749737723,100.0,56,5600,False,9620800,96208,1718,ae3b9b3532214bc3bad13e7ea9518ddf,2020-03-21_02-15-20,1584756920,10.416894674301147,17794.164231300354,23993,eclipse,137.195.211.213,17794.164231300354,9620800,1718,28,2ed37c9e,0.26,0.0,1.0,11.393145454036627,0.9881975945663538,1.4774763002250342,9455872,9620800,3053.314,5.908,7276.877,18.169,3.417187452316284,4.999999873689376e-05,113015.8125,-0.03459358587861061,113015.7890625,0.21155057847499847,0.010070807300508022,0.6949108242988586,0.0
3431.8284614073546,-339.978526478103,298.0813098239804,100.0,56,5600,False,9626400,96264,1719,ae3b9b3532214bc3bad13e7ea9518ddf,2020-03-21_02-15-31,1584756931,10.346147537231445,17804.510378837585,23993,eclipse,137.195.211.213,17804.510378837585,9626400,1719,28,2ed37c9e,0.26,0.0,1.0,11.393214836558732,0.9881925918069698,1.4774639403864374,9461376,9626400,3044.793,6.08,7275.724,17.143,3.417187452316284,4.999999873689376e-05,145157.609375,-0.032986801117658615,145157.609375,0.25877901911735535,0.010451070964336395,0.09071123600006104,0.0
3503.2742892594233,-339.978526478103,321.243717558286,100.0,56,5600,False,9632000,96320,1720,ae3b9b3532214bc3bad13e7ea9518ddf,2020-03-21_02-15-41,1584756941,10.362184762954712,17814.87256360054,23993,eclipse,137.195.211.213,17814.87256360054,9632000,1720,28,2ed37c9e,0.28,0.0,1.0,11.393349155970983,0.9881869928938645,1.4774473324309263,9466880,9632000,3055.237,5.629,7271.476,16.774,3.417187452316284,4.999999873689376e-05,144739.203125,-0.03187951818108559,144739.203125,0.24648919701576233,0.011278006248176098,-0.10968513041734695,0.0
3538.1893348126678,-36.911806949314055,254.92117991939452,100.0,56,5600,False,9637600,96376,1721,ae3b9b3532214bc3bad13e7ea9518ddf,2020-03-21_02-15-51,1584756951,10.342189073562622,17825.214752674103,23993,eclipse,137.195.211.213,17825.214752674103,9637600,1721,28,2ed37c9e,0.22,0.0,1.0,11.393328516781258,0.9881853940529157,1.4774306825932828,9472384,9637600,3055.016,5.926,7266.042,16.164,3.417187452316284,4.999999873689376e-05,116849.0703125,-0.036315176635980606,116849.0546875,0.3422017991542816,0.01069542858749628,1.0496574640274048,0.0
3538.1893348126678,-263.54829180978237,283.10340115506244,100.0,56,5600,False,9643200,96432,1722,ae3b9b3532214bc3bad13e7ea9518ddf,2020-03-21_02-16-02,1584756962,10.490580797195435,17835.7053334713,23993,eclipse,137.195.211.213,17835.7053334713,9643200,1722,28,2ed37c9e,0.29,0.0,1.0,11.393354059746576,0.9881809066223555,1.4774191978593074,9477888,9643200,3054.91,5.542,7266.09,16.141,3.417187452316284,4.999999873689376e-05,74553.984375,-0.030306488275527954,74553.9765625,0.3557276129722595,0.01029033213853836,0.12864981591701508,0.0
2436.3610263473047,-283.51063729105266,270.6485939109036,100.0,56,5600,False,9648800,96488,1723,ae3b9b3532214bc3bad13e7ea9518ddf,2020-03-21_02-16-13,1584756973,10.499629020690918,17846.20496249199,23993,eclipse,137.195.211.213,17846.20496249199,9648800,1723,28,2ed37c9e,0.27,0.0,1.0,11.393437919295806,0.9881744066637583,1.4774057308013666,9483392,9648800,3061.685,5.339,7268.04,15.93,3.417187452316284,4.999999873689376e-05,87544.578125,-0.022085605189204216,87544.546875,0.341254860162735,0.01666698046028614,0.15597710013389587,0.0
3993.613807994575,-37.735684034197256,290.5715452002141,100.0,56,5600,False,9654400,96544,1724,ae3b9b3532214bc3bad13e7ea9518ddf,2020-03-21_02-16-23,1584756983,10.398740291595459,17856.603702783585,23993,eclipse,137.195.211.213,17856.603702783585,9654400,1724,28,2ed37c9e,0.25,0.0,1.0,11.393538483417792,0.988170975302503,1.477392516351433,9488896,9654400,3062.792,5.519,7258.707,16.46,3.417187452316284,4.999999873689376e-05,108749.0703125,-0.02986314706504345,108749.046875,0.3384735584259033,0.012842738069593906,0.11481495946645737,0.0
3993.613807994575,-107.78615257656914,308.58875249630046,100.0,56,5600,False,9660000,96600,1725,ae3b9b3532214bc3bad13e7ea9518ddf,2020-03-21_02-16-33,1584756993,10.391090154647827,17866.994792938232,23993,eclipse,137.195.211.213,17866.994792938232,9660000,1725,28,2ed37c9e,0.31,0.0,1.0,11.393601020835687,0.9881746304785223,1.4773811530090315,9494400,9660000,3055.449,5.576,7263.401,17.003,3.417187452316284,4.999999873689376e-05,132207.015625,-0.03331155702471733,132207.015625,0.3208046555519104,0.01077111903578043,-0.05939237400889397,0.0
3207.2777728202814,-626.9870166099433,241.29536181946588,100.0,56,5600,False,9665600,96656,1726,ae3b9b3532214bc3bad13e7ea9518ddf,2020-03-21_02-16-44,1584757004,10.421368598937988,17877.41616153717,23993,eclipse,137.195.211.213,17877.41616153717,9665600,1726,28,2ed37c9e,0.28,0.0,1.0,11.393705769090348,0.9881729810917099,1.477363000739394,9499904,9665600,3058.25,5.889,7265.38,16.6,3.417187452316284,4.999999873689376e-05,27708.1328125,-0.0358685739338398,27708.142578125,0.28511643409729004,0.008626836352050304,0.2962501645088196,0.0
2093.8897638559724,-626.9870166099433,227.367882589695,100.0,56,5600,False,9671200,96712,1727,ae3b9b3532214bc3bad13e7ea9518ddf,2020-03-21_02-16-54,1584757014,10.390455484390259,17887.80661702156,23993,eclipse,137.195.211.213,17887.80661702156,9671200,1727,28,2ed37c9e,0.28,0.0,1.0,11.393806682188716,0.9881713707921711,1.4773475250957033,9505408,9671200,3054.085,6.011,7263.718,16.813,3.417187452316284,4.999999873689376e-05,71037.9375,-0.03609493002295494,71037.9375,0.3044755756855011,0.010725356638431549,-0.031247813254594803,0.0
2882.0501537636765,-35.63795310085008,335.3702326172824,100.0,56,5600,False,9676800,96768,1728,ae3b9b3532214bc3bad13e7ea9518ddf,2020-03-21_02-17-05,1584757025,10.47841763496399,17898.285034656525,23993,eclipse,137.195.211.213,17898.285034656525,9676800,1728,28,2ed37c9e,0.34,0.0,1.0,11.393931978540218,0.98816477413667,1.477336048402065,9510912,9676800,3061.049,5.821,7262.371,17.281,3.417187452316284,4.999999873689376e-05,134044.109375,-0.027396997436881065,134044.09375,0.3380597233772278,0.012752904556691647,-0.2634587287902832,0.0
4314.438370125289,-35.19844520025593,395.1925625865032,100.0,56,5600,False,9682400,96824,1729,ae3b9b3532214bc3bad13e7ea9518ddf,2020-03-21_02-17-15,1584757035,10.519873857498169,17908.804908514023,23993,eclipse,137.195.211.213,17908.804908514023,9682400,1729,28,2ed37c9e,0.37,0.0,1.0,11.394078589673207,0.9881637655681986,1.4773292597365795,9516416,9682400,3073.859,5.875,7264.799,17.897,3.417187452316284,4.999999873689376e-05,150970.828125,-0.02790989726781845,150970.8125,0.34499406814575195,0.01145407184958458,-0.3069910407066345,0.0
4314.438370125289,-35.19844520025593,388.9323191812265,100.0,56,5600,False,9688000,96880,1730,ae3b9b3532214bc3bad13e7ea9518ddf,2020-03-21_02-17-26,1584757046,10.45043420791626,17919.25534272194,23993,eclipse,137.195.211.213,17919.25534272194,9688000,1730,28,2ed37c9e,0.36,0.0,1.0,11.394227326959252,0.9881631823875907,1.477314851182805,9521920,9688000,3077.983,6.151,7266.939,18.872,3.417187452316284,4.999999873689376e-05,108541.5703125,-0.028473377227783203,108541.5703125,0.3149527311325073,0.011833625845611095,-0.43625858426094055,0.0
2880.3904654134935,-44.24160019195871,355.2592284235541,100.0,56,5600,False,9693600,96936,1731,ae3b9b3532214bc3bad13e7ea9518ddf,2020-03-21_02-17-36,1584757056,10.37736201286316,17929.632704734802,23993,eclipse,137.195.211.213,17929.632704734802,9693600,1731,28,2ed37c9e,0.32,0.0,1.0,11.394374604607055,0.9881611185040264,1.4773007499031865,9527424,9693600,3076.16,6.017,7272.092,19.137,3.417187452316284,4.999999873689376e-05,130588.9921875,-0.0339711531996727,130588.9765625,0.382964551448822,0.009068284183740616,0.3783126771450043,0.0
2795.8868269752484,-44.24160019195871,289.40725317430514,100.0,56,5600,False,9699200,96992,1732,ae3b9b3532214bc3bad13e7ea9518ddf,2020-03-21_02-17-47,1584757067,10.421116352081299,17940.053821086884,23993,eclipse,137.195.211.213,17940.053821086884,9699200,1732,28,2ed37c9e,0.29,0.0,1.0,11.39443020262203,0.9881576093134398,1.477293158242708,9532928,9699200,3066.953,6.025,7272.529,19.812,3.417187452316284,4.999999873689376e-05,71245.8515625,-0.02823050133883953,71245.828125,0.35062840580940247,0.013875504955649376,0.2027864307165146,0.0
2227.8845472552825,-41.963066369497064,262.77418424325725,100.0,56,5600,False,9704800,97048,1733,ae3b9b3532214bc3bad13e7ea9518ddf,2020-03-21_02-17-57,1584757077,10.478542566299438,17950.532363653183,23993,eclipse,137.195.211.213,17950.532363653183,9704800,1733,28,2ed37c9e,0.27,0.0,1.0,11.39447494035079,0.9881530280038627,1.4772805137563583,9538432,9704800,3058.027,6.25,7275.529,20.06,3.417187452316284,4.999999873689376e-05,96753.96875,-0.0373883880674839,96753.96875,0.36920854449272156,0.010053346864879131,0.2448015809059143,0.0
3540.1839510425525,-41.963066369497064,410.32070501966354,100.0,56,5600,False,9710400,97104,1734,ae3b9b3532214bc3bad13e7ea9518ddf,2020-03-21_02-18-08,1584757088,10.213703393936157,17960.74606704712,23993,eclipse,137.195.211.213,17960.74606704712,9710400,1734,28,2ed37c9e,0.33,0.0,1.0,11.394560339131278,0.9881469525727105,1.4772697079213921,9543936,9710400,3053.186,6.116,7263.342,19.402,3.417187452316284,4.999999873689376e-05,245883.515625,-0.038572534918785095,245883.515625,0.27367427945137024,0.010427982546389103,-0.0993000864982605,0.0
3981.4047183644366,-36.48953024392538,440.17268032322977,100.0,56,5600,False,9716000,97160,1735,ae3b9b3532214bc3bad13e7ea9518ddf,2020-03-21_02-18-18,1584757098,10.230296611785889,17970.976363658905,23993,eclipse,137.195.211.213,17970.976363658905,9716000,1735,28,2ed37c9e,0.33,0.0,1.0,11.39470832299181,0.9881486508216404,1.4772749834428252,9549440,9716000,3059.969,6.059,7240.736,18.508,3.417187452316284,4.999999873689376e-05,267424.40625,-0.03327549993991852,267424.40625,0.2801392376422882,0.01107887364923954,-0.06903725862503052,0.0
3981.4047183644366,-39.44384673498058,436.05497231029506,100.0,56,5600,False,9721600,97216,1736,ae3b9b3532214bc3bad13e7ea9518ddf,2020-03-21_02-18-29,1584757109,10.793046236038208,17981.769409894943,23993,eclipse,137.195.211.213,17981.769409894943,9721600,1736,28,2ed37c9e,0.31,0.0,1.0,11.395001783436783,0.9881721211635593,1.4773277980679396,9554944,9721600,3089.542,6.022,7248.341,18.498,3.417187452316284,4.999999873689376e-05,200794.515625,-0.02997521683573723,200794.515625,0.33357176184654236,0.011092524975538254,0.1305875927209854,0.0
5291.853552884934,-484.9601110453706,410.85246820164025,100.0,56,5600,False,9727200,97272,1737,ae3b9b3532214bc3bad13e7ea9518ddf,2020-03-21_02-18-39,1584757119,10.360430240631104,17992.129840135574,23993,eclipse,137.195.211.213,17992.129840135574,9727200,1737,28,2ed37c9e,0.36,0.0,1.0,11.395164990442744,0.9881843105068592,1.477355383564887,9560448,9727200,3082.099,5.953,7250.801,18.29,3.417187452316284,4.999999873689376e-05,260960.4375,-0.03303682431578636,260960.46875,0.29881688952445984,0.010343428701162338,0.14476539194583893,0.0
5291.853552884934,-484.9601110453706,424.6305718708661,100.0,56,5600,False,9732800,97328,1738,ae3b9b3532214bc3bad13e7ea9518ddf,2020-03-21_02-18-49,1584757129,10.390709400177002,18002.52054953575,23993,eclipse,137.195.211.213,18002.52054953575,9732800,1738,28,2ed37c9e,0.34,0.0,1.0,11.395181583818399,0.9881815325864233,1.4773386248633624,9565952,9732800,3073.892,6.378,7249.263,18.605,3.417187452316284,4.999999873689376e-05,122584.3828125,-0.03001125156879425,122584.375,0.32586556673049927,0.011372358538210392,0.26611387729644775,0.0
3422.2859615864727,-38.414151572692155,297.3503424178238,100.0,56,5600,False,9738400,97384,1739,ae3b9b3532214bc3bad13e7ea9518ddf,2020-03-21_02-19-00,1584757140,10.38730239868164,18012.907851934433,23993,eclipse,137.195.211.213,18012.907851934433,9738400,1739,28,2ed37c9e,0.24,0.0,1.0,11.395168150977886,0.9881803540489714,1.4773230328680012,9571456,9738400,3060.124,6.469,7251.385,18.651,3.417187452316284,4.999999873689376e-05,111641.1171875,-0.030156701803207397,111641.1171875,0.33423081040382385,0.009843818843364716,0.08852533996105194,0.0
2770.0606270627845,-42.93214860293482,304.16142471181223,100.0,56,5600,False,9744000,97440,1740,ae3b9b3532214bc3bad13e7ea9518ddf,2020-03-21_02-19-10,1584757150,10.435953378677368,18023.34380531311,23993,eclipse,137.195.211.213,18023.34380531311,9744000,1740,28,2ed37c9e,0.29,0.0,1.0,11.395192611528728,0.9881749417189334,1.4773102687924426,9576960,9744000,3055.205,6.726,7256.026,17.747,3.417187452316284,4.999999873689376e-05,72229.234375,-0.033499374985694885,72229.234375,0.323438823223114,0.009673998691141605,0.18244749307632446,0.0
2637.71645268383,-42.93214860293482,297.245031698226,100.0,56,5600,False,9749600,97496,1741,ae3b9b3532214bc3bad13e7ea9518ddf,2020-03-21_02-19-21,1584757161,10.509737491607666,18033.853542804718,23993,eclipse,137.195.211.213,18033.853542804718,9749600,1741,28,2ed37c9e,0.31,0.0,1.0,11.395183242257438,0.9881735941911409,1.477302503477892,9582464,9749600,3063.479,6.755,7260.88,17.989,3.417187452316284,4.999999873689376e-05,114839.1171875,-0.03478076308965683,114839.125,0.34827420115470886,0.01028472650796175,0.5138242244720459,0.0
3965.3564597972636,-116.18509167393701,392.26926432674003,100.0,56,5600,False,9755200,97552,1742,ae3b9b3532214bc3bad13e7ea9518ddf,2020-03-21_02-19-31,1584757171,10.458209037780762,18044.3117518425,23993,eclipse,137.195.211.213,18044.3117518425,9755200,1742,28,2ed37c9e,0.35,0.0,1.0,11.395158863409614,0.9881672406315406,1.4772926946492388,9587968,9755200,3061.932,6.713,7265.854,16.864,3.417187452316284,4.999999873689376e-05,201788.71875,-0.032878149300813675,201788.71875,0.3524697721004486,0.011383578181266785,0.6017030477523804,0.0
3965.3564597972636,-116.18509167393701,334.54553692761647,100.0,56,5600,False,9760800,97608,1743,ae3b9b3532214bc3bad13e7ea9518ddf,2020-03-21_02-19-42,1584757182,10.468256711959839,18054.78000855446,23993,eclipse,137.195.211.213,18054.78000855446,9760800,1743,28,2ed37c9e,0.27,0.0,1.0,11.395106240827332,0.9881626463627518,1.4772815977059937,9593472,9760800,3060.911,6.892,7267.602,16.959,3.417187452316284,4.999999873689376e-05,124163.3046875,-0.021736741065979004,124163.265625,0.33798396587371826,0.014626228250563145,0.6480451822280884,0.0
3005.8844032234642,-203.13161059205413,267.24059186373125,100.0,56,5600,False,9766400,97664,1744,ae3b9b3532214bc3bad13e7ea9518ddf,2020-03-21_02-19-53,1584757193,10.501656770706177,18065.281665325165,23993,eclipse,137.195.211.213,18065.281665325165,9766400,1744,28,2ed37c9e,0.23,0.0,1.0,11.395057300220266,0.9881633328074299,1.4772711480654919,9598976,9766400,3074.045,6.836,7283.906,18.265,3.417187452316284,4.999999873689376e-05,102907.546875,-0.03460150957107544,102907.53125,0.33015263080596924,0.009038848802447319,0.9774222373962402,0.0
2992.927581376534,-40.36713380371656,257.8347869248226,100.0,56,5600,False,9772000,97720,1745,ae3b9b3532214bc3bad13e7ea9518ddf,2020-03-21_02-20-03,1584757203,10.367511510848999,18075.649176836014,23993,eclipse,137.195.211.213,18075.649176836014,9772000,1745,28,2ed37c9e,0.23,0.0,1.0,11.395036843796031,0.9881652431109482,1.4772597965652476,9604480,9772000,3068.82,6.902,7303.615,18.503,3.417187452316284,4.999999873689376e-05,95962.9921875,-0.033681947737932205,95962.984375,0.33498135209083557,0.010215658694505692,0.4605800211429596,0.0
2205.669807960061,-248.7114162096678,214.66942200682288,100.0,56,5600,False,9777600,97776,1746,ae3b9b3532214bc3bad13e7ea9518ddf,2020-03-21_02-20-13,1584757213,10.331639289855957,18085.98081612587,23993,eclipse,137.195.211.213,18085.98081612587,9777600,1746,28,2ed37c9e,0.21,0.0,1.0,11.395051269027,0.9881628197141835,1.4772460272136718,9609984,9777600,3038.353,6.954,7287.786,18.56,3.417187452316284,4.999999873689376e-05,56001.62890625,-0.03086877427995205,56001.62109375,0.3140305280685425,0.009147660806775093,0.48617392778396606,0.0
2205.669807960061,-248.7114162096678,177.56803435018014,100.0,56,5600,False,9783200,97832,1747,ae3b9b3532214bc3bad13e7ea9518ddf,2020-03-21_02-20-24,1584757224,10.563802242279053,18096.54461836815,23993,eclipse,137.195.211.213,18096.54461836815,9783200,1747,28,2ed37c9e,0.19,0.0,1.0,11.395235555200257,0.9882026864142928,1.4772807029312371,9615488,9783200,3057.259,7.08,7287.916,19.224,3.417187452316284,4.999999873689376e-05,38709.65625,-0.03148236498236656,38709.6484375,0.21475543081760406,0.012703812681138515,0.52543044090271,0.0
2985.615235555893,-60.78046232060461,319.4704271930306,100.0,56,5600,False,9788800,97888,1748,ae3b9b3532214bc3bad13e7ea9518ddf,2020-03-21_02-20-34,1584757234,10.407071113586426,18106.951689481735,23993,eclipse,137.195.211.213,18106.951689481735,9788800,1748,28,2ed37c9e,0.27,0.0,1.0,11.395314315378627,0.9882407097765463,1.477309273672467,9620992,9788800,3057.283,7.688,7291.227,18.944,3.417187452316284,4.999999873689376e-05,181290.703125,-0.030135303735733032,181290.6875,0.3372179865837097,0.01110831368714571,0.5265268683433533,0.0
2985.615235555893,-41.502775511898136,345.2973511410666,100.0,56,5600,False,9794400,97944,1749,ae3b9b3532214bc3bad13e7ea9518ddf,2020-03-21_02-20-45,1584757245,10.39513897895813,18117.346828460693,23993,eclipse,137.195.211.213,18117.346828460693,9794400,1749,28,2ed37c9e,0.3,0.0,1.0,11.395333336235824,0.9882423194463512,1.4772957404697442,9626496,9794400,3056.902,7.596,7290.569,18.956,3.417187452316284,4.999999873689376e-05,63305.5390625,-0.02715114876627922,63305.5234375,0.3657527267932892,0.014027479104697704,-0.0047020441852509975,0.0
2219.7196910868897,-494.82405118570347,261.5988231505615,100.0,56,5600,False,9800000,98000,1750,ae3b9b3532214bc3bad13e7ea9518ddf,2020-03-21_02-20-55,1584757255,10.475379467010498,18127.822207927704,23993,eclipse,137.195.211.213,18127.822207927704,9800000,1750,28,2ed37c9e,0.29,0.0,1.0,11.395424609075713,0.988239222026038,1.4772835209121795,9632000,9800000,3056.978,7.495,7295.431,19.253,3.417187452316284,4.999999873689376e-05,59904.71484375,-0.032791197299957275,59904.7265625,0.32676050066947937,0.008135749958455563,0.44603431224823,0.0
3109.8381375433955,-494.82405118570347,301.0695741073634,100.0,56,5600,False,9805600,98056,1751,ae3b9b3532214bc3bad13e7ea9518ddf,2020-03-21_02-21-06,1584757266,10.42303991317749,18138.24524784088,23993,eclipse,137.195.211.213,18138.24524784088,9805600,1751,28,2ed37c9e,0.29,0.0,1.0,11.39542008756486,0.9882314417419775,1.4772720830888457,9637504,9805600,3052.874,7.383,7290.27,19.221,3.417187452316284,4.999999873689376e-05,123923.6640625,-0.029886962845921516,123923.640625,0.3570438325405121,0.010631299577653408,0.6650926470756531,0.0
2474.182881813528,-44.29559858297813,269.7588218848962,100.0,56,5600,False,9811200,98112,1752,ae3b9b3532214bc3bad13e7ea9518ddf,2020-03-21_02-21-16,1584757276,10.535263776779175,18148.78051161766,23993,eclipse,137.195.211.213,18148.78051161766,9811200,1752,28,2ed37c9e,0.25,0.0,1.0,11.395459066028593,0.9882268237616988,1.4772599629382206,9643008,9811200,3064.443,7.337,7286.34,19.939,3.417187452316284,4.999999873689376e-05,71365.7734375,-0.03330210596323013,71365.7578125,0.273443341255188,0.011126193217933178,0.14518967270851135,0.0
3977.4901844041633,-36.407324272571145,252.72631382076253,100.0,56,5600,False,9816800,98168,1753,ae3b9b3532214bc3bad13e7ea9518ddf,2020-03-21_02-21-27,1584757287,10.427156209945679,18159.207667827606,23993,eclipse,137.195.211.213,18159.207667827606,9816800,1753,28,2ed37c9e,0.22,0.0,1.0,11.395537168212824,0.9882221347836477,1.4772420035417804,9648512,9816800,3068.424,6.829,7278.869,19.25,3.417187452316284,4.999999873689376e-05,99480.671875,-0.033443938940763474,99480.6953125,0.3264056444168091,0.0076953331008553505,0.07178816944360733,0.0
3977.4901844041633,-38.80594801859995,272.1270238028139,100.0,56,5600,False,9822400,98224,1754,ae3b9b3532214bc3bad13e7ea9518ddf,2020-03-21_02-21-37,1584757297,10.530517578125,18169.73818540573,23993,eclipse,137.195.211.213,18169.73818540573,9822400,1754,28,2ed37c9e,0.22,0.0,1.0,11.395634222094731,0.9882087991311486,1.4772207895404088,9654016,9822400,3066.568,6.88,7282.848,19.321,3.417187452316284,4.999999873689376e-05,71615.03125,-0.0332656167447567,71615.03125,0.3670617341995239,0.008710065856575966,0.3367157578468323,0.0
2995.582364495505,-227.47685464554013,367.91402066091615,100.0,56,5600,False,9828000,98280,1755,ae3b9b3532214bc3bad13e7ea9518ddf,2020-03-21_02-21-48,1584757308,10.443654298782349,18180.181839704514,23993,eclipse,137.195.211.213,18180.181839704514,9828000,1755,28,2ed37c9e,0.3,0.0,1.0,11.395703664693478,0.988206255246491,1.477206662130024,9659520,9828000,3064.119,6.584,7291.299,19.81,3.417187452316284,4.999999873689376e-05,188897.734375,-0.037696681916713715,188897.734375,0.25325337052345276,0.009884193539619446,-0.21515147387981415,0.0
4215.371670033842,-563.0993275572274,358.8380020598847,100.0,56,5600,False,9833600,98336,1756,ae3b9b3532214bc3bad13e7ea9518ddf,2020-03-21_02-21-58,1584757318,10.414329767227173,18190.59616947174,23993,eclipse,137.195.211.213,18190.59616947174,9833600,1756,28,2ed37c9e,0.32,0.0,1.0,11.395771950997487,0.9882058719207234,1.4771972362462409,9665024,9833600,3067.828,6.474,7296.51,20.095,3.417187452316284,4.999999873689376e-05,146196.65625,-0.029079575091600418,146196.65625,0.34630194306373596,0.009574119001626968,0.16639824211597443,0.0
4215.371670033842,-563.0993275572274,396.4582189318919,100.0,56,5600,False,9839200,98392,1757,ae3b9b3532214bc3bad13e7ea9518ddf,2020-03-21_02-22-09,1584757329,10.363553762435913,18200.959723234177,23993,eclipse,137.195.211.213,18200.959723234177,9839200,1757,28,2ed37c9e,0.34,0.0,1.0,11.395787643735817,0.9882015424079142,1.4771873848780777,9670528,9839200,3051.393,6.135,7295.381,20.423,3.417187452316284,4.999999873689376e-05,156974.8125,-0.0338834747672081,156974.828125,0.3224751353263855,0.009837792254984379,0.40769141912460327,0.0
3205.352881827071,-217.20879870662543,264.3428769256186,100.0,56,5600,False,9844800,98448,1758,ae3b9b3532214bc3bad13e7ea9518ddf,2020-03-21_02-22-19,1584757339,10.415486812591553,18211.37521004677,23993,eclipse,137.195.211.213,18211.37521004677,9844800,1758,28,2ed37c9e,0.26,0.0,1.0,11.39584334889842,0.9881985467444813,1.4771872033012945,9676032,9844800,3054.65,5.454,7291.329,20.296,3.417187452316284,4.999999873689376e-05,37816.01953125,-0.033910613507032394,37816.0234375,0.3844356834888458,0.009555590339004993,0.2798987925052643,0.0
5783.627372845491,-36.71797632549575,288.5455977983655,100.0,56,5600,False,9850400,98504,1759,ae3b9b3532214bc3bad13e7ea9518ddf,2020-03-21_02-22-30,1584757350,10.290836095809937,18221.666046142578,23993,eclipse,137.195.211.213,18221.666046142578,9850400,1759,28,2ed37c9e,0.28,0.0,1.0,11.395822278410762,0.9881958796608561,1.4771802801301113,9681536,9850400,3051.245,5.284,7287.114,19.639,3.417187452316284,4.999999873689376e-05,204722.484375,-0.02944193035364151,204722.484375,0.27463769912719727,0.008153867907822132,1.1809604167938232,0.0
4235.74729544813,-36.83113242752821,290.3176894843459,100.0,56,5600,False,9856000,98560,1760,ae3b9b3532214bc3bad13e7ea9518ddf,2020-03-21_02-22-40,1584757360,10.445894956588745,18232.111941099167,23993,eclipse,137.195.211.213,18232.111941099167,9856000,1760,28,2ed37c9e,0.32,0.0,1.0,11.395775420418527,0.9881911937687421,1.4771662191797619,9687040,9856000,3049.523,5.308,7283.944,19.912,3.417187452316284,4.999999873689376e-05,124085.7890625,-0.02676486410200596,124085.7890625,0.3049326539039612,0.010653509758412838,0.2874433100223541,0.0
2014.5181090851352,-141.3592253903581,261.632289641694,100.0,56,5600,False,9861600,98616,1761,ae3b9b3532214bc3bad13e7ea9518ddf,2020-03-21_02-22-51,1584757371,10.434761762619019,18242.546702861786,23993,eclipse,137.195.211.213,18242.546702861786,9861600,1761,28,2ed37c9e,0.29,0.0,1.0,11.395769334437537,0.988185869639848,1.477150826949524,9692544,9861600,3053.5,5.43,7281.328,20.66,3.417187452316284,4.999999873689376e-05,46419.6875,-0.034681398421525955,46419.6875,0.41868138313293457,0.010260103270411491,0.4350132942199707,0.0
2014.5181090851352,-141.3592253903581,229.6086863370061,100.0,56,5600,False,9867200,98672,1762,ae3b9b3532214bc3bad13e7ea9518ddf,2020-03-21_02-23-01,1584757381,10.412987232208252,18252.959690093994,23993,eclipse,137.195.211.213,18252.959690093994,9867200,1762,28,2ed37c9e,0.26,0.0,1.0,11.39579083103349,0.9881784847310112,1.477135916921252,9698048,9867200,3037.139,5.548,7284.578,20.863,3.417187452316284,4.999999873689376e-05,58655.4140625,-0.03718605265021324,58655.40625,0.27034589648246765,0.011357193812727928,0.3633287847042084,0.0
3976.2140224682967,-620.8048352469146,299.0931358493381,100.0,56,5600,False,9872800,98728,1763,ae3b9b3532214bc3bad13e7ea9518ddf,2020-03-21_02-23-11,1584757391,10.145451068878174,18263.105141162872,23993,eclipse,137.195.211.213,18263.105141162872,9872800,1763,28,2ed37c9e,0.3,0.0,1.0,11.395837351236171,0.9881779735731412,1.4771262357601216,9703552,9872800,3036.19,5.933,7257.369,21.733,3.417187452316284,4.999999873689376e-05,181863.890625,-0.03623303398489952,181863.890625,0.282353937625885,0.00863201916217804,0.3228921592235565,0.0
3964.2681847490426,-620.8048352469146,327.9456514531759,100.0,56,5600,False,9878400,98784,1764,ae3b9b3532214bc3bad13e7ea9518ddf,2020-03-21_02-23-22,1584757402,10.32517695426941,18273.43031811714,23993,eclipse,137.195.211.213,18273.43031811714,9878400,1764,28,2ed37c9e,0.34,0.0,1.0,11.395996309610263,0.9881789691132448,1.477131984987613,9709056,9878400,3039.586,5.807,7233.145,20.885,3.417187452316284,4.999999873689376e-05,142910.3125,-0.03558218851685524,142910.296875,0.29090842604637146,0.009904671460390091,0.13343077898025513,0.0
3964.2681847490426,-604.2767460670224,335.35536966339436,100.0,56,5600,False,9884000,98840,1765,ae3b9b3532214bc3bad13e7ea9518ddf,2020-03-21_02-23-32,1584757412,10.501092195510864,18283.931410312653,23993,eclipse,137.195.211.213,18283.931410312653,9884000,1765,28,2ed37c9e,0.33,0.0,1.0,11.396228787964988,0.988175272422513,1.477156968739295,9714560,9884000,3052.499,5.91,7227.167,20.706,3.417187452316284,4.999999873689376e-05,97236.59375,-0.03157297894358635,97236.59375,0.3975668251514435,0.009653100743889809,0.1955755203962326,0.0
2274.229978050283,-604.2767460670224,235.83540922506924,100.0,56,5600,False,9889600,98896,1766,ae3b9b3532214bc3bad13e7ea9518ddf,2020-03-21_02-23-43,1584757423,10.337604761123657,18294.269015073776,23993,eclipse,137.195.211.213,18294.269015073776,9889600,1766,28,2ed37c9e,0.24,0.0,1.0,11.396324675344944,0.9881727167767344,1.4771565552231922,9720064,9889600,3051.179,5.845,7220.618,20.381,3.417187452316284,4.999999873689376e-05,43332.5234375,-0.0366571880877018,43332.52734375,0.33374258875846863,0.009778536856174469,0.4353276193141937,0.0
3319.261061065292,-87.60660291356774,278.633051299687,100.0,56,5600,False,9895200,98952,1767,ae3b9b3532214bc3bad13e7ea9518ddf,2020-03-21_02-23-53,1584757433,10.336371660232544,18304.60538673401,23993,eclipse,137.195.211.213,18304.60538673401,9895200,1767,28,2ed37c9e,0.26,0.0,1.0,11.396264400416118,0.9881648790973949,1.477148100544982,9725568,9895200,3047.124,5.821,7220.64,20.009,3.417187452316284,4.999999873689376e-05,134852.234375,-0.0329178087413311,134852.21875,0.3562336564064026,0.010727685876190662,0.8360135555267334,0.0
3300.6060875245157,-118.84856671228712,392.25032831415194,100.0,56,5600,False,9900800,99008,1768,ae3b9b3532214bc3bad13e7ea9518ddf,2020-03-21_02-24-03,1584757443,10.344200134277344,18314.949586868286,23993,eclipse,137.195.211.213,18314.949586868286,9900800,1768,28,2ed37c9e,0.35,0.0,1.0,11.396226693054276,0.9881602732020011,1.477143807150809,9731072,9900800,3044.113,5.681,7217.821,20.484,3.417187452316284,4.999999873689376e-05,182796.96875,-0.03204142674803734,182796.96875,0.2839590907096863,0.011744859628379345,0.23579344153404236,0.0
2662.6476113060316,-118.84856671228712,345.51651450720817,100.0,56,5600,False,9906400,99064,1769,ae3b9b3532214bc3bad13e7ea9518ddf,2020-03-21_02-24-14,1584757454,10.354248762130737,18325.303835630417,23993,eclipse,137.195.211.213,18325.303835630417,9906400,1769,28,2ed37c9e,0.36,0.0,1.0,11.396252693144904,0.9881566170026173,1.4771328452572516,9736576,9906400,3047.571,5.731,7221.174,20.893,3.417187452316284,4.999999873689376e-05,89183.078125,-0.03270471468567848,89183.0625,0.32572078704833984,0.010818452574312687,0.5214499831199646,0.0
3326.2643654623066,-442.88505895576714,255.02021404850268,100.0,56,5600,False,9912000,99120,1770,ae3b9b3532214bc3bad13e7ea9518ddf,2020-03-21_02-24-24,1584757464,10.302810668945312,18335.606646299362,23993,eclipse,137.195.211.213,18335.606646299362,9912000,1770,28,2ed37c9e,0.25,0.0,1.0,11.396260580610875,0.9881495096340802,1.4771208952107315,9742080,9912000,3039.704,5.546,7217.454,20.051,3.417187452316284,4.999999873689376e-05,78584.71875,-0.031637050211429596,78584.6953125,0.3505972623825073,0.013215365819633007,0.6697894930839539,0.0
3326.2643654623066,-442.88505895576714,221.30807627133044,100.0,56,5600,False,9917600,99176,1771,ae3b9b3532214bc3bad13e7ea9518ddf,2020-03-21_02-24-35,1584757475,10.424962282180786,18346.031608581543,23993,eclipse,137.195.211.213,18346.031608581543,9917600,1771,28,2ed37c9e,0.17,0.0,1.0,11.396292524010954,0.9881432780477867,1.47711168508048,9747584,9917600,3034.871,5.277,7221.385,19.695,3.417187452316284,4.999999873689376e-05,80123.3984375,-0.03107595257461071,80123.390625,0.3320807218551636,0.010217207483947277,0.2074396014213562,0.0
3335.3768085725183,-296.13696953919,253.88207479487642,100.0,56,5600,False,9923200,99232,1772,ae3b9b3532214bc3bad13e7ea9518ddf,2020-03-21_02-24-45,1584757485,10.360275268554688,18356.391883850098,23993,eclipse,137.195.211.213,18356.391883850098,9923200,1772,28,2ed37c9e,0.24,0.0,1.0,11.396361379402183,0.9881413303613887,1.477103959709996,9753088,9923200,3043.909,5.252,7208.567,19.734,3.417187452316284,4.999999873689376e-05,132582.484375,-0.028478272259235382,132582.46875,0.2729846239089966,0.010937720537185669,0.18464148044586182,0.0
2660.7198165412574,-296.13696953919,287.8844591974844,100.0,56,5600,False,9928800,99288,1773,ae3b9b3532214bc3bad13e7ea9518ddf,2020-03-21_02-24-55,1584757495,10.425854682922363,18366.81773853302,23993,eclipse,137.195.211.213,18366.81773853302,9928800,1773,28,2ed37c9e,0.26,0.0,1.0,11.396389679207397,0.9881370749757166,1.477093116501705,9758592,9928800,3038.739,5.403,7241.752,18.839,3.417187452316284,4.999999873689376e-05,141649.984375,-0.0358421765267849,141650.0,0.29990607500076294,0.009687498211860657,0.5545414686203003,0.0
2660.7198165412574,-42.27000629884359,253.46384472209485,100.0,56,5600,False,9934400,99344,1774,ae3b9b3532214bc3bad13e7ea9518ddf,2020-03-21_02-25-06,1584757506,10.446232318878174,18377.2639708519,23993,eclipse,137.195.211.213,18377.2639708519,9934400,1774,28,2ed37c9e,0.24,0.0,1.0,11.39639046321423,0.9881318368839316,1.477074893819281,9764096,9934400,3031.419,5.682,7262.884,18.617,3.417187452316284,4.999999873689376e-05,44715.94921875,-0.031597934663295746,44715.9453125,0.3288864493370056,0.010430163703858852,0.6664664149284363,0.0
3295.270559921277,-36.7085946755135,268.7303356120654,100.0,56,5600,False,9940000,99400,1775,ae3b9b3532214bc3bad13e7ea9518ddf,2020-03-21_02-25-16,1584757516,10.358032703399658,18387.622003555298,23993,eclipse,137.195.211.213,18387.622003555298,9940000,1775,28,2ed37c9e,0.3,0.0,1.0,11.396396309022496,0.9881278468735865,1.4770572153967705,9769600,9940000,3022.276,5.969,7257.366,18.686,3.417187452316284,4.999999873689376e-05,141222.546875,-0.03067922405898571,141222.5625,0.2932821214199066,0.009872161783277988,0.879700243473053,0.0
3295.270559921277,-590.2887374826856,304.2943077797354,100.0,56,5600,False,9945600,99456,1776,ae3b9b3532214bc3bad13e7ea9518ddf,2020-03-21_02-25-27,1584757527,10.312801837921143,18397.93480539322,23993,eclipse,137.195.211.213,18397.93480539322,9945600,1776,28,2ed37c9e,0.34,0.0,1.0,11.396401732123968,0.9881250525757653,1.4770416185991018,9775104,9945600,3023.376,6.274,7253.067,18.928,3.417187452316284,4.999999873689376e-05,75329.0703125,-0.030428437516093254,75329.0625,0.34857097268104553,0.011555987410247326,0.31540584564208984,0.0
3423.296192220772,-590.2887374826856,362.48317568429013,100.0,56,5600,False,9951200,99512,1777,ae3b9b3532214bc3bad13e7ea9518ddf,2020-03-21_02-25-37,1584757537,10.465574741363525,18408.400380134583,23993,eclipse,137.195.211.213,18408.400380134583,9951200,1777,28,2ed37c9e,0.35,0.0,1.0,11.396427909516182,0.9881243391454754,1.4770265189528886,9780608,9951200,3040.672,6.672,7248.404,19.264,3.417187452316284,4.999999873689376e-05,192761.203125,-0.02726578526198864,192761.1875,0.3092137575149536,0.011079829186201096,0.16122673451900482,0.0
3423.296192220772,-36.14803121844586,446.80076283191426,100.0,56,5600,False,9956800,99568,1778,ae3b9b3532214bc3bad13e7ea9518ddf,2020-03-21_02-25-48,1584757548,10.418888330459595,18418.819268465042,23993,eclipse,137.195.211.213,18418.819268465042,9956800,1778,28,2ed37c9e,0.36,0.0,1.0,11.39642703701675,0.9881207917125147,1.477014294019406,9786112,9956800,3039.353,6.768,7258.508,18.121,3.417187452316284,4.999999873689376e-05,177287.484375,-0.03230199217796326,177287.484375,0.3336278796195984,0.010988655500113964,0.41619235277175903,0.0
3200.625082312998,-293.4684740849483,287.4561173971841,100.0,56,5600,False,9962400,99624,1779,ae3b9b3532214bc3bad13e7ea9518ddf,2020-03-21_02-25-58,1584757558,10.41584825515747,18429.2351167202,23993,eclipse,137.195.211.213,18429.2351167202,9962400,1779,28,2ed37c9e,0.27,0.0,1.0,11.396402418124335,0.9881199700908937,1.4770046664645065,9791616,9962400,3046.006,6.887,7256.163,18.141,3.417187452316284,4.999999873689376e-05,83988.375,-0.030381469056010246,83988.3828125,0.34095072746276855,0.010327598080039024,0.47825729846954346,0.0
3444.125179737584,-293.4684740849483,220.1109629353919,100.0,56,5600,False,9968000,99680,1780,ae3b9b3532214bc3bad13e7ea9518ddf,2020-03-21_02-26-08,1584757568,10.352371215820312,18439.58748793602,23993,eclipse,137.195.211.213,18439.58748793602,9968000,1780,28,2ed37c9e,0.19,0.0,1.0,11.396444744545315,0.9881213118691267,1.476992743071459,9797120,9968000,3050.351,7.069,7253.539,19.442,3.417187452316284,4.999999873689376e-05,119638.125,-0.02471691183745861,119638.1171875,0.27916210889816284,0.010334414429962635,0.11481637507677078,0.0
3444.125179737584,-277.0070182246399,259.3502908394646,100.0,56,5600,False,9973600,99736,1781,ae3b9b3532214bc3bad13e7ea9518ddf,2020-03-21_02-26-19,1584757579,10.425856351852417,18450.013344287872,23993,eclipse,137.195.211.213,18450.013344287872,9973600,1781,28,2ed37c9e,0.24,0.0,1.0,11.396471898358635,0.9881182086543435,1.476986578782166,9802624,9973600,3052.163,7.341,7251.369,19.224,3.417187452316284,4.999999873689376e-05,75860.84375,-0.03603179752826691,75860.84375,0.3572979271411896,0.008892141282558441,0.40627267956733704,0.0
2251.055516379849,-277.0070182246399,285.7839228608312,100.0,56,5600,False,9979200,99792,1782,ae3b9b3532214bc3bad13e7ea9518ddf,2020-03-21_02-26-29,1584757589,10.418076038360596,18460.431420326233,23993,eclipse,137.195.211.213,18460.431420326233,9979200,1782,28,2ed37c9e,0.28,0.0,1.0,11.396496821026671,0.98811296855071,1.4769747887240445,9808128,9979200,3052.639,7.293,7257.553,19.162,3.417187452316284,4.999999873689376e-05,104022.578125,-0.03340648114681244,104022.578125,0.33128345012664795,0.012721788138151169,0.18813718855381012,0.0
5312.706489111705,-220.31384457398752,390.6342621916975,100.0,56,5600,False,9984800,99848,1783,ae3b9b3532214bc3bad13e7ea9518ddf,2020-03-21_02-26-40,1584757600,10.460571527481079,18470.891991853714,23993,eclipse,137.195.211.213,18470.891991853714,9984800,1783,28,2ed37c9e,0.29,0.0,1.0,11.396514813988032,0.9881077447583217,1.4769649637979878,9813632,9984800,3056.85,7.052,7256.446,20.25,3.417187452316284,4.999999873689376e-05,266825.59375,-0.03077072836458683,266825.59375,0.2975367307662964,0.011139098554849625,0.6777747273445129,0.0
5312.706489111705,-39.4375316115788,353.4398828770882,100.0,56,5600,False,9990400,99904,1784,ae3b9b3532214bc3bad13e7ea9518ddf,2020-03-21_02-26-50,1584757610,10.380605697631836,18481.272597551346,23993,eclipse,137.195.211.213,18481.272597551346,9990400,1784,28,2ed37c9e,0.32,0.0,1.0,11.396556997265627,0.9881044283643138,1.4769535167577574,9819136,9990400,3047.897,6.605,7258.171,20.781,3.417187452316284,4.999999873689376e-05,86448.703125,-0.032115448266267776,86448.7109375,0.2405114471912384,0.009633788838982582,-0.2287978231906891,0.0
2823.1125915715825,-298.1616316800304,318.7952261960866,100.0,56,5600,False,9996000,99960,1785,ae3b9b3532214bc3bad13e7ea9518ddf,2020-03-21_02-27-01,1584757621,10.51725435256958,18491.789851903915,23993,eclipse,137.195.211.213,18491.789851903915,9996000,1785,28,2ed37c9e,0.28,0.0,1.0,11.396631567243444,0.9881004243406878,1.4769307926756892,9824640,9996000,3056.68,6.433,7263.47,21.443,3.417187452316284,4.999999873689376e-05,131229.515625,-0.03246598318219185,131229.484375,0.2897360026836395,0.010953191667795181,0.20189642906188965,0.0
3972.085885175355,-414.9115837107033,343.22100601681467,100.0,56,5600,True,10001600,100016,1786,ae3b9b3532214bc3bad13e7ea9518ddf,2020-03-21_02-27-11,1584757631,10.420631170272827,18502.21048307419,23993,eclipse,137.195.211.213,18502.21048307419,10001600,1786,28,2ed37c9e,0.28,0.0,1.0,11.396630020487201,0.9880988378070532,1.4769150562198126,9830144,10001600,3059.503,6.247,7272.633,21.862,3.417187452316284,4.999999873689376e-05,188795.140625,-0.028262648731470108,188795.125,0.3110641837120056,0.008989069610834122,0.5254951119422913,0.0
