episode_reward_max,episode_reward_min,episode_reward_mean,episode_len_mean,episodes_this_iter,timesteps_this_iter,done,timesteps_total,episodes_total,training_iteration,experiment_id,date,timestamp,time_this_iter_s,time_total_s,pid,hostname,node_ip,time_since_restore,timesteps_since_restore,iterations_since_restore,num_healthy_workers,trial_id,custom_metrics/success_rate_mean,custom_metrics/success_rate_min,custom_metrics/success_rate_max,sampler_perf/mean_env_wait_ms,sampler_perf/mean_processing_ms,sampler_perf/mean_inference_ms,info/num_steps_trained,info/num_steps_sampled,info/sample_time_ms,info/load_time_ms,info/grad_time_ms,info/update_time_ms,info/learner/default_policy/cur_kl_coeff,info/learner/default_policy/cur_lr,info/learner/default_policy/total_loss,info/learner/default_policy/policy_loss,info/learner/default_policy/vf_loss,info/learner/default_policy/vf_explained_var,info/learner/default_policy/kl,info/learner/default_policy/entropy,info/learner/default_policy/entropy_coeff
-45.761195694800335,-80.09688008463411,-67.65411763325336,100.0,56,5600,False,5600,56,1,73b03aedc11d4733ad70480dfb5e4900,2020-03-24_07-08-14,1585033694,18.97449779510498,18.97449779510498,2887,eclipse,137.195.211.213,18.97449779510498,5600,1,28,28696714,0.0,0.0,0.0,9.05565192026709,0.8647161845035729,1.4162546112423853,5504,5600,10200.941,74.689,7883.711,657.311,0.20000000298023224,4.999999873689376e-05,398.13250732421875,-0.025456922128796577,398.15484619140625,0.011152520775794983,0.015273233875632286,5.6472063064575195,0.0
-45.761195694800335,-81.92008375476706,-67.37210055899712,100.0,56,5600,False,11200,112,2,73b03aedc11d4733ad70480dfb5e4900,2020-03-24_07-08-24,1585033704,9.97218918800354,28.94668698310852,2887,eclipse,137.195.211.213,28.94668698310852,11200,2,28,28696714,0.0,0.0,0.0,9.366551817245126,0.8982213238827004,1.4344858369233182,11008,11200,6434.729,40.232,7548.338,337.486,0.20000000298023224,4.999999873689376e-05,175.3718719482422,-0.02710326947271824,175.39512634277344,0.007100062444806099,0.019141986966133118,5.643794059753418,0.0
-51.51134315124555,-82.27810845220702,-66.40229622110054,100.0,56,5600,False,16800,168,3,73b03aedc11d4733ad70480dfb5e4900,2020-03-24_07-08-34,1585033714,10.077035903930664,39.023722887039185,2887,eclipse,137.195.211.213,39.023722887039185,16800,3,28,28696714,0.0,0.0,0.0,9.793680692358034,0.9476070042449425,1.4708985521628342,16512,16800,5194.206,29.313,7448.368,232.848,0.20000000298023224,4.999999873689376e-05,112.24467468261719,-0.02089752070605755,112.26268768310547,0.296904057264328,0.014446226879954338,5.6571879386901855,0.0
75.42092124683221,-84.64580063578353,-63.6449361741336,100.0,56,5600,False,22400,224,4,73b03aedc11d4733ad70480dfb5e4900,2020-03-24_07-08-44,1585033724,10.040879011154175,49.06460189819336,2887,eclipse,137.195.211.213,49.06460189819336,22400,4,28,28696714,0.0,0.0,0.0,9.950371411056398,0.9647660475614745,1.4822290880533524,22016,22400,4568.754,24.263,7397.009,180.346,0.20000000298023224,4.999999873689376e-05,198.49925231933594,-0.028377670794725418,198.52334594726562,0.36195582151412964,0.021538961678743362,5.642395496368408,0.0
75.42092124683221,-84.64580063578353,-64.2153194319851,100.0,56,5600,False,28000,280,5,73b03aedc11d4733ad70480dfb5e4900,2020-03-24_07-08-54,1585033734,10.058401107788086,59.123003005981445,2887,eclipse,137.195.211.213,59.123003005981445,28000,5,28,28696714,0.0,0.0,0.0,10.022060014183305,0.9735072160828081,1.48754208415495,27520,28000,4198.662,20.548,7364.576,146.906,0.30000001192092896,4.999999873689376e-05,47.42356872558594,-0.024627335369586945,47.4441032409668,0.6761085987091064,0.013655676506459713,5.6349592208862305,0.0
41.266744485666784,-80.22479234978061,-63.600512832641854,100.0,56,5600,False,33600,336,6,73b03aedc11d4733ad70480dfb5e4900,2020-03-24_07-09-04,1585033744,10.015383243560791,69.13838624954224,2887,eclipse,137.195.211.213,69.13838624954224,33600,6,28,28696714,0.0,0.0,0.0,10.057821233338824,0.9803739388784436,1.4866736309475685,33024,33600,3947.11,18.242,7341.16,125.705,0.30000001192092896,4.999999873689376e-05,96.88672637939453,-0.02374238707125187,96.9073715209961,0.5537871718406677,0.010324733331799507,5.607760906219482,0.0
41.266744485666784,-80.22479234978061,-62.736048919264704,100.0,56,5600,False,39200,392,7,73b03aedc11d4733ad70480dfb5e4900,2020-03-24_07-09-14,1585033754,9.98772931098938,79.12611556053162,2887,eclipse,137.195.211.213,79.12611556053162,39200,7,28,28696714,0.0,0.0,0.0,10.076477173049977,0.9859959579788249,1.4850974614804386,38528,39200,3760.037,16.431,7327.927,110.515,0.30000001192092896,4.999999873689376e-05,36.61456298828125,-0.016882378607988358,36.62784957885742,0.7277377843856812,0.011983366683125496,5.600897312164307,0.0
-55.73209632422638,-81.02089315260805,-62.952143512268115,100.0,56,5600,False,44800,448,8,73b03aedc11d4733ad70480dfb5e4900,2020-03-24_07-09-24,1585033764,10.045129299163818,89.17124485969543,2887,eclipse,137.195.211.213,89.17124485969543,44800,8,28,28696714,0.0,0.0,0.0,10.092989472372837,0.9887999921829569,1.4837535222413936,44032,44800,3623.168,15.131,7321.824,98.772,0.30000001192092896,4.999999873689376e-05,28.66374397277832,-0.02584044635295868,28.685466766357422,0.7864969968795776,0.01372948382049799,5.572585105895996,0.0
-51.75082690924624,-72.57656671249343,-61.30363490520622,100.0,56,5600,False,50400,504,9,73b03aedc11d4733ad70480dfb5e4900,2020-03-24_07-09-35,1585033775,10.085714101791382,99.25695896148682,2887,eclipse,137.195.211.213,99.25695896148682,50400,9,28,28696714,0.0,0.0,0.0,10.109422204693255,0.9893845651486913,1.4845520512672052,49536,50400,3522.316,14.316,7317.049,90.047,0.30000001192092896,4.999999873689376e-05,20.34032440185547,-0.017470838502049446,20.354188919067383,0.8412318825721741,0.012025091797113419,5.543234348297119,0.0
-51.75082690924624,-74.80441652280749,-60.288196506469866,100.0,56,5600,False,56000,560,10,73b03aedc11d4733ad70480dfb5e4900,2020-03-24_07-09-45,1585033785,9.98928689956665,109.24624586105347,2887,eclipse,137.195.211.213,109.24624586105347,56000,10,28,28696714,0.0,0.0,0.0,10.117981583964632,0.9909865812599966,1.4843449360010885,55040,56000,3432.6,13.318,7313.053,82.482,0.30000001192092896,4.999999873689376e-05,26.700916290283203,-0.014136439189314842,26.712377548217773,0.7802658677101135,0.008926578797399998,5.525774002075195,0.0
-52.47170278813428,-92.60033208333637,-59.16203688601858,100.0,56,5600,False,61600,616,11,73b03aedc11d4733ad70480dfb5e4900,2020-03-24_07-09-55,1585033795,10.070967197418213,119.31721305847168,2887,eclipse,137.195.211.213,119.31721305847168,61600,11,28,28696714,0.0,0.0,0.0,10.123262990804418,0.9930463208073129,1.4843000119019978,60544,61600,2685.883,6.412,7249.959,17.794,0.30000001192092896,4.999999873689376e-05,25.815570831298828,-0.02284403145313263,25.835474014282227,0.7934707999229431,0.009805718436837196,5.528984546661377,0.0
-47.52731671439846,-92.60033208333637,-58.032362849749845,100.0,56,5600,False,67200,672,12,73b03aedc11d4733ad70480dfb5e4900,2020-03-24_07-10-05,1585033805,9.823500394821167,129.14071345329285,2887,eclipse,137.195.211.213,129.14071345329285,67200,12,28,28696714,0.0,0.0,0.0,10.13245918133065,0.994323002635968,1.4846635464201046,66048,67200,2706.561,6.423,7215.671,17.928,0.30000001192092896,4.999999873689376e-05,18.933937072753906,-0.020253721624612808,18.95006561279297,0.8390094637870789,0.013745863921940327,5.510495185852051,0.0
-45.17725632456751,-65.07337152753583,-56.31055564931388,100.0,56,5600,False,72800,728,13,73b03aedc11d4733ad70480dfb5e4900,2020-03-24_07-10-15,1585033815,9.895069122314453,139.0357825756073,2887,eclipse,137.195.211.213,139.0357825756073,72800,13,28,28696714,0.0,0.0,0.0,10.159051616775185,0.9948294681293581,1.4934294770381569,71552,72800,2728.989,6.261,7178.863,17.55,0.30000001192092896,4.999999873689376e-05,17.48546028137207,-0.017849620431661606,17.499704360961914,0.840575098991394,0.012015804648399353,5.510422706604004,0.0
-43.205887053761465,-61.65103456172336,-54.502098180736475,100.0,56,5600,False,78400,784,14,73b03aedc11d4733ad70480dfb5e4900,2020-03-24_07-10-24,1585033824,9.752646446228027,148.78842902183533,2887,eclipse,137.195.211.213,148.78842902183533,78400,14,28,28696714,0.0,0.0,0.0,10.189322528513419,0.9960443046200324,1.5017042809981453,77056,78400,2733.631,5.923,7148.018,16.463,0.30000001192092896,4.999999873689376e-05,15.630542755126953,-0.026006100699305534,15.652334213256836,0.8520727157592773,0.0140469865873456,5.502657413482666,0.0
-41.64007718239289,-61.65103456172336,-53.20587462579182,100.0,56,5600,False,84000,840,15,73b03aedc11d4733ad70480dfb5e4900,2020-03-24_07-10-34,1585033834,9.756215572357178,158.5446445941925,2887,eclipse,137.195.211.213,158.5446445941925,84000,15,28,28696714,0.0,0.0,0.0,10.206764096955764,0.9979530909266657,1.5042277776071327,82560,84000,2737.051,5.945,7114.952,15.79,0.30000001192092896,4.999999873689376e-05,15.458091735839844,-0.016226518899202347,15.470946311950684,0.855492889881134,0.011241638101637363,5.462050914764404,0.0
-41.64007718239289,-60.9064476138429,-52.94175826484433,100.0,56,5600,False,89600,896,16,73b03aedc11d4733ad70480dfb5e4900,2020-03-24_07-10-44,1585033844,9.780869960784912,168.32551455497742,2887,eclipse,137.195.211.213,168.32551455497742,89600,16,28,28696714,0.0,0.0,0.0,10.218818502628292,0.998540493240725,1.5065542983911808,88064,89600,2745.067,6.07,7083.696,15.902,0.30000001192092896,4.999999873689376e-05,17.73405647277832,-0.020693225786089897,17.751094818115234,0.8309096693992615,0.012182295322418213,5.456007480621338,0.0
-34.48448302455756,-59.84603288871977,-52.71769529567512,100.0,56,5600,False,95200,952,17,73b03aedc11d4733ad70480dfb5e4900,2020-03-24_07-10-54,1585033854,10.167803287506104,178.49331784248352,2887,eclipse,137.195.211.213,178.49331784248352,95200,17,28,28696714,0.0,0.0,0.0,10.237828006001992,0.9993096057440886,1.5113304665246767,93568,95200,2773.632,6.311,7072.483,16.001,0.30000001192092896,4.999999873689376e-05,14.985716819763184,-0.02792157605290413,15.008696556091309,0.8602101802825928,0.01647692359983921,5.406581878662109,0.0
-38.0660956055362,-84.86077469128217,-51.058019154753495,100.0,56,5600,False,100800,1008,18,73b03aedc11d4733ad70480dfb5e4900,2020-03-24_07-11-04,1585033864,9.802826166152954,188.29614400863647,2887,eclipse,137.195.211.213,188.29614400863647,100800,18,28,28696714,0.0,0.0,0.0,10.255061224086392,0.9998879551633645,1.5141582260842807,99072,100800,2783.201,6.443,7038.252,16.509,0.30000001192092896,4.999999873689376e-05,31.881324768066406,-0.029627352952957153,31.906890869140625,0.7094964981079102,0.013538957573473454,5.376949787139893,0.0
-34.92254304898569,-57.213276899910376,-49.132332488508645,100.0,56,5600,False,106400,1064,19,73b03aedc11d4733ad70480dfb5e4900,2020-03-24_07-11-14,1585033874,10.107774257659912,198.4039182662964,2887,eclipse,137.195.211.213,198.4039182662964,106400,19,28,28696714,0.0,0.0,0.0,10.27039422362379,0.9997642510415784,1.5172765755546567,104576,106400,2798.22,6.433,7025.954,16.741,0.30000001192092896,4.999999873689376e-05,13.977568626403809,-0.018985802307724953,13.993165016174316,0.8507668972015381,0.01129206083714962,5.381474494934082,0.0
77.23212659239263,-56.663960763112016,-46.19712204215334,100.0,56,5600,False,112000,1120,20,73b03aedc11d4733ad70480dfb5e4900,2020-03-24_07-11-24,1585033884,10.082550048828125,208.4864683151245,2887,eclipse,137.195.211.213,208.4864683151245,112000,20,28,28696714,0.0,0.0,0.0,10.280380890592273,0.9998884287630371,1.5189565880478733,110080,112000,2805.875,6.678,7026.517,17.139,0.30000001192092896,4.999999873689376e-05,96.57616424560547,-0.022587895393371582,96.59351348876953,0.49812471866607666,0.017486460506916046,5.3367204666137695,0.0
77.23212659239263,-182.57753007466826,-46.48565714124409,100.0,56,5600,False,117600,1176,21,73b03aedc11d4733ad70480dfb5e4900,2020-03-24_07-11-34,1585033894,10.076476573944092,218.5629448890686,2887,eclipse,137.195.211.213,218.5629448890686,117600,21,28,28696714,0.0,0.0,0.0,10.282084135363098,0.9995900100835571,1.5172269858303673,115584,117600,2802.355,6.898,7031.312,17.481,0.30000001192092896,4.999999873689376e-05,151.71566772460938,-0.02227681875228882,151.73402404785156,0.33996784687042236,0.013171348720788956,5.340909957885742,0.0
8.763728483290757,-242.80605361839156,-49.2482831166428,100.0,56,5600,False,123200,1232,22,73b03aedc11d4733ad70480dfb5e4900,2020-03-24_07-11-44,1585033904,10.01839828491211,228.5813431739807,2887,eclipse,137.195.211.213,228.5813431739807,123200,22,28,28696714,0.0,0.0,0.0,10.280504958477117,0.9996902495930539,1.5152580649577467,121088,123200,2783.982,6.963,7068.764,17.023,0.30000001192092896,4.999999873689376e-05,330.942138671875,-0.02221331186592579,330.9603576660156,0.21644161641597748,0.013343526981770992,5.345305919647217,0.0
8.763728483290757,-242.80605361839156,-48.30034712923218,100.0,56,5600,False,128800,1288,23,73b03aedc11d4733ad70480dfb5e4900,2020-03-24_07-11-55,1585033915,10.040563344955444,238.62190651893616,2887,eclipse,137.195.211.213,238.62190651893616,128800,23,28,28696714,0.0,0.0,0.0,10.278311755751224,0.99970714775972,1.513253454783091,126592,128800,2758.254,7.058,7105.181,17.361,0.30000001192092896,4.999999873689376e-05,19.419898986816406,-0.026359064504504204,19.44190216064453,0.7728525400161743,0.014522929675877094,5.342898845672607,0.0
-10.863066941364629,-56.16217433368007,-46.71181995317011,100.0,56,5600,False,134400,1344,24,73b03aedc11d4733ad70480dfb5e4900,2020-03-24_07-12-05,1585033925,10.136404514312744,248.7583110332489,2887,eclipse,137.195.211.213,248.7583110332489,134400,24,28,28696714,0.0,0.0,0.0,10.278197491881176,0.9992795699172242,1.5115806301679628,132096,134400,2757.724,7.051,7141.868,17.988,0.30000001192092896,4.999999873689376e-05,26.235326766967773,-0.017454415559768677,26.24869728088379,0.7278171181678772,0.013614910654723644,5.311960697174072,0.0
-10.863066941364629,-55.72250015684581,-46.03284940303582,100.0,56,5600,False,140000,1400,25,73b03aedc11d4733ad70480dfb5e4900,2020-03-24_07-12-15,1585033935,10.159186363220215,258.9174973964691,2887,eclipse,137.195.211.213,258.9174973964691,140000,25,28,28696714,0.0,0.0,0.0,10.27902468222644,0.9992078572825065,1.5097517646157923,137600,140000,2756.362,7.176,7184.067,19.611,0.30000001192092896,4.999999873689376e-05,17.34766960144043,-0.018985789269208908,17.363130569458008,0.7878465056419373,0.011745339259505272,5.316429615020752,0.0
129.7361445970554,-201.54087083201932,-46.18240248489788,100.0,56,5600,False,145600,1456,26,73b03aedc11d4733ad70480dfb5e4900,2020-03-24_07-12-25,1585033945,10.072597742080688,268.9900951385498,2887,eclipse,137.195.211.213,268.9900951385498,145600,26,28,28696714,0.0,0.0,0.0,10.278594569595318,0.9990429655640162,1.5081332014191573,143104,145600,2752.604,6.792,7218.297,19.685,0.30000001192092896,4.999999873689376e-05,391.3504638671875,-0.016561657190322876,391.36297607421875,0.17571254074573517,0.013779357075691223,5.27850866317749,0.0
129.7361445970554,-201.54087083201932,-45.83054293562402,100.0,56,5600,False,151200,1512,27,73b03aedc11d4733ad70480dfb5e4900,2020-03-24_07-12-35,1585033955,10.014044523239136,279.00413966178894,2887,eclipse,137.195.211.213,279.00413966178894,151200,27,28,28696714,0.0,0.0,0.0,10.277844725655576,0.9990573778768322,1.506235086811123,148608,151200,2724.764,6.386,7231.344,19.535,0.30000001192092896,4.999999873689376e-05,18.166088104248047,-0.02068750001490116,18.182111740112305,0.7757477164268494,0.015543363988399506,5.253217697143555,0.0
-22.74495500918836,-57.83229665796553,-46.198739253017365,100.0,56,5600,False,156800,1568,28,73b03aedc11d4733ad70480dfb5e4900,2020-03-24_07-12-45,1585033965,9.979384422302246,288.9835240840912,2887,eclipse,137.195.211.213,288.9835240840912,156800,28,28,28696714,0.0,0.0,0.0,10.277212375894106,0.9993224087568684,1.5048612698535349,154112,156800,2715.604,6.308,7259.708,19.485,0.30000001192092896,4.999999873689376e-05,20.540874481201172,-0.02046588994562626,20.557353973388672,0.7603147029876709,0.013281069695949554,5.238649368286133,0.0
-5.449912338353624,-57.83229665796553,-44.37326547519114,100.0,56,5600,False,162400,1624,29,73b03aedc11d4733ad70480dfb5e4900,2020-03-24_07-12-55,1585033975,10.072781324386597,299.0563054084778,2887,eclipse,137.195.211.213,299.0563054084778,162400,29,28,28696714,0.0,0.0,0.0,10.276710023202645,0.9994321908421537,1.5032227826906905,159616,162400,2695.202,6.107,7275.986,19.485,0.30000001192092896,4.999999873689376e-05,23.481409072875977,-0.016101932153105736,23.49417495727539,0.7388496398925781,0.011120106093585491,5.234001159667969,0.0
-5.449912338353624,-277.12459146367286,-45.715461345970105,100.0,56,5600,False,168000,1680,30,73b03aedc11d4733ad70480dfb5e4900,2020-03-24_07-13-05,1585033985,9.947667598724365,309.00397300720215,2887,eclipse,137.195.211.213,309.00397300720215,168000,30,28,28696714,0.0,0.0,0.0,10.277655555242491,0.9994782503552034,1.5016228624529617,165120,168000,2693.007,6.009,7266.279,19.695,0.30000001192092896,4.999999873689376e-05,401.4338684082031,-0.019746627658605576,401.4494934082031,0.1860838383436203,0.01395347062498331,5.233154773712158,0.0
-12.621080341231147,-277.12459146367286,-44.98108415185906,100.0,56,5600,False,173600,1736,31,73b03aedc11d4733ad70480dfb5e4900,2020-03-24_07-13-15,1585033995,10.153182029724121,319.15715503692627,2887,eclipse,137.195.211.213,319.15715503692627,173600,31,28,28696714,0.0,0.0,0.0,10.28527072340779,0.9990936508276502,1.5012422961385523,170624,173600,2705.283,5.969,7259.931,20.371,0.30000001192092896,4.999999873689376e-05,19.140016555786133,-0.018807468935847282,19.155025482177734,0.7718127965927124,0.01266021654009819,5.229170322418213,0.0
131.46531936125567,-55.29913182931628,-38.834742839044075,100.0,56,5600,False,179200,1792,32,73b03aedc11d4733ad70480dfb5e4900,2020-03-24_07-13-26,1585034006,10.36088490486145,329.5180399417877,2887,eclipse,137.195.211.213,329.5180399417877,179200,32,28,28696714,0.0,0.0,0.0,10.303065147455625,0.9986589723325534,1.5051838676782137,176128,179200,2734.692,5.714,7263.837,20.059,0.30000001192092896,4.999999873689376e-05,199.46604919433594,-0.013983129523694515,199.47581481933594,0.3765620291233063,0.014016279019415379,5.1988935470581055,0.0
131.46531936125567,-55.29913182931628,-37.725722976955254,100.0,56,5600,False,184800,1848,33,73b03aedc11d4733ad70480dfb5e4900,2020-03-24_07-13-36,1585034016,10.02725887298584,339.54529881477356,2887,eclipse,137.195.211.213,339.54529881477356,184800,33,28,28696714,0.0,0.0,0.0,10.31465941995582,0.9984781157274364,1.5074189641334812,181632,184800,2737.531,5.582,7263.014,19.211,0.30000001192092896,4.999999873689376e-05,55.67887496948242,-0.014528454281389713,55.689781188964844,0.6002492308616638,0.01207271683961153,5.189053058624268,0.0
368.913823167757,-53.90311618931974,-35.4872538458518,100.0,56,5600,False,190400,1904,34,73b03aedc11d4733ad70480dfb5e4900,2020-03-24_07-13-46,1585034026,10.075548648834229,349.6208474636078,2887,eclipse,137.195.211.213,349.6208474636078,190400,34,28,28696714,0.0,0.0,0.0,10.314810686930585,0.9985503142221233,1.5056447271575348,187136,190400,2729.928,6.03,7262.931,19.254,0.30000001192092896,4.999999873689376e-05,899.0286865234375,-0.020474428310990334,899.0452270507812,0.21101003885269165,0.012759137898683548,5.155943870544434,0.0
368.913823167757,-214.16041593583432,-38.85172709637309,100.0,56,5600,False,196000,1960,35,73b03aedc11d4733ad70480dfb5e4900,2020-03-24_07-13-56,1585034036,10.10703706741333,359.7278845310211,2887,eclipse,137.195.211.213,359.7278845310211,196000,35,28,28696714,0.0,0.0,0.0,10.31602635892727,0.9985776903247131,1.5046019015204086,192640,196000,2728.574,6.078,7257.62,18.242,0.30000001192092896,4.999999873689376e-05,506.05645751953125,-0.022272180765867233,506.07470703125,0.0177033469080925,0.013259398750960827,5.159430027008057,0.0
55.727759025134084,-151.5618074055802,-39.243052559412206,100.0,56,5600,False,201600,2016,36,73b03aedc11d4733ad70480dfb5e4900,2020-03-24_07-14-06,1585034046,10.150786399841309,369.8786709308624,2887,eclipse,137.195.211.213,369.8786709308624,201600,36,28,28696714,0.0,0.0,0.0,10.318342830919766,0.9985355133980375,1.5036218508119492,198144,201600,2734.091,6.092,7259.53,18.524,0.30000001192092896,4.999999873689376e-05,79.61577606201172,-0.02112681046128273,79.6332015991211,0.5262214541435242,0.012292221188545227,5.117860794067383,0.0
55.727759025134084,-53.07738496117148,-38.18775197227403,100.0,56,5600,False,207200,2072,37,73b03aedc11d4733ad70480dfb5e4900,2020-03-24_07-14-16,1585034056,10.059849500656128,379.93852043151855,2887,eclipse,137.195.211.213,379.93852043151855,207200,37,28,28696714,0.0,0.0,0.0,10.320335511563062,0.9985350305423656,1.5025533003753915,203648,207200,2738.989,6.418,7260.726,18.687,0.30000001192092896,4.999999873689376e-05,19.84912872314453,-0.01979880779981613,19.8653564453125,0.751579225063324,0.011904583312571049,5.122182846069336,0.0
394.70136088957395,-53.858860519629204,-33.13973630821874,100.0,56,5600,False,212800,2128,38,73b03aedc11d4733ad70480dfb5e4900,2020-03-24_07-14-27,1585034067,10.095353603363037,390.0338740348816,2887,eclipse,137.195.211.213,390.0338740348816,212800,38,28,28696714,0.0,0.0,0.0,10.322563202112695,0.9983500190006089,1.5018121808638505,209152,212800,2745.937,6.458,7266.157,18.756,0.30000001192092896,4.999999873689376e-05,1235.1968994140625,-0.02295350283384323,1235.21630859375,0.22457395493984222,0.012324207462370396,5.046630382537842,0.0
274.8676587734759,-53.217221439191036,-28.613851394414848,100.0,56,5600,False,218400,2184,39,73b03aedc11d4733ad70480dfb5e4900,2020-03-24_07-14-37,1585034077,10.209281921386719,400.2431559562683,2887,eclipse,137.195.211.213,400.2431559562683,218400,39,28,28696714,0.0,0.0,0.0,10.325779403209408,0.9981311407603909,1.5010932111884654,214656,218400,2763.022,6.671,7263.023,18.764,0.30000001192092896,4.999999873689376e-05,1114.662109375,-0.022480793297290802,1114.679931640625,0.20138004422187805,0.015229997225105762,5.060114860534668,0.0
274.8676587734759,-363.1914828237548,-31.545210650241625,100.0,56,5600,False,224000,2240,40,73b03aedc11d4733ad70480dfb5e4900,2020-03-24_07-14-47,1585034087,10.118446826934814,410.3616027832031,2887,eclipse,137.195.211.213,410.3616027832031,224000,40,28,28696714,0.0,0.0,0.0,10.329407547374817,0.997783080219899,1.5002366781174816,220160,224000,2772.845,6.665,7266.749,19.007,0.30000001192092896,4.999999873689376e-05,1781.8236083984375,-0.022240648046135902,1781.841796875,0.11987520009279251,0.012865097261965275,5.046670913696289,0.0
208.5678117826585,-363.1914828237548,-37.62678721137141,100.0,56,5600,False,229600,2296,41,73b03aedc11d4733ad70480dfb5e4900,2020-03-24_07-14-57,1585034097,10.03515625,420.3967590332031,2887,eclipse,137.195.211.213,420.3967590332031,229600,41,28,28696714,0.0,0.0,0.0,10.331964624336152,0.9975792907451548,1.4991905234691125,225664,229600,2762.047,6.607,7264.917,18.784,0.30000001192092896,4.999999873689376e-05,41.10079574584961,-0.021113254129886627,41.11748123168945,0.5933292508125305,0.014748346991837025,5.027326583862305,0.0
1489.6608263584067,-55.088126190370765,-16.260019697394704,100.0,56,5600,False,235200,2352,42,73b03aedc11d4733ad70480dfb5e4900,2020-03-24_07-15-07,1585034107,9.99669861793518,430.3934576511383,2887,eclipse,137.195.211.213,430.3934576511383,235200,42,28,28696714,0.01,0.0,1.0,10.337576453149934,0.9973802378831526,1.4986188294696194,231168,235200,2752.309,6.796,7239.379,19.721,0.30000001192092896,4.999999873689376e-05,17241.857421875,-0.018976042047142982,17241.873046875,0.0571121945977211,0.012921548448503017,5.0279154777526855,0.0
2334.0168459892393,-314.7114058982954,27.261655617409165,100.0,56,5600,False,240800,2408,43,73b03aedc11d4733ad70480dfb5e4900,2020-03-24_07-15-17,1585034117,9.888872623443604,440.2823302745819,2887,eclipse,137.195.211.213,440.2823302745819,240800,43,28,28696714,0.03,0.0,1.0,10.345661523621015,0.9976273977619976,1.4989491824612367,236672,240800,2766.035,6.991,7211.506,19.69,0.30000001192092896,4.999999873689376e-05,44026.046875,-0.022254301235079765,44026.06640625,0.040084801614284515,0.014080940745770931,4.969612121582031,0.0
2334.0168459892393,-366.0723816470257,13.361212524115977,100.0,56,5600,False,246400,2464,44,73b03aedc11d4733ad70480dfb5e4900,2020-03-24_07-15-27,1585034127,9.799602031707764,450.0819323062897,2887,eclipse,137.195.211.213,450.0819323062897,246400,44,28,28696714,0.02,0.0,1.0,10.355571988320811,0.9981676010683705,1.5005471329695905,242176,246400,2784.561,6.388,7167.61,19.226,0.30000001192092896,4.999999873689376e-05,1912.6060791015625,-0.02557995170354843,1912.6275634765625,0.2561233937740326,0.014533662237226963,4.994163513183594,0.0
386.1899230864251,-366.0723816470257,-23.418002460986017,100.0,56,5600,False,252000,2520,45,73b03aedc11d4733ad70480dfb5e4900,2020-03-24_07-15-37,1585034137,9.825673818588257,459.90760612487793,2887,eclipse,137.195.211.213,459.90760612487793,252000,45,28,28696714,0.01,0.0,1.0,10.365468733001867,0.9984534120645492,1.5019455956398693,247680,252000,2791.653,6.53,7134.16,19.91,0.30000001192092896,4.999999873689376e-05,1374.575927734375,-0.022804945707321167,1374.593994140625,0.14534637331962585,0.015817295759916306,4.943190097808838,0.0
692.6792997947875,-226.9596692620123,-9.572616548474945,100.0,56,5600,False,257600,2576,46,73b03aedc11d4733ad70480dfb5e4900,2020-03-24_07-15-47,1585034147,9.98334527015686,469.8909513950348,2887,eclipse,137.195.211.213,469.8909513950348,257600,46,28,28696714,0.01,0.0,1.0,10.374156078686502,0.9985696925041876,1.5027109322770924,253184,257600,2795.89,6.825,7110.048,19.461,0.30000001192092896,4.999999873689376e-05,4825.45654296875,-0.02340134046971798,4825.4755859375,0.19829949736595154,0.014523793011903763,4.9425578117370605,0.0
867.8918769617048,-226.9596692620123,-3.3951905784361314,100.0,56,5600,False,263200,2632,47,73b03aedc11d4733ad70480dfb5e4900,2020-03-24_07-15-57,1585034157,10.253053426742554,480.14400482177734,2887,eclipse,137.195.211.213,480.14400482177734,263200,47,28,28696714,0.0,0.0,0.0,10.392312475038977,0.9989645939083533,1.505405481878291,258688,263200,2846.129,6.875,7078.839,19.359,0.30000001192092896,4.999999873689376e-05,5593.40625,-0.02086579240858555,5593.423828125,0.17473812401294708,0.012079812586307526,4.884915351867676,0.0
867.8918769617048,-53.91747569304976,-12.57940825313538,100.0,56,5600,False,268800,2688,48,73b03aedc11d4733ad70480dfb5e4900,2020-03-24_07-16-07,1585034167,10.041363716125488,490.18536853790283,2887,eclipse,137.195.211.213,490.18536853790283,268800,48,28,28696714,0.0,0.0,0.0,10.408984864734443,0.9991154897515193,1.507623440146669,264192,268800,2873.755,6.991,7045.042,19.308,0.30000001192092896,4.999999873689376e-05,964.9304809570312,-0.017335429787635803,964.943603515625,0.3290606737136841,0.014331220649182796,4.897597312927246,0.0
742.1980574381236,-254.03382263285346,-22.040351928020563,100.0,56,5600,False,274400,2744,49,73b03aedc11d4733ad70480dfb5e4900,2020-03-24_07-16-17,1585034177,10.13375449180603,500.31912302970886,2887,eclipse,137.195.211.213,500.31912302970886,274400,49,28,28696714,0.0,0.0,0.0,10.416936801955696,0.9991957745572576,1.5086360630156657,269696,274400,2868.569,6.569,7043.28,18.116,0.30000001192092896,4.999999873689376e-05,3644.96044921875,-0.022135529667139053,3644.978515625,0.23117859661579132,0.014378094114363194,4.901273250579834,0.0
742.1980574381236,-132.30803789866417,-8.100818421023432,100.0,56,5600,False,280000,2800,50,73b03aedc11d4733ad70480dfb5e4900,2020-03-24_07-16-28,1585034188,10.250956058502197,510.57007908821106,2887,eclipse,137.195.211.213,510.57007908821106,280000,50,28,28696714,0.0,0.0,0.0,10.42209702702583,0.9992234097941319,1.5084901190253137,275200,280000,2873.985,6.751,7052.39,17.923,0.30000001192092896,4.999999873689376e-05,2474.993408203125,-0.015928098931908607,2475.005126953125,0.2251325398683548,0.014791375957429409,4.854862689971924,0.0
451.26438293734356,-254.70818718687954,-14.990560416912535,100.0,56,5600,False,285600,2856,51,73b03aedc11d4733ad70480dfb5e4900,2020-03-24_07-16-38,1585034198,10.088433504104614,520.6585125923157,2887,eclipse,137.195.211.213,520.6585125923157,285600,51,28,28696714,0.0,0.0,0.0,10.425758482195961,0.999035608582559,1.5079821099439132,280704,285600,2879.568,6.6,7052.425,17.822,0.30000001192092896,4.999999873689376e-05,1811.985107421875,-0.02689816802740097,1812.0078125,0.25424522161483765,0.014187054708600044,4.852437496185303,0.0
451.9472237031467,-254.70818718687954,-11.317446429235906,100.0,56,5600,False,291200,2912,52,73b03aedc11d4733ad70480dfb5e4900,2020-03-24_07-16-48,1585034208,10.153511047363281,530.812023639679,2887,eclipse,137.195.211.213,530.812023639679,291200,52,28,28696714,0.0,0.0,0.0,10.42862529441949,0.9986177369037573,1.5074996472754822,286208,291200,2867.301,6.812,7078.58,17.908,0.30000001192092896,4.999999873689376e-05,3183.997802734375,-0.019469156861305237,3184.0126953125,0.16286301612854004,0.015012823976576328,4.764369487762451,0.0
451.9472237031467,-127.67448704482351,-10.633992245382357,100.0,56,5600,False,296800,2968,53,73b03aedc11d4733ad70480dfb5e4900,2020-03-24_07-16-58,1585034218,10.16637897491455,540.9784026145935,2887,eclipse,137.195.211.213,540.9784026145935,296800,53,28,28696714,0.0,0.0,0.0,10.430516922722292,0.9983804181215612,1.5069254185376835,291712,296800,2860.671,6.83,7111.521,18.756,0.30000001192092896,4.999999873689376e-05,2924.206298828125,-0.024636268615722656,2924.22607421875,0.0034908431116491556,0.01703338883817196,4.749742031097412,0.0
1823.7434862036646,-127.67448704482351,5.549289444120185,100.0,56,5600,False,302400,3024,54,73b03aedc11d4733ad70480dfb5e4900,2020-03-24_07-17-09,1585034229,10.270750284194946,551.2491528987885,2887,eclipse,137.195.211.213,551.2491528987885,302400,54,28,28696714,0.01,0.0,1.0,10.432935277490671,0.998213694001791,1.506207890974219,297216,302400,2865.522,7.106,7153.629,18.649,0.30000001192092896,4.999999873689376e-05,26258.63671875,-0.024277465417981148,26258.65625,0.08373313397169113,0.01589137129485607,4.737640857696533,0.0
1823.7434862036646,-52.94908400750157,5.700282771222101,100.0,56,5600,False,308000,3080,55,73b03aedc11d4733ad70480dfb5e4900,2020-03-24_07-17-19,1585034239,10.075313091278076,561.3244659900665,2887,eclipse,137.195.211.213,561.3244659900665,308000,55,28,28696714,0.01,0.0,1.0,10.43612156568857,0.9979826595977218,1.505454337306262,302720,308000,2858.603,6.736,7185.859,18.876,0.30000001192092896,4.999999873689376e-05,2699.13134765625,-0.019263995811343193,2699.146484375,0.08417180180549622,0.013808355666697025,4.808373928070068,0.0
665.4424132013054,-270.4690537585317,-29.241626517296005,100.0,56,5600,False,313600,3136,56,73b03aedc11d4733ad70480dfb5e4900,2020-03-24_07-17-29,1585034249,10.163279294967651,571.4877452850342,2887,eclipse,137.195.211.213,571.4877452850342,313600,56,28,28696714,0.0,0.0,0.0,10.43907531970754,0.9977872567994038,1.5048244972636309,308224,313600,2852.244,6.593,7211.956,19.014,0.30000001192092896,4.999999873689376e-05,558.1400756835938,-0.023527663201093674,558.1591796875,0.036436617374420166,0.015057727694511414,4.778415203094482,0.0
2784.8260617289516,-270.4690537585317,29.320238006743217,100.0,56,5600,False,319200,3192,57,73b03aedc11d4733ad70480dfb5e4900,2020-03-24_07-17-39,1585034259,10.088197469711304,581.5759427547455,2887,eclipse,137.195.211.213,581.5759427547455,319200,57,28,28696714,0.03,0.0,1.0,10.440206659482477,0.9976790397974951,1.5041288034501048,313728,319200,2806.319,6.687,7238.577,20.023,0.30000001192092896,4.999999873689376e-05,71768.3125,-0.030220722779631615,71768.328125,0.0686136931180954,0.016556860879063606,4.764609336853027,0.0
2784.8260617289516,-51.90020076285233,21.015287672283563,100.0,56,5600,False,324800,3248,58,73b03aedc11d4733ad70480dfb5e4900,2020-03-24_07-17-49,1585034269,10.142749786376953,591.7186925411224,2887,eclipse,137.195.211.213,591.7186925411224,324800,58,28,28696714,0.04,0.0,1.0,10.441814989869172,0.9978420453165711,1.5036865080072712,319232,324800,2782.739,6.546,7272.75,20.239,0.30000001192092896,4.999999873689376e-05,96.1099624633789,-0.021104538813233376,96.12615966796875,0.5221267342567444,0.016358954831957817,4.696751117706299,0.0
708.2778181993036,-51.90020076285233,-9.701151732695783,100.0,56,5600,False,330400,3304,59,73b03aedc11d4733ad70480dfb5e4900,2020-03-24_07-17-59,1585034279,10.007963418960571,601.726655960083,2887,eclipse,137.195.211.213,601.726655960083,330400,59,28,28696714,0.01,0.0,1.0,10.443908716764357,0.9977497727554683,1.5029715666416303,324736,330400,2783.267,6.495,7259.764,20.089,0.30000001192092896,4.999999873689376e-05,6124.91552734375,-0.024655450135469437,6124.93603515625,0.19484570622444153,0.016143471002578735,4.660694599151611,0.0
708.2778181993036,-406.3502831416084,-9.184663463948304,100.0,56,5600,False,336000,3360,60,73b03aedc11d4733ad70480dfb5e4900,2020-03-24_07-18-09,1585034289,9.979899644851685,611.7065556049347,2887,eclipse,137.195.211.213,611.7065556049347,336000,60,28,28696714,0.0,0.0,0.0,10.4453011471711,0.99755890593635,1.5020525150413573,330240,336000,2779.162,6.271,7239.647,18.896,0.30000001192092896,4.999999873689376e-05,3740.3994140625,-0.028239773586392403,3740.42431640625,0.10674352198839188,0.013963348232209682,4.63878059387207,0.0
890.6587669655806,-406.3502831416084,-7.981770775648991,100.0,56,5600,False,341600,3416,61,73b03aedc11d4733ad70480dfb5e4900,2020-03-24_07-18-19,1585034299,10.166146278381348,621.872701883316,2887,eclipse,137.195.211.213,621.872701883316,341600,61,28,28696714,0.0,0.0,0.0,10.446516640553595,0.9974815296516576,1.5013858499575048,335744,341600,2788.189,6.511,7238.569,19.001,0.30000001192092896,4.999999873689376e-05,8830.1708984375,-0.018503230065107346,8830.185546875,0.12684519588947296,0.013374282978475094,4.685569763183594,0.0
1455.411150280456,-507.3455762166139,13.450784169226381,100.0,56,5600,False,347200,3472,62,73b03aedc11d4733ad70480dfb5e4900,2020-03-24_07-18-30,1585034310,10.007838249206543,631.8805401325226,2887,eclipse,137.195.211.213,631.8805401325226,347200,62,28,28696714,0.01,0.0,1.0,10.44722327456791,0.9973024963290694,1.5007666921229292,341248,347200,2785.908,6.264,7227.768,18.593,0.30000001192092896,4.999999873689376e-05,19297.35546875,-0.025422057136893272,19297.376953125,0.08069909363985062,0.01504663098603487,4.60136604309082,0.0
880.5453260994656,-507.3455762166139,0.567259470167298,100.0,56,5600,False,352800,3528,63,73b03aedc11d4733ad70480dfb5e4900,2020-03-24_07-18-40,1585034320,10.203277349472046,642.0838174819946,2887,eclipse,137.195.211.213,642.0838174819946,352800,63,28,28696714,0.0,0.0,0.0,10.4488076189457,0.9970292628644347,1.5002006823107346,346752,352800,2793.369,6.086,7224.524,18.267,0.30000001192092896,4.999999873689376e-05,8492.58984375,-0.023997114971280098,8492.607421875,0.17356358468532562,0.016376962885260582,4.616919040679932,0.0
880.5453260994656,-455.25222529887,9.819631050822533,100.0,56,5600,False,358400,3584,64,73b03aedc11d4733ad70480dfb5e4900,2020-03-24_07-18-50,1585034330,10.141052484512329,652.224869966507,2887,eclipse,137.195.211.213,652.224869966507,358400,64,28,28696714,0.0,0.0,0.0,10.451164054283732,0.9968344084771917,1.4996216001241036,352256,358400,2785.06,6.05,7220.786,18.261,0.30000001192092896,4.999999873689376e-05,5058.13427734375,-0.02417786233127117,5058.154296875,0.23956593871116638,0.013143877498805523,4.567660331726074,0.0
1150.7853342501237,-147.52690029442135,18.707343483518567,100.0,56,5600,False,364000,3640,65,73b03aedc11d4733ad70480dfb5e4900,2020-03-24_07-19-00,1585034340,10.097992181777954,662.3228621482849,2887,eclipse,137.195.211.213,662.3228621482849,364000,65,28,28696714,0.0,0.0,0.0,10.454425941249884,0.9967608706466088,1.4991625267676778,357760,364000,2789.783,5.843,7217.753,17.911,0.30000001192092896,4.999999873689376e-05,8930.6162109375,-0.021166875958442688,8930.6337890625,0.22628265619277954,0.01516776718199253,4.630000114440918,0.0
1150.7853342501237,-335.9662854495886,-9.812321527620178,100.0,56,5600,False,369600,3696,66,73b03aedc11d4733ad70480dfb5e4900,2020-03-24_07-19-10,1585034350,10.179323673248291,672.5021858215332,2887,eclipse,137.195.211.213,672.5021858215332,369600,66,28,28696714,0.0,0.0,0.0,10.45668137218305,0.9965549896619622,1.4985849963642648,363264,369600,2792.022,5.864,7216.319,17.015,0.30000001192092896,4.999999873689376e-05,2959.737548828125,-0.025937722995877266,2959.75927734375,-0.12417418509721756,0.014236572198569775,4.738702297210693,0.0
1635.9449184612224,-467.6462853177738,20.28459040568426,100.0,56,5600,False,375200,3752,67,73b03aedc11d4733ad70480dfb5e4900,2020-03-24_07-19-21,1585034361,10.171573162078857,682.6737589836121,2887,eclipse,137.195.211.213,682.6737589836121,375200,67,28,28696714,0.01,0.0,1.0,10.458473278109718,0.9963932974191496,1.4979086940651851,368768,375200,2797.111,5.831,7221.835,16.01,0.30000001192092896,4.999999873689376e-05,37847.2265625,-0.028525834903120995,37847.25,0.11342691630125046,0.016116566956043243,4.529769420623779,0.0
1635.9449184612224,-467.6462853177738,36.564725726366106,100.0,56,5600,False,380800,3808,68,73b03aedc11d4733ad70480dfb5e4900,2020-03-24_07-19-31,1585034371,10.206659078598022,692.8804180622101,2887,eclipse,137.195.211.213,692.8804180622101,380800,68,28,28696714,0.01,0.0,1.0,10.462033183143406,0.9962858474517653,1.497476925595634,374272,380800,2806.675,5.888,7217.436,14.91,0.30000001192092896,4.999999873689376e-05,9343.53125,-0.017293330281972885,9343.5439453125,0.26740434765815735,0.01576099917292595,4.587098121643066,0.0
1017.8901078675526,-107.25025373369853,44.19919010080076,100.0,56,5600,False,386400,3864,69,73b03aedc11d4733ad70480dfb5e4900,2020-03-24_07-19-41,1585034381,10.27529501914978,703.1557130813599,2887,eclipse,137.195.211.213,703.1557130813599,386400,69,28,28696714,0.01,0.0,1.0,10.465206920580751,0.9961146842517278,1.4969079149903204,379776,386400,2817.233,6.206,7232.38,15.613,0.30000001192092896,4.999999873689376e-05,15182.916015625,-0.02165175788104534,15182.93359375,0.18986038863658905,0.016054373234510422,4.61490535736084,0.0
1679.9377114117572,-107.25025373369853,62.21345408847976,100.0,56,5600,False,392000,3920,70,73b03aedc11d4733ad70480dfb5e4900,2020-03-24_07-19-51,1585034391,10.28757929801941,713.4432923793793,2887,eclipse,137.195.211.213,713.4432923793793,392000,70,28,28696714,0.01,0.0,1.0,10.469484872123807,0.9959736390363362,1.496343202546471,385280,392000,2829.147,6.183,7247.446,17.11,0.30000001192092896,4.999999873689376e-05,21255.224609375,-0.02251059003174305,21255.2421875,0.181339293718338,0.017096269875764847,4.417203903198242,0.0
1679.9377114117572,-52.61961108451793,38.054827093669154,100.0,56,5600,False,397600,3976,71,73b03aedc11d4733ad70480dfb5e4900,2020-03-24_07-20-02,1585034402,10.228919982910156,723.6722123622894,2887,eclipse,137.195.211.213,723.6722123622894,397600,71,28,28696714,0.0,0.0,0.0,10.473812915471164,0.9958436486167014,1.4960766326991648,390784,397600,2822.838,6.103,7259.787,17.047,0.30000001192092896,4.999999873689376e-05,10500.9658203125,-0.023289673030376434,10500.9833984375,0.18058845400810242,0.014342212118208408,4.548147201538086,0.0
1428.2374772706528,-54.427133521948356,45.79633855698502,100.0,56,5600,False,403200,4032,72,73b03aedc11d4733ad70480dfb5e4900,2020-03-24_07-20-12,1585034412,10.105290651321411,733.7775030136108,2887,eclipse,137.195.211.213,733.7775030136108,403200,72,28,28696714,0.0,0.0,0.0,10.47754348163182,0.9957596350929906,1.4961495859708223,396288,403200,2855.235,6.23,7235.411,17.569,0.30000001192092896,4.999999873689376e-05,20232.072265625,-0.027939017862081528,20232.095703125,0.2902762293815613,0.014131366275250912,4.618314743041992,0.0
1340.1681042795828,-54.427133521948356,40.050043261824456,100.0,56,5600,False,408800,4088,73,73b03aedc11d4733ad70480dfb5e4900,2020-03-24_07-20-22,1585034422,10.013605117797852,743.7911081314087,2887,eclipse,137.195.211.213,743.7911081314087,408800,73,28,28696714,0.0,0.0,0.0,10.482505307335662,0.9959410290677062,1.4965464737987473,401792,408800,2876.328,6.256,7195.143,17.421,0.30000001192092896,4.999999873689376e-05,9564.779296875,-0.02550474926829338,9564.8017578125,0.3077136278152466,0.0132993683218956,4.570301055908203,0.0
1941.9516612947266,-405.54270114610887,67.56872484589867,100.0,56,5600,False,414400,4144,74,73b03aedc11d4733ad70480dfb5e4900,2020-03-24_07-20-32,1585034432,9.910768270492554,753.7018764019012,2887,eclipse,137.195.211.213,753.7018764019012,414400,74,28,28696714,0.01,0.0,1.0,10.489581880474216,0.9959304516647987,1.4972016043803231,407296,414400,2885.525,6.164,7163.949,17.628,0.30000001192092896,4.999999873689376e-05,37873.90234375,-0.025553664192557335,37873.92578125,0.21728752553462982,0.01694781892001629,4.441694736480713,0.0
1941.9516612947266,-405.54270114610887,72.10808436845659,100.0,56,5600,False,420000,4200,75,73b03aedc11d4733ad70480dfb5e4900,2020-03-24_07-20-42,1585034442,9.920864343643188,763.6227407455444,2887,eclipse,137.195.211.213,763.6227407455444,420000,75,28,28696714,0.02,0.0,1.0,10.495644924239812,0.9959695417901817,1.497953482308951,412800,420000,2901.52,6.352,7132.84,17.051,0.30000001192092896,4.999999873689376e-05,10414.0556640625,-0.024696236476302147,10414.0751953125,0.4000529944896698,0.013209635391831398,4.518528938293457,0.0
1300.8912168003792,-162.8537087968114,75.52145402970923,100.0,56,5600,False,425600,4256,76,73b03aedc11d4733ad70480dfb5e4900,2020-03-24_07-20-52,1585034452,10.111793994903564,773.734534740448,2887,eclipse,137.195.211.213,773.734534740448,425600,76,28,28696714,0.03,0.0,1.0,10.501501818419507,0.9961499958567193,1.4984275089432555,418304,425600,2926.88,6.331,7104.5,17.735,0.30000001192092896,4.999999873689376e-05,23212.642578125,-0.021794339641928673,23212.658203125,0.24160136282444,0.015079427510499954,4.5697150230407715,0.0
1377.493541669143,-385.9979780866629,56.7691467769732,100.0,56,5600,False,431200,4312,77,73b03aedc11d4733ad70480dfb5e4900,2020-03-24_07-21-02,1585034462,9.974969863891602,783.7095046043396,2887,eclipse,137.195.211.213,783.7095046043396,431200,77,28,28696714,0.02,0.0,1.0,10.507866181971663,0.9963297786060101,1.499029819490331,423808,431200,2942.728,6.165,7068.612,17.698,0.30000001192092896,4.999999873689376e-05,15792.6669921875,-0.024151289835572243,15792.6865234375,0.28590795397758484,0.016775183379650116,4.523625373840332,0.0
1377.493541669143,-385.9979780866629,70.43205832046732,100.0,56,5600,False,436800,4368,78,73b03aedc11d4733ad70480dfb5e4900,2020-03-24_07-21-12,1585034472,10.125641584396362,793.835146188736,2887,eclipse,137.195.211.213,793.835146188736,436800,78,28,28696714,0.0,0.0,0.0,10.513268497375734,0.9965767433177392,1.4993941068174035,429312,436800,2947.626,6.358,7056.173,17.954,0.30000001192092896,4.999999873689376e-05,16458.263671875,-0.02507168985903263,16458.28125,0.2878863215446472,0.014490996487438679,4.514780044555664,0.0
1237.6594056794581,-537.5742335152793,52.168339796075614,100.0,56,5600,False,442400,4424,79,73b03aedc11d4733ad70480dfb5e4900,2020-03-24_07-21-22,1585034482,10.172308683395386,804.0074548721313,2887,eclipse,137.195.211.213,804.0074548721313,442400,79,28,28696714,0.0,0.0,0.0,10.51593643281968,0.9966313413677821,1.4992562994755139,434816,442400,2940.846,6.462,7053.886,17.797,0.30000001192092896,4.999999873689376e-05,10329.546875,-0.027286874130368233,10329.568359375,0.2808789610862732,0.01375624630600214,4.547122955322266,0.0
1237.6594056794581,-537.5742335152793,50.487571453122534,100.0,56,5600,False,448000,4480,80,73b03aedc11d4733ad70480dfb5e4900,2020-03-24_07-21-33,1585034493,10.182498693466187,814.1899535655975,2887,eclipse,137.195.211.213,814.1899535655975,448000,80,28,28696714,0.0,0.0,0.0,10.517047064158094,0.9965420680170294,1.4987021859908685,440320,448000,2937.82,6.657,7048.785,17.876,0.30000001192092896,4.999999873689376e-05,18718.046875,-0.030452167615294456,18718.072265625,0.29628393054008484,0.013872181065380573,4.684805393218994,0.0
1967.3957238215946,-55.17479494131047,89.79669284032157,100.0,56,5600,False,453600,4536,81,73b03aedc11d4733ad70480dfb5e4900,2020-03-24_07-21-43,1585034503,10.166528940200806,824.3564825057983,2887,eclipse,137.195.211.213,824.3564825057983,453600,81,28,28696714,0.02,0.0,1.0,10.518585609821342,0.9965184209276056,1.4980663257567068,445824,453600,2940.735,6.485,7041.894,17.334,0.30000001192092896,4.999999873689376e-05,42855.4609375,-0.028975430876016617,42855.484375,0.2160692811012268,0.01796591468155384,4.708704948425293,0.0
1967.3957238215946,-55.17479494131047,119.86903890304801,100.0,56,5600,False,459200,4592,82,73b03aedc11d4733ad70480dfb5e4900,2020-03-24_07-21-53,1585034513,10.286565065383911,834.6430475711823,2887,eclipse,137.195.211.213,834.6430475711823,459200,82,28,28696714,0.05,0.0,1.0,10.520947449650945,0.9964602552201726,1.4975061591546068,451328,459200,2928.843,6.525,7071.748,17.075,0.30000001192092896,4.999999873689376e-05,29654.5234375,-0.024228889495134354,29654.541015625,0.3149438798427582,0.01486104167997837,4.324519634246826,0.0
1537.1788077433016,-55.02262278277661,111.33442430935102,100.0,56,5600,False,464800,4648,83,73b03aedc11d4733ad70480dfb5e4900,2020-03-24_07-22-04,1585034524,10.236265897750854,844.8793134689331,2887,eclipse,137.195.211.213,844.8793134689331,464800,83,28,28696714,0.04,0.0,1.0,10.524415811127287,0.9964125763906633,1.4973768146463342,456832,464800,2910.802,6.456,7112.962,17.252,0.30000001192092896,4.999999873689376e-05,14000.6513671875,-0.021614015102386475,14000.6689453125,0.3291440010070801,0.01380961760878563,4.40946626663208,0.0
1431.4488099975952,-473.0356183744793,98.26732756592702,100.0,56,5600,False,470400,4704,84,73b03aedc11d4733ad70480dfb5e4900,2020-03-24_07-22-14,1585034534,10.46119737625122,855.3405108451843,2887,eclipse,137.195.211.213,855.3405108451843,470400,84,28,28696714,0.0,0.0,0.0,10.528464515442336,0.996176589375882,1.4971396496067688,462336,470400,2927.322,6.544,7149.056,17.555,0.30000001192092896,4.999999873689376e-05,34891.015625,-0.032454561442136765,34891.0390625,0.31226226687431335,0.019348720088601112,4.301742076873779,0.0
1431.4488099975952,-473.0356183744793,113.97653748007352,100.0,56,5600,False,476000,4760,85,73b03aedc11d4733ad70480dfb5e4900,2020-03-24_07-22-24,1585034544,10.206739664077759,865.5472505092621,2887,eclipse,137.195.211.213,865.5472505092621,476000,85,28,28696714,0.01,0.0,1.0,10.530971116663189,0.9959077334392628,1.49681771340865,467840,476000,2915.136,6.531,7185.942,18.58,0.30000001192092896,4.999999873689376e-05,14109.3935546875,-0.022295570001006126,14109.4130859375,0.3289611041545868,0.015796571969985962,4.4657769203186035,0.0
1699.6422053623357,-57.137433641278214,114.15824414153272,100.0,56,5600,False,481600,4816,86,73b03aedc11d4733ad70480dfb5e4900,2020-03-24_07-22-35,1585034555,10.344022512435913,875.891273021698,2887,eclipse,137.195.211.213,875.891273021698,481600,86,28,28696714,0.02,0.0,1.0,10.532348240243264,0.9957642300577522,1.4964694175649313,473344,481600,2907.328,6.654,7214.953,18.491,0.30000001192092896,4.999999873689376e-05,29965.35546875,-0.021415723487734795,29965.373046875,0.3456839919090271,0.01764744147658348,4.38785982131958,0.0
1699.6422053623357,-264.37783734857885,131.43534027518203,100.0,56,5600,False,487200,4872,87,73b03aedc11d4733ad70480dfb5e4900,2020-03-24_07-22-45,1585034565,10.223917007446289,886.1151900291443,2887,eclipse,137.195.211.213,886.1151900291443,487200,87,28,28696714,0.02,0.0,1.0,10.535201138128864,0.9956253835294356,1.4959299649577558,478848,487200,2901.662,6.519,7247.988,18.158,0.30000001192092896,4.999999873689376e-05,28785.873046875,-0.0279350858181715,28785.892578125,0.33738973736763,0.016339745372533798,4.29067325592041,0.0
1428.4869717064068,-262.8957649423221,102.9878050177844,100.0,56,5600,False,492800,4928,88,73b03aedc11d4733ad70480dfb5e4900,2020-03-24_07-22-55,1585034575,10.187692403793335,896.3028824329376,2887,eclipse,137.195.211.213,896.3028824329376,492800,88,28,28696714,0.01,0.0,1.0,10.536751747321723,0.995549480891477,1.4953064274877732,484352,492800,2892.347,6.074,7264.369,18.652,0.30000001192092896,4.999999873689376e-05,19415.435546875,-0.022784478962421417,19415.453125,0.3210870325565338,0.013180652633309364,4.501398086547852,0.0
2213.7809903281027,-262.8957649423221,137.7913266623329,100.0,56,5600,False,498400,4984,89,73b03aedc11d4733ad70480dfb5e4900,2020-03-24_07-23-05,1585034585,10.155785322189331,906.458667755127,2887,eclipse,137.195.211.213,906.458667755127,498400,89,28,28696714,0.02,0.0,1.0,10.538959882909339,0.9954633431873561,1.4947372605574656,489856,498400,2894.763,6.023,7259.09,18.688,0.30000001192092896,4.999999873689376e-05,54621.64453125,-0.022480139508843422,54621.65625,0.2565889060497284,0.01809353567659855,4.149623394012451,0.0
2213.7809903281027,-414.2776511410895,182.5084079719066,100.0,56,5600,False,504000,5040,90,73b03aedc11d4733ad70480dfb5e4900,2020-03-24_07-23-16,1585034596,10.43851113319397,916.8971788883209,2887,eclipse,137.195.211.213,916.8971788883209,504000,90,28,28696714,0.04,0.0,1.0,10.544022552875983,0.9955211043329066,1.4950945058679792,495360,504000,2921.06,5.756,7257.57,18.402,0.30000001192092896,4.999999873689376e-05,56635.99609375,-0.02211151085793972,56636.015625,0.32697775959968567,0.014579233713448048,4.277848720550537,0.0
1917.6439378376608,-392.4148106257596,189.1553911132121,100.0,56,5600,False,509600,5096,91,73b03aedc11d4733ad70480dfb5e4900,2020-03-24_07-23-26,1585034606,10.306025505065918,927.2032043933868,2887,eclipse,137.195.211.213,927.2032043933868,509600,91,28,28696714,0.03,0.0,1.0,10.548760401734308,0.995461310442592,1.4954149909718284,500864,509600,2936.98,5.765,7255.231,19.087,0.30000001192092896,4.999999873689376e-05,34622.21484375,-0.03068792074918747,34622.2421875,0.3062526285648346,0.01671823486685753,4.261895656585693,0.0
1981.760397584494,-447.03939648154477,123.78094301778789,100.0,56,5600,False,515200,5152,92,73b03aedc11d4733ad70480dfb5e4900,2020-03-24_07-23-37,1585034617,10.465051651000977,937.6682560443878,2887,eclipse,137.195.211.213,937.6682560443878,515200,92,28,28696714,0.0,0.0,0.0,10.551069007241885,0.9952287702901046,1.495066145353561,506368,515200,2946.313,5.67,7264.936,17.753,0.30000001192092896,4.999999873689376e-05,36133.52734375,-0.02357516810297966,36133.546875,0.3499324321746826,0.01683669537305832,4.3800950050354,0.0
1981.760397584494,-523.3067614354411,93.31379902988998,100.0,56,5600,False,520800,5208,93,73b03aedc11d4733ad70480dfb5e4900,2020-03-24_07-23-47,1585034627,10.226948738098145,947.895204782486,2887,eclipse,137.195.211.213,947.895204782486,520800,93,28,28696714,0.0,0.0,0.0,10.552772133828434,0.9951435636057071,1.4945105113944543,511872,520800,2951.755,5.739,7258.601,18.052,0.30000001192092896,4.999999873689376e-05,28106.451171875,-0.029811721295118332,28106.4765625,0.28007280826568604,0.01627063937485218,4.337760925292969,0.0
1846.3712915915191,-574.7844894043446,152.01922050831558,100.0,56,5600,False,526400,5264,94,73b03aedc11d4733ad70480dfb5e4900,2020-03-24_07-23-57,1585034637,10.360660552978516,958.2558653354645,2887,eclipse,137.195.211.213,958.2558653354645,526400,94,28,28696714,0.01,0.0,1.0,10.55550719004886,0.9951357691942158,1.4939582080381661,517376,526400,2943.05,5.679,7257.696,17.549,0.30000001192092896,4.999999873689376e-05,43550.07421875,-0.02355039305984974,43550.09765625,0.37423327565193176,0.02042941190302372,4.173526287078857,0.0
2035.1881539532455,-574.7844894043446,176.28338202652552,100.0,56,5600,False,532000,5320,95,73b03aedc11d4733ad70480dfb5e4900,2020-03-24_07-24-08,1585034648,10.266891956329346,968.5227572917938,2887,eclipse,137.195.211.213,968.5227572917938,532000,95,28,28696714,0.0,0.0,0.0,10.558669905414902,0.9950545569711116,1.4934342867794907,522880,532000,2952.223,5.727,7255.751,17.505,0.44999998807907104,4.999999873689376e-05,42537.69921875,-0.024972721934318542,42537.71875,0.34996747970581055,0.014462620951235294,4.16413688659668,0.0
2035.1881539532455,-506.6377109320706,133.22329420011718,100.0,56,5600,False,537600,5376,96,73b03aedc11d4733ad70480dfb5e4900,2020-03-24_07-24-18,1585034658,10.317606687545776,978.8403639793396,2887,eclipse,137.195.211.213,978.8403639793396,537600,96,28,28696714,0.0,0.0,0.0,10.560938052254947,0.9948922336433994,1.492887319817052,528384,537600,2948.56,5.645,7255.987,17.503,0.44999998807907104,4.999999873689376e-05,21824.46875,-0.022479450330138206,21824.486328125,0.506184458732605,0.012922104448080063,4.2804155349731445,0.0
1724.2495610714072,-56.059290587917666,139.47264662305787,100.0,56,5600,False,543200,5432,97,73b03aedc11d4733ad70480dfb5e4900,2020-03-24_07-24-28,1585034668,10.189887285232544,989.0302512645721,2887,eclipse,137.195.211.213,989.0302512645721,543200,97,28,28696714,0.0,0.0,0.0,10.562260494164647,0.9949042107799367,1.4923406315103565,533888,543200,2941.857,5.951,7255.864,18.384,0.44999998807907104,4.999999873689376e-05,41826.17578125,-0.025464029982686043,41826.1875,0.32521817088127136,0.014139975421130657,4.1321258544921875,0.0
1819.7405542059748,-119.31772674566496,157.67731702570165,100.0,56,5600,False,548800,5488,98,73b03aedc11d4733ad70480dfb5e4900,2020-03-24_07-24-39,1585034679,10.230785369873047,999.2610366344452,2887,eclipse,137.195.211.213,999.2610366344452,548800,98,28,28696714,0.0,0.0,0.0,10.564223715940997,0.9948757775411565,1.4920060182977,539392,548800,2945.81,6.116,7255.461,18.213,0.44999998807907104,4.999999873689376e-05,27763.7734375,-0.02470032498240471,27763.791015625,0.43051689863204956,0.015536520630121231,4.257585525512695,0.0
1819.7405542059748,-315.9173321280642,185.08435631294947,100.0,56,5600,False,554400,5544,99,73b03aedc11d4733ad70480dfb5e4900,2020-03-24_07-24-49,1585034689,10.256061553955078,1009.5170981884003,2887,eclipse,137.195.211.213,1009.5170981884003,554400,99,28,28696714,0.03,0.0,1.0,10.566842538269027,0.9947917718561421,1.4916966164853185,544896,554400,2948.368,5.986,7261.648,17.89,0.44999998807907104,4.999999873689376e-05,38538.890625,-0.031306102871894836,38538.91015625,0.35647132992744446,0.014588174410164356,3.949465274810791,0.0
1917.864466315573,-315.9173321280642,265.4332819427368,100.0,56,5600,False,560000,5600,100,73b03aedc11d4733ad70480dfb5e4900,2020-03-24_07-24-59,1585034699,10.463362455368042,1019.9804606437683,2887,eclipse,137.195.211.213,1019.9804606437683,560000,100,28,28696714,0.04,0.0,1.0,10.57067457100172,0.9946933719113428,1.4912573156280349,550400,560000,2945.355,5.936,7267.293,17.981,0.44999998807907104,4.999999873689376e-05,73647.7890625,-0.025548303499817848,73647.8046875,0.3679794669151306,0.01331839058548212,4.032289028167725,0.0
2065.9374576197533,-481.12176489962565,232.67890108103663,100.0,56,5600,False,565600,5656,101,73b03aedc11d4733ad70480dfb5e4900,2020-03-24_07-25-09,1585034709,10.017953634262085,1029.9984142780304,2887,eclipse,137.195.211.213,1029.9984142780304,565600,101,28,28696714,0.0,0.0,0.0,10.575213379639859,0.9946784067371509,1.4910072920842585,555904,565600,2947.307,5.958,7235.869,18.218,0.44999998807907104,4.999999873689376e-05,44830.8515625,-0.02321324683725834,44830.8671875,0.3789699971675873,0.015767235308885574,4.092243671417236,0.0
2623.240004823649,-501.79761087515504,218.51607578551102,100.0,56,5600,False,571200,5712,102,73b03aedc11d4733ad70480dfb5e4900,2020-03-24_07-25-19,1585034719,9.908300638198853,1039.9067149162292,2887,eclipse,137.195.211.213,1039.9067149162292,571200,102,28,28696714,0.02,0.0,1.0,10.579800835830975,0.9948010196895243,1.491181069376317,561408,571200,2939.518,6.131,7187.619,19.813,0.44999998807907104,4.999999873689376e-05,78658.6875,-0.033122237771749496,78658.7109375,0.28324687480926514,0.013326231390237808,4.130041599273682,0.0
2623.240004823649,-501.79761087515504,220.88035616105662,100.0,56,5600,False,576800,5768,103,73b03aedc11d4733ad70480dfb5e4900,2020-03-24_07-25-30,1585034730,10.133622169494629,1050.0403370857239,2887,eclipse,137.195.211.213,1050.0403370857239,576800,103,28,28696714,0.02,0.0,1.0,10.584613622325962,0.9948712827895807,1.491769694212519,566912,576800,2957.497,6.318,7159.26,19.17,0.44999998807907104,4.999999873689376e-05,65885.2734375,-0.02216240204870701,65885.2890625,0.324418306350708,0.013372506946325302,3.980837106704712,0.0
2408.007328496455,-551.7892961726079,216.04126354649514,100.0,56,5600,False,582400,5824,104,73b03aedc11d4733ad70480dfb5e4900,2020-03-24_07-25-40,1585034740,10.131107330322266,1060.1714444160461,2887,eclipse,137.195.211.213,1060.1714444160461,582400,104,28,28696714,0.02,0.0,1.0,10.590247899189446,0.9948753653093491,1.492367788028864,572416,582400,2966.042,6.578,7126.63,19.711,0.44999998807907104,4.999999873689376e-05,49391.60546875,-0.026846935972571373,49391.6171875,0.31645694375038147,0.01583196595311165,4.030990123748779,0.0
1996.4505808582178,-551.7892961726079,263.60706312830956,100.0,56,5600,False,588000,5880,105,73b03aedc11d4733ad70480dfb5e4900,2020-03-24_07-25-50,1585034750,10.299499034881592,1070.4709434509277,2887,eclipse,137.195.211.213,1070.4709434509277,588000,105,28,28696714,0.01,0.0,1.0,10.597116069203343,0.9948904722714014,1.4928923228846054,577920,588000,2992.903,6.727,7104.456,19.338,0.44999998807907104,4.999999873689376e-05,65427.17578125,-0.026853613555431366,65427.19921875,0.47153544425964355,0.015056842938065529,4.128204822540283,0.0
1996.4505808582178,-420.9954154647513,234.91013137885346,100.0,56,5600,False,593600,5936,106,73b03aedc11d4733ad70480dfb5e4900,2020-03-24_07-26-00,1585034760,10.011807680130005,1080.4827511310577,2887,eclipse,137.195.211.213,1080.4827511310577,593600,106,28,28696714,0.0,0.0,0.0,10.601950881242164,0.9949436925284675,1.4933775877189959,583424,593600,2995.609,6.849,7071.389,19.801,0.44999998807907104,4.999999873689376e-05,34152.4140625,-0.025204801931977272,34152.4296875,0.471582293510437,0.013511535711586475,4.278159141540527,0.0
2164.63929852024,-447.27335906265677,255.22028002674548,100.0,56,5600,False,599200,5992,107,73b03aedc11d4733ad70480dfb5e4900,2020-03-24_07-26-11,1585034771,10.40621018409729,1090.888961315155,2887,eclipse,137.195.211.213,1090.888961315155,599200,107,28,28696714,0.0,0.0,0.0,10.607599634245561,0.9948747078390925,1.4939977120377197,588928,599200,3029.677,6.946,7060.294,19.468,0.44999998807907104,4.999999873689376e-05,81024.640625,-0.028730319812893867,81024.671875,0.3976770043373108,0.016242697834968567,4.034190654754639,0.0
2535.6858538961906,-482.15859189171067,308.06002908411176,100.0,56,5600,False,604800,6048,108,73b03aedc11d4733ad70480dfb5e4900,2020-03-24_07-26-21,1585034781,10.390421867370605,1101.2793831825256,2887,eclipse,137.195.211.213,1101.2793831825256,604800,108,28,28696714,0.02,0.0,1.0,10.612406103335395,0.9947793185578608,1.4941546589732704,594432,604800,3044.405,7.14,7062.863,19.104,0.44999998807907104,4.999999873689376e-05,60512.78515625,-0.03353516384959221,60512.8125,0.3393990993499756,0.014483287930488586,3.9593658447265625,0.0
2535.6858538961906,-482.15859189171067,228.76736424894648,100.0,56,5600,False,610400,6104,109,73b03aedc11d4733ad70480dfb5e4900,2020-03-24_07-26-31,1585034791,10.360370397567749,1111.6397535800934,2887,eclipse,137.195.211.213,1111.6397535800934,610400,109,28,28696714,0.02,0.0,1.0,10.614995653753025,0.994636108449322,1.4937645321477497,599936,610400,3067.03,7.355,7051.935,19.252,0.44999998807907104,4.999999873689376e-05,38843.84765625,-0.024526646360754967,38843.87109375,0.4929913878440857,0.014359849505126476,4.119279384613037,0.0
1977.4581343589266,-396.7655166399075,195.91225542114663,100.0,56,5600,False,616000,6160,110,73b03aedc11d4733ad70480dfb5e4900,2020-03-24_07-26-42,1585034802,10.40070104598999,1122.0404546260834,2887,eclipse,137.195.211.213,1122.0404546260834,616000,110,28,28696714,0.0,0.0,0.0,10.618012954823865,0.9945182697740228,1.4935075650560266,605440,616000,3061.45,7.52,7051.899,18.855,0.44999998807907104,4.999999873689376e-05,43116.5625,-0.022457536309957504,43116.578125,0.4363616108894348,0.01326226256787777,4.061828136444092,0.0
1844.2905929567723,-56.30812822669325,215.67709160370055,100.0,56,5600,False,621600,6216,111,73b03aedc11d4733ad70480dfb5e4900,2020-03-24_07-26-52,1585034812,10.35249924659729,1132.3929538726807,2887,eclipse,137.195.211.213,1132.3929538726807,621600,111,28,28696714,0.0,0.0,0.0,10.620836237475416,0.9943953131406832,1.493143388534633,610944,621600,3054.7,7.727,7088.454,19.32,0.44999998807907104,4.999999873689376e-05,31264.60546875,-0.01928522437810898,31264.6171875,0.5169968008995056,0.015664927661418915,4.054345607757568,0.0
1908.42175877592,-402.9536839828393,330.73091516841174,100.0,56,5600,False,627200,6272,112,73b03aedc11d4733ad70480dfb5e4900,2020-03-24_07-27-03,1585034823,10.357480525970459,1142.7504343986511,2887,eclipse,137.195.211.213,1142.7504343986511,627200,112,28,28696714,0.02,0.0,1.0,10.624938277720979,0.9942881291784366,1.4927467042110272,616448,627200,3065.908,7.763,7123.016,18.988,0.44999998807907104,4.999999873689376e-05,83385.90625,-0.024378318339586258,83385.921875,0.4011967182159424,0.014996801503002644,3.733592987060547,0.0
2209.6541451966864,-448.095167849048,380.73434460292015,100.0,56,5600,False,632800,6328,113,73b03aedc11d4733ad70480dfb5e4900,2020-03-24_07-27-13,1585034833,10.367647647857666,1153.1180820465088,2887,eclipse,137.195.211.213,1153.1180820465088,632800,113,28,28696714,0.03,0.0,1.0,10.629433246729697,0.9941364404362932,1.4923963100937647,621952,632800,3055.347,7.755,7158.404,19.416,0.44999998807907104,4.999999873689376e-05,63303.7109375,-0.02710629813373089,63303.734375,0.49566850066185,0.012992260046303272,4.0135273933410645,0.0
2209.6541451966864,-448.095167849048,246.49680881342687,100.0,56,5600,False,638400,6384,114,73b03aedc11d4733ad70480dfb5e4900,2020-03-24_07-27-23,1585034843,10.239146709442139,1163.357228755951,2887,eclipse,137.195.211.213,1163.357228755951,638400,114,28,28696714,0.02,0.0,1.0,10.63140112351418,0.9940408981273572,1.4920941306597404,627456,638400,3041.03,7.629,7183.314,19.607,0.44999998807907104,4.999999873689376e-05,34367.8046875,-0.0244413111358881,34367.82421875,0.5039420127868652,0.013653854839503765,4.345276355743408,0.0
3143.1480664623837,-506.54067948770614,358.57427455652817,100.0,56,5600,False,644000,6440,115,73b03aedc11d4733ad70480dfb5e4900,2020-03-24_07-27-34,1585034854,10.397299766540527,1173.7545285224915,2887,eclipse,137.195.211.213,1173.7545285224915,644000,115,28,28696714,0.05,0.0,1.0,10.634420558843429,0.9939816445894027,1.4917449552885356,632960,644000,3027.128,7.582,7204.909,19.3,0.44999998807907104,4.999999873689376e-05,124288.8125,-0.028001679107546806,124288.8515625,0.4120023846626282,0.01595664583146572,3.880317449569702,0.0
3143.1480664623837,-506.54067948770614,382.7690554540205,100.0,56,5600,False,649600,6496,116,73b03aedc11d4733ad70480dfb5e4900,2020-03-24_07-27-44,1585034864,10.520622491836548,1184.275151014328,2887,eclipse,137.195.211.213,1184.275151014328,649600,116,28,28696714,0.04,0.0,1.0,10.639326160419847,0.9938600831792976,1.49140140869102,638464,649600,3051.363,8.231,7233.171,18.495,0.44999998807907104,4.999999873689376e-05,38070.234375,-0.02149115316569805,38070.24609375,0.5821707248687744,0.016677003353834152,3.904231548309326,0.0
2126.9535870336986,-410.7339594302892,303.43920964150396,100.0,56,5600,False,655200,6552,117,73b03aedc11d4733ad70480dfb5e4900,2020-03-24_07-27-55,1585034875,10.368260383605957,1194.643411397934,2887,eclipse,137.195.211.213,1194.643411397934,655200,117,28,28696714,0.01,0.0,1.0,10.643225478303506,0.9937031773056215,1.4909942562815461,643968,655200,3037.228,7.891,7243.862,17.936,0.44999998807907104,4.999999873689376e-05,70356.8359375,-0.028519868850708008,70356.859375,0.43126723170280457,0.01462242379784584,3.987393379211426,0.0
2013.7556193254213,-588.5630799212153,250.00781766075696,100.0,56,5600,False,660800,6608,118,73b03aedc11d4733ad70480dfb5e4900,2020-03-24_07-28-05,1585034885,10.321577072143555,1204.9649884700775,2887,eclipse,137.195.211.213,1204.9649884700775,660800,118,28,28696714,0.0,0.0,0.0,10.645739340893124,0.9936028715323124,1.4907100363707635,649472,660800,3029.11,7.861,7244.087,17.776,0.44999998807907104,4.999999873689376e-05,42000.921875,-0.02659532055258751,42000.9375,0.42341941595077515,0.0165391992777586,4.04649019241333,0.0
3157.886213526924,-588.5630799212153,306.0340260246203,100.0,56,5600,False,666400,6664,119,73b03aedc11d4733ad70480dfb5e4900,2020-03-24_07-28-15,1585034895,10.3493013381958,1215.3142898082733,2887,eclipse,137.195.211.213,1215.3142898082733,666400,119,28,28696714,0.01,0.0,1.0,10.64864892380501,0.9935382371280803,1.490505250017464,654976,666400,3022.091,7.896,7248.256,18.02,0.44999998807907104,4.999999873689376e-05,100174.375,-0.028735222294926643,100174.3984375,0.29409387707710266,0.01636754721403122,3.6108248233795166,0.0
3157.886213526924,-59.25414415370125,372.5931778083457,100.0,56,5600,False,672000,6720,120,73b03aedc11d4733ad70480dfb5e4900,2020-03-24_07-28-26,1585034906,10.488625049591064,1225.8029148578644,2887,eclipse,137.195.211.213,1225.8029148578644,672000,120,28,28696714,0.01,0.0,1.0,10.651853871391486,0.993388390672658,1.4902936331848542,660480,672000,3025.191,8.087,7254.241,18.441,0.44999998807907104,4.999999873689376e-05,72548.4296875,-0.023238955065608025,72548.4453125,0.493746817111969,0.014536479488015175,4.0643839836120605,0.0
3045.432040403891,-521.5489526072552,390.7724794076355,100.0,56,5600,False,677600,6776,121,73b03aedc11d4733ad70480dfb5e4900,2020-03-24_07-28-37,1585034917,10.489651918411255,1236.2925667762756,2887,eclipse,137.195.211.213,1236.2925667762756,677600,121,28,28696714,0.02,0.0,1.0,10.655345577474643,0.9932770337004635,1.4899670993735896,665984,677600,3041.115,7.706,7254.115,17.833,0.44999998807907104,4.999999873689376e-05,114316.4921875,-0.02685161866247654,114316.5078125,0.40109118819236755,0.015261891297996044,3.78562331199646,0.0
3530.3468975760793,-521.5489526072552,472.6640308660065,100.0,56,5600,False,683200,6832,122,73b03aedc11d4733ad70480dfb5e4900,2020-03-24_07-28-47,1585034927,10.353328227996826,1246.6458950042725,2887,eclipse,137.195.211.213,1246.6458950042725,683200,122,28,28696714,0.03,0.0,1.0,10.65893977266252,0.9932830668716247,1.489558325446724,671488,683200,3033.577,7.508,7259.561,18.045,0.44999998807907104,4.999999873689376e-05,125243.71875,-0.027479005977511406,125243.7421875,0.3958108723163605,0.014294672757387161,3.727368116378784,0.0
2146.900834359526,-504.11225457506725,378.244198977026,100.0,56,5600,False,688800,6888,123,73b03aedc11d4733ad70480dfb5e4900,2020-03-24_07-28-57,1585034937,10.229259252548218,1256.8751542568207,2887,eclipse,137.195.211.213,1256.8751542568207,688800,123,28,28696714,0.01,0.0,1.0,10.662607309015208,0.9934079052012104,1.4891361856345429,676992,688800,3025.298,7.264,7253.153,17.906,0.44999998807907104,4.999999873689376e-05,48959.2734375,-0.01916643977165222,48959.2890625,0.5352441072463989,0.013409196399152279,4.03127908706665,0.0
3179.6504246534037,-352.0545923527595,365.7304887039661,100.0,56,5600,False,694400,6944,124,73b03aedc11d4733ad70480dfb5e4900,2020-03-24_07-29-08,1585034948,10.547853231430054,1267.4230074882507,2887,eclipse,137.195.211.213,1267.4230074882507,694400,124,28,28696714,0.01,0.0,1.0,10.665537051242275,0.9934924820372808,1.488807765628857,682496,694400,3049.972,7.268,7261.18,17.027,0.44999998807907104,4.999999873689376e-05,123813.28125,-0.029632410034537315,123813.2890625,0.42316919565200806,0.012380214408040047,4.038293361663818,0.0
3179.6504246534037,-352.0545923527595,370.15401860187524,100.0,56,5600,False,700000,7000,125,73b03aedc11d4733ad70480dfb5e4900,2020-03-24_07-29-18,1585034958,10.47307276725769,1277.8960802555084,2887,eclipse,137.195.211.213,1277.8960802555084,700000,125,28,28696714,0.02,0.0,1.0,10.668681765315885,0.9933761069068212,1.4887555667930306,688000,700000,3054.026,7.106,7265.283,16.818,0.44999998807907104,4.999999873689376e-05,62065.26171875,-0.025219129398465157,62065.27734375,0.5599579215049744,0.013774670660495758,4.124386787414551,0.0
1911.7431989851916,-484.9578071272244,344.1111374747098,100.0,56,5600,False,705600,7056,126,73b03aedc11d4733ad70480dfb5e4900,2020-03-24_07-29-29,1585034969,10.431887149810791,1288.3279674053192,2887,eclipse,137.195.211.213,1288.3279674053192,705600,126,28,28696714,0.01,0.0,1.0,10.672058776473394,0.993164806782523,1.488659174446251,693504,705600,3039.03,6.434,7271.167,17.774,0.44999998807907104,4.999999873689376e-05,56533.8125,-0.024931231513619423,56533.83203125,0.5315588712692261,0.019117187708616257,4.051870822906494,0.0
2885.4967897921088,-484.9578071272244,405.16821606601593,100.0,56,5600,False,711200,7112,127,73b03aedc11d4733ad70480dfb5e4900,2020-03-24_07-29-39,1585034979,10.52842903137207,1298.8563964366913,2887,eclipse,137.195.211.213,1298.8563964366913,711200,127,28,28696714,0.02,0.0,1.0,10.675247576691271,0.9930635807245689,1.4884207253921051,699008,711200,3051.706,6.535,7276.251,17.425,0.44999998807907104,4.999999873689376e-05,129078.765625,-0.031638044863939285,129078.7890625,0.46869030594825745,0.01607302948832512,3.9096527099609375,0.0
2885.4967897921088,-443.9921365328641,399.57013705020495,100.0,56,5600,False,716800,7168,128,73b03aedc11d4733ad70480dfb5e4900,2020-03-24_07-29-50,1585034990,10.484483480453491,1309.3408799171448,2887,eclipse,137.195.211.213,1309.3408799171448,716800,128,28,28696714,0.02,0.0,1.0,10.678636412956678,0.993011201018839,1.488162490737745,704512,716800,3073.512,6.583,7267.947,18.57,0.44999998807907104,4.999999873689376e-05,52553.50390625,-0.0268102940171957,52553.52734375,0.5607548356056213,0.013849391601979733,3.9857990741729736,0.0
4201.670173301578,-620.1727785547563,458.43893925345196,100.0,56,5600,False,722400,7224,129,73b03aedc11d4733ad70480dfb5e4900,2020-03-24_07-30-00,1585035000,10.485124588012695,1319.8260045051575,2887,eclipse,137.195.211.213,1319.8260045051575,722400,129,28,28696714,0.03,0.0,1.0,10.683101490741256,0.9929581237892364,1.4878547993386666,710016,722400,3087.704,6.652,7267.68,19.222,0.44999998807907104,4.999999873689376e-05,155522.875,-0.03235940635204315,155522.890625,0.379290372133255,0.016580795869231224,3.756166934967041,0.0
4201.670173301578,-620.1727785547563,503.1571217405268,100.0,56,5600,False,728000,7280,130,73b03aedc11d4733ad70480dfb5e4900,2020-03-24_07-30-11,1585035011,10.63077688217163,1330.456781387329,2887,eclipse,137.195.211.213,1330.456781387329,728000,130,28,28696714,0.02,0.0,1.0,10.690348093546673,0.9931422399069144,1.4882700049045854,715520,728000,3099.774,7.263,7269.32,19.214,0.44999998807907104,4.999999873689376e-05,58750.67578125,-0.023091191425919533,58750.69921875,0.5552330613136292,0.01510303933173418,4.266319274902344,0.0
2193.0537902632755,-572.2711507245092,370.5159804698744,100.0,56,5600,False,733600,7336,131,73b03aedc11d4733ad70480dfb5e4900,2020-03-24_07-30-22,1585035022,10.440418720245361,1340.8972001075745,2887,eclipse,137.195.211.213,1340.8972001075745,733600,131,28,28696714,0.03,0.0,1.0,10.695245322328663,0.9933010379558027,1.4886142100302329,721024,733600,3099.775,7.502,7264.166,19.386,0.44999998807907104,4.999999873689376e-05,90963.0859375,-0.03066696971654892,90963.1171875,0.446990966796875,0.016686225309967995,3.7724697589874268,0.0
2193.0537902632755,-572.2711507245092,360.0644708271608,100.0,56,5600,False,739200,7392,132,73b03aedc11d4733ad70480dfb5e4900,2020-03-24_07-30-32,1585035032,10.307618141174316,1351.2048182487488,2887,eclipse,137.195.211.213,1351.2048182487488,739200,132,28,28696714,0.03,0.0,1.0,10.69764455612552,0.9931930838869427,1.4883787735107017,726528,739200,3091.841,7.65,7267.551,18.721,0.44999998807907104,4.999999873689376e-05,48048.56640625,-0.026733320206403732,48048.5859375,0.5998721122741699,0.01401576865464449,4.074731349945068,0.0
2269.995691760724,-354.48039649082733,390.59605969796047,100.0,56,5600,False,744800,7448,133,73b03aedc11d4733ad70480dfb5e4900,2020-03-24_07-30-42,1585035042,10.409818410873413,1361.6146366596222,2887,eclipse,137.195.211.213,1361.6146366596222,744800,133,28,28696714,0.0,0.0,0.0,10.701106008187331,0.9930784705690613,1.4881500769055662,732032,744800,3115.1,7.631,7263.186,18.446,0.44999998807907104,4.999999873689376e-05,67310.484375,-0.028633998706936836,67310.5078125,0.5752319693565369,0.018618209287524223,3.739816665649414,0.0
2846.170057500635,-354.48039649082733,471.9648778963821,100.0,56,5600,False,750400,7504,134,73b03aedc11d4733ad70480dfb5e4900,2020-03-24_07-30-53,1585035053,10.31454610824585,1371.929182767868,2887,eclipse,137.195.211.213,1371.929182767868,750400,134,28,28696714,0.02,0.0,1.0,10.704750210540723,0.992856573283014,1.4878511921844746,737536,750400,3103.215,7.974,7250.149,19.148,0.44999998807907104,4.999999873689376e-05,111614.21875,-0.02745690941810608,111614.2421875,0.4559243619441986,0.017210183665156364,4.09242582321167,0.0
2846.170057500635,-469.6033260336951,406.19672385915817,100.0,56,5600,False,756000,7560,135,73b03aedc11d4733ad70480dfb5e4900,2020-03-24_07-31-03,1585035063,10.522727251052856,1382.451910018921,2887,eclipse,137.195.211.213,1382.451910018921,756000,135,28,28696714,0.04,0.0,1.0,10.70755708431871,0.9926162141536904,1.487630018007196,743040,756000,3113.191,8.07,7246.389,19.728,0.44999998807907104,4.999999873689376e-05,53862.046875,-0.025983333587646484,53862.0625,0.5559020042419434,0.016811592504382133,3.883455753326416,0.0
2229.5893385638856,-534.9987985658325,460.25326687919494,100.0,56,5600,False,761600,7616,136,73b03aedc11d4733ad70480dfb5e4900,2020-03-24_07-31-14,1585035074,10.36033582687378,1392.8122458457947,2887,eclipse,137.195.211.213,1392.8122458457947,761600,136,28,28696714,0.05,0.0,1.0,10.711526371655305,0.9924947184575705,1.4873077488981585,748544,761600,3110.081,7.986,7243.124,19.484,0.44999998807907104,4.999999873689376e-05,93571.3046875,-0.02981020323932171,93571.3203125,0.5407625436782837,0.0156408678740263,3.664422035217285,0.0
2229.5893385638856,-534.9987985658325,521.2791514933796,100.0,56,5600,False,767200,7672,137,73b03aedc11d4733ad70480dfb5e4900,2020-03-24_07-31-24,1585035084,10.336561679840088,1403.1488075256348,2887,eclipse,137.195.211.213,1403.1488075256348,767200,137,28,28696714,0.03,0.0,1.0,10.715848305915602,0.992340997543866,1.4869836710184154,754048,767200,3091.355,7.884,7239.159,19.656,0.44999998807907104,4.999999873689376e-05,65975.4453125,-0.028244325891137123,65975.46875,0.6031025648117065,0.015684824436903,3.885394811630249,0.0
2134.1205023156194,-364.89923317587346,523.1396109221752,100.0,56,5600,False,772800,7728,138,73b03aedc11d4733ad70480dfb5e4900,2020-03-24_07-31-35,1585035095,10.490010261535645,1413.6388177871704,2887,eclipse,137.195.211.213,1413.6388177871704,772800,138,28,28696714,0.04,0.0,1.0,10.719766046670806,0.9921894563583645,1.4867091991209669,759552,772800,3094.275,7.872,7238.99,19.736,0.44999998807907104,4.999999873689376e-05,97292.625,-0.026844900101423264,97292.6328125,0.5186026692390442,0.018258774653077126,3.653183937072754,0.0
2134.1205023156194,-65.08273880883257,505.7736240445717,100.0,56,5600,False,778400,7784,139,73b03aedc11d4733ad70480dfb5e4900,2020-03-24_07-31-45,1585035105,10.353762149810791,1423.9925799369812,2887,eclipse,137.195.211.213,1423.9925799369812,778400,139,28,28696714,0.03,0.0,1.0,10.723274994724575,0.9920097676098009,1.4865111559868105,765056,778400,3074.146,7.544,7244.499,19.556,0.44999998807907104,4.999999873689376e-05,49527.41796875,-0.02375195547938347,49527.4375,0.5054097175598145,0.01326846145093441,4.016848087310791,0.0
2942.8303190611864,-115.11489390568275,430.9445645625053,100.0,56,5600,False,784000,7840,140,73b03aedc11d4733ad70480dfb5e4900,2020-03-24_07-31-56,1585035116,10.64989423751831,1434.6424741744995,2887,eclipse,137.195.211.213,1434.6424741744995,784000,140,28,28696714,0.03,0.0,1.0,10.726372904142458,0.9919149850232145,1.4863904201167712,770560,784000,3080.43,6.94,7239.375,19.571,0.44999998807907104,4.999999873689376e-05,80316.078125,-0.028738226741552353,80316.109375,0.5138275623321533,0.0160326287150383,3.5009207725524902,0.0
2942.8303190611864,-631.4373537887128,394.4408914749459,100.0,56,5600,False,789600,7896,141,73b03aedc11d4733ad70480dfb5e4900,2020-03-24_07-32-06,1585035126,10.312184572219849,1444.9546587467194,2887,eclipse,137.195.211.213,1444.9546587467194,789600,141,28,28696714,0.05,0.0,1.0,10.729496547131944,0.9919239269772535,1.4862018364425738,776064,789600,3075.282,6.908,7232.829,19.643,0.44999998807907104,4.999999873689376e-05,39929.765625,-0.035009123384952545,39929.80078125,0.5629595518112183,0.015435653738677502,3.944333076477051,0.0
2304.990257360673,-631.4373537887128,317.4934601275175,100.0,56,5600,False,795200,7952,142,73b03aedc11d4733ad70480dfb5e4900,2020-03-24_07-32-17,1585035137,10.42346739768982,1455.3781261444092,2887,eclipse,137.195.211.213,1455.3781261444092,795200,142,28,28696714,0.03,0.0,1.0,10.731371455473223,0.9919606686703375,1.4860885044383239,781568,795200,3085.673,6.672,7234.497,19.488,0.44999998807907104,4.999999873689376e-05,73909.7109375,-0.027485273778438568,73909.734375,0.5310908555984497,0.015280199237167835,3.9538159370422363,0.0
2304.990257360673,-467.90901293176375,505.76208998707,100.0,56,5600,False,800800,8008,143,73b03aedc11d4733ad70480dfb5e4900,2020-03-24_07-32-27,1585035147,10.431530952453613,1465.8096570968628,2887,eclipse,137.195.211.213,1465.8096570968628,800800,143,28,28696714,0.04,0.0,1.0,10.734711924191851,0.9918916520959671,1.4858581330608478,787072,800800,3076.116,6.549,7245.46,19.976,0.44999998807907104,4.999999873689376e-05,120908.5546875,-0.02624017931520939,120908.5703125,0.46004992723464966,0.01927746646106243,3.6570420265197754,0.0
4613.942049269423,-467.90901293176375,507.9120141039525,100.0,56,5600,False,806400,8064,144,73b03aedc11d4733ad70480dfb5e4900,2020-03-24_07-32-38,1585035158,10.547406673431396,1476.3570637702942,2887,eclipse,137.195.211.213,1476.3570637702942,806400,144,28,28696714,0.05,0.0,1.0,10.738280267059379,0.9918091827357189,1.4856570585694464,792576,806400,3090.877,6.244,7255.406,20.128,0.44999998807907104,4.999999873689376e-05,139318.453125,-0.025308767333626747,139318.484375,0.38933151960372925,0.01595228724181652,3.715078353881836,0.0
4613.942049269423,-61.42660058908794,447.832859693161,100.0,56,5600,False,812000,8120,145,73b03aedc11d4733ad70480dfb5e4900,2020-03-24_07-32-48,1585035168,10.24403715133667,1486.6011009216309,2887,eclipse,137.195.211.213,1486.6011009216309,812000,145,28,28696714,0.04,0.0,1.0,10.741011420903096,0.9918135005233314,1.485505856200652,798080,812000,3069.355,6.433,7246.787,20.481,0.44999998807907104,4.999999873689376e-05,55942.62890625,-0.03050561062991619,55942.640625,0.6023950576782227,0.017219288274645805,3.878170967102051,0.0
2313.620536497055,-61.42660058908794,515.5034019581182,100.0,56,5600,False,817600,8176,146,73b03aedc11d4733ad70480dfb5e4900,2020-03-24_07-32-59,1585035179,10.601330041885376,1497.2024309635162,2887,eclipse,137.195.211.213,1497.2024309635162,817600,146,28,28696714,0.03,0.0,1.0,10.744938268252064,0.9917925301686882,1.4853111405653694,803584,817600,3087.21,6.508,7249.577,20.517,0.44999998807907104,4.999999873689376e-05,73558.21875,-0.023841064423322678,73558.234375,0.5835800170898438,0.016878126189112663,3.5439701080322266,0.0
2313.620536497055,-60.89180649588982,544.7431574297493,100.0,56,5600,False,823200,8232,147,73b03aedc11d4733ad70480dfb5e4900,2020-03-24_07-33-09,1585035189,10.295426368713379,1507.4978573322296,2887,eclipse,137.195.211.213,1507.4978573322296,823200,147,28,28696714,0.03,0.0,1.0,10.74938908665265,0.9917126319278,1.4850991910989846,809088,823200,3091.11,6.703,7244.875,21.191,0.44999998807907104,4.999999873689376e-05,51327.4375,-0.020135773345828056,51327.44921875,0.6082903146743774,0.020748715847730637,3.349940061569214,0.0
2115.393713845312,-138.38853910727275,588.4086507916873,100.0,56,5600,False,828800,8288,148,73b03aedc11d4733ad70480dfb5e4900,2020-03-24_07-33-19,1585035199,10.524807453155518,1518.0226647853851,2887,eclipse,137.195.211.213,1518.0226647853851,828800,148,28,28696714,0.02,0.0,1.0,10.754038717321505,0.9915731784029741,1.4849310051922915,814592,828800,3088.15,6.429,7249.123,20.729,0.675000011920929,4.999999873689376e-05,79419.5,-0.0272029060870409,79419.5078125,0.5900543332099915,0.018312539905309677,3.4379775524139404,0.0
2374.174874769463,-387.8018359758401,595.1668252904788,100.0,56,5600,False,834400,8344,149,73b03aedc11d4733ad70480dfb5e4900,2020-03-24_07-33-30,1585035210,10.531251907348633,1528.5539166927338,2887,eclipse,137.195.211.213,1528.5539166927338,834400,149,28,28696714,0.04,0.0,1.0,10.758407460769504,0.991456594571809,1.4846872509844442,820096,834400,3110.387,6.659,7246.212,20.677,0.675000011920929,4.999999873689376e-05,95384.6328125,-0.022809749469161034,95384.6484375,0.4823859930038452,0.01804506964981556,3.1506659984588623,0.0
2374.174874769463,-82.032534767909,585.7329132742899,100.0,56,5600,False,840000,8400,150,73b03aedc11d4733ad70480dfb5e4900,2020-03-24_07-33-41,1585035221,10.504445314407349,1539.058362007141,2887,eclipse,137.195.211.213,1539.058362007141,840000,150,28,28696714,0.05,0.0,1.0,10.76245922632021,0.9913402938094901,1.4843447636986837,825600,840000,3092.302,6.715,7248.407,20.713,0.675000011920929,4.999999873689376e-05,59468.42578125,-0.02229897305369377,59468.44921875,0.6485816240310669,0.012966235168278217,3.796428680419922,0.0
2339.9399009102576,-320.9078306922251,451.40175707822897,100.0,56,5600,False,845600,8456,151,73b03aedc11d4733ad70480dfb5e4900,2020-03-24_07-33-51,1585035231,10.382631063461304,1549.4409930706024,2887,eclipse,137.195.211.213,1549.4409930706024,845600,151,28,28696714,0.04,0.0,1.0,10.764840486595617,0.991260920934929,1.484124830487429,831104,845600,3096.491,7.252,7252.3,20.01,0.675000011920929,4.999999873689376e-05,77492.4140625,-0.022588640451431274,77492.421875,0.5370425581932068,0.011135866865515709,3.9295449256896973,0.0
2735.590853928818,-320.9078306922251,486.13121244339794,100.0,56,5600,False,851200,8512,152,73b03aedc11d4733ad70480dfb5e4900,2020-03-24_07-34-02,1585035242,10.526163101196289,1559.9671561717987,2887,eclipse,137.195.211.213,1559.9671561717987,851200,152,28,28696714,0.02,0.0,1.0,10.767659941196767,0.9912893285381861,1.4839993420908542,836608,851200,3109.183,7.565,7247.931,21.009,0.675000011920929,4.999999873689376e-05,81729.7421875,-0.02663807012140751,81729.7578125,0.5481553673744202,0.012368138879537582,3.862131118774414,0.0
2785.832827905315,-283.82432300792374,514.7258524344791,100.0,56,5600,False,856800,8568,153,73b03aedc11d4733ad70480dfb5e4900,2020-03-24_07-34-12,1585035252,10.513467073440552,1570.4806232452393,2887,eclipse,137.195.211.213,1570.4806232452393,856800,153,28,28696714,0.02,0.0,1.0,10.771074877749399,0.9913731827102,1.4838382187711838,842112,856800,3113.198,7.639,7250.911,21.277,0.675000011920929,4.999999873689376e-05,89967.53125,-0.028490686789155006,89967.5546875,0.5365491509437561,0.015026433393359184,3.599024534225464,0.0
2785.832827905315,-531.6763394446957,580.4701854668303,100.0,56,5600,False,862400,8624,154,73b03aedc11d4733ad70480dfb5e4900,2020-03-24_07-34-23,1585035263,10.59923768043518,1581.0798609256744,2887,eclipse,137.195.211.213,1581.0798609256744,862400,154,28,28696714,0.03,0.0,1.0,10.77586948608054,0.9913037215444382,1.483566163488902,847616,862400,3117.234,7.676,7251.897,21.317,0.675000011920929,4.999999873689376e-05,89192.3359375,-0.03007008321583271,89192.3671875,0.544512927532196,0.014190057292580605,3.301893711090088,0.0
2263.0797185906117,-531.6763394446957,521.1175165284006,100.0,56,5600,False,868000,8680,155,73b03aedc11d4733ad70480dfb5e4900,2020-03-24_07-34-33,1585035273,10.4592604637146,1591.539121389389,2887,eclipse,137.195.211.213,1591.539121389389,868000,155,28,28696714,0.04,0.0,1.0,10.779817513980486,0.9911863988251889,1.48330225942133,853120,868000,3133.77,7.597,7259.069,21.11,0.675000011920929,4.999999873689376e-05,61209.6328125,-0.018016813322901726,61209.640625,0.6338680386543274,0.011639376170933247,3.778679847717285,0.0
2266.1580217213736,-60.73135538231515,491.1589604017604,100.0,56,5600,False,873600,8736,156,73b03aedc11d4733ad70480dfb5e4900,2020-03-24_07-34-44,1585035284,10.430381059646606,1601.9695024490356,2887,eclipse,137.195.211.213,1601.9695024490356,873600,156,28,28696714,0.03,0.0,1.0,10.781954520800742,0.9910740041651698,1.4830277746740514,858624,873600,3118.261,7.609,7258.194,20.478,0.675000011920929,4.999999873689376e-05,55149.0390625,-0.018029166385531425,55149.046875,0.6885358095169067,0.014362417161464691,3.545848846435547,0.0
2292.083238058944,-69.29953998301686,571.5557172077082,100.0,56,5600,False,879200,8792,157,73b03aedc11d4733ad70480dfb5e4900,2020-03-24_07-34-54,1585035294,10.432925701141357,1612.402428150177,2887,eclipse,137.195.211.213,1612.402428150177,879200,157,28,28696714,0.07,0.0,1.0,10.785227951358161,0.9909678433226028,1.482769754275628,864128,879200,3125.418,7.583,7263.687,20.705,0.675000011920929,4.999999873689376e-05,67449.4453125,-0.03355812281370163,67449.46875,0.6711243987083435,0.01334697287529707,3.668132781982422,0.0
2614.646258402208,-69.29953998301686,519.6625637285706,100.0,56,5600,False,884800,8848,158,73b03aedc11d4733ad70480dfb5e4900,2020-03-24_07-35-05,1585035305,10.344750881195068,1622.747179031372,2887,eclipse,137.195.211.213,1622.747179031372,884800,158,28,28696714,0.06,0.0,1.0,10.788589919851622,0.9908779568934656,1.4825556761268175,869632,884800,3117.937,7.308,7255.727,20.504,0.675000011920929,4.999999873689376e-05,57681.10546875,-0.028011184185743332,57681.12890625,0.6110025644302368,0.012706785462796688,3.724048614501953,0.0
2614.646258402208,-408.73096987748744,514.5038459181133,100.0,56,5600,False,890400,8904,159,73b03aedc11d4733ad70480dfb5e4900,2020-03-24_07-35-16,1585035316,10.776464223861694,1633.5236432552338,2887,eclipse,137.195.211.213,1633.5236432552338,890400,159,28,28696714,0.05,0.0,1.0,10.794654080483472,0.9911389347534043,1.4831968866918812,875136,890400,3135.717,7.246,7264.751,19.84,0.675000011920929,4.999999873689376e-05,74878.296875,-0.02418867126107216,74878.3046875,0.6233960390090942,0.013063359074294567,3.6993000507354736,0.0
4824.28040543835,-408.73096987748744,656.5863499694547,100.0,56,5600,False,896000,8960,160,73b03aedc11d4733ad70480dfb5e4900,2020-03-24_07-35-26,1585035326,10.43461537361145,1643.9582586288452,2887,eclipse,137.195.211.213,1643.9582586288452,896000,160,28,28696714,0.06,0.0,1.0,10.800998109713714,0.9913184021891065,1.4836499723929049,880640,896000,3146.79,6.995,7246.716,18.793,0.675000011920929,4.999999873689376e-05,200756.390625,-0.030620556324720383,200756.4375,0.4697886109352112,0.015396442264318466,3.5376579761505127,0.0
4824.28040543835,-231.54184948498522,629.4745144567158,100.0,56,5600,False,901600,9016,161,73b03aedc11d4733ad70480dfb5e4900,2020-03-24_07-35-36,1585035336,10.366202116012573,1654.3244607448578,2887,eclipse,137.195.211.213,1654.3244607448578,901600,161,28,28696714,0.05,0.0,1.0,10.805005255402715,0.9912507058336597,1.4833243703080212,886144,901600,3146.737,6.702,7243.073,18.524,0.675000011920929,4.999999873689376e-05,52371.2890625,-0.022265112027525902,52371.30078125,0.6394369602203369,0.014189818874001503,3.601428985595703,0.0
2213.475654012911,-83.12206960304418,497.56280647022015,100.0,56,5600,False,907200,9072,162,73b03aedc11d4733ad70480dfb5e4900,2020-03-24_07-35-47,1585035347,10.460798740386963,1664.7852594852448,2887,eclipse,137.195.211.213,1664.7852594852448,907200,162,28,28696714,0.04,0.0,1.0,10.808075523836242,0.9912251755508893,1.4831374761983636,891648,907200,3146.723,6.428,7240.721,18.01,0.675000011920929,4.999999873689376e-05,68871.9921875,-0.02988312393426895,68872.015625,0.6480437517166138,0.013914324343204498,3.6578361988067627,0.0
2710.1091051298913,-518.8620495714878,492.19267769111946,100.0,56,5600,False,912800,9128,163,73b03aedc11d4733ad70480dfb5e4900,2020-03-24_07-35-58,1585035358,10.617793083190918,1675.4030525684357,2887,eclipse,137.195.211.213,1675.4030525684357,912800,163,28,28696714,0.03,0.0,1.0,10.810846865541462,0.9912292361499511,1.4829017035793368,897152,912800,3155.763,6.522,7241.981,17.576,0.675000011920929,4.999999873689376e-05,62748.484375,-0.024121396243572235,62748.49609375,0.616517961025238,0.016287818551063538,3.4688072204589844,0.0
2710.1091051298913,-518.8620495714878,510.6294387725542,100.0,56,5600,False,918400,9184,164,73b03aedc11d4733ad70480dfb5e4900,2020-03-24_07-36-08,1585035368,10.537413120269775,1685.9404656887054,2887,eclipse,137.195.211.213,1685.9404656887054,918400,164,28,28696714,0.01,0.0,1.0,10.814187144064304,0.9912670046751562,1.4826618533559905,902656,918400,3146.827,6.477,7246.04,17.355,0.675000011920929,4.999999873689376e-05,70015.8515625,-0.021102745085954666,70015.859375,0.5903029441833496,0.01818905584514141,3.303048849105835,0.0
2391.1264933677994,-73.54080437867202,533.641512093236,100.0,56,5600,False,924000,9240,165,73b03aedc11d4733ad70480dfb5e4900,2020-03-24_07-36-19,1585035379,10.496028661727905,1696.4364943504333,2887,eclipse,137.195.211.213,1696.4364943504333,924000,165,28,28696714,0.02,0.0,1.0,10.817267608346974,0.9911986094301699,1.4824646046415364,908160,924000,3150.51,6.123,7244.53,17.271,0.675000011920929,4.999999873689376e-05,62535.66796875,-0.030187034979462624,62535.6796875,0.6331559419631958,0.01568695157766342,3.4522721767425537,0.0
2308.006673524414,-288.38583842779065,609.6838044642428,100.0,56,5600,False,929600,9296,166,73b03aedc11d4733ad70480dfb5e4900,2020-03-24_07-36-29,1585035389,10.637639284133911,1707.0741336345673,2887,eclipse,137.195.211.213,1707.0741336345673,929600,166,28,28696714,0.03,0.0,1.0,10.82123520198386,0.9910635702229729,1.4822265977766085,913664,929600,3169.909,5.936,7246.048,17.677,0.675000011920929,4.999999873689376e-05,96564.71875,-0.026151077821850777,96564.7421875,0.5360404849052429,0.016593921929597855,3.1134157180786133,0.0
2296.3972387411995,-288.38583842779065,676.4871747426993,100.0,56,5600,False,935200,9352,167,73b03aedc11d4733ad70480dfb5e4900,2020-03-24_07-36-40,1585035400,10.682380676269531,1717.7565143108368,2887,eclipse,137.195.211.213,1717.7565143108368,935200,167,28,28696714,0.03,0.0,1.0,10.826640930847526,0.991003790678343,1.4819786754581588,919168,935200,3188.128,6.012,7249.633,17.437,0.675000011920929,4.999999873689376e-05,68296.3515625,-0.02197078987956047,68296.3671875,0.6285704970359802,0.01525900699198246,3.010280132293701,0.0
2580.3107698822423,-470.13136429531386,628.7233554871136,100.0,56,5600,False,940800,9408,168,73b03aedc11d4733ad70480dfb5e4900,2020-03-24_07-36-51,1585035411,10.45701003074646,1728.2135243415833,2887,eclipse,137.195.211.213,1728.2135243415833,940800,168,28,28696714,0.03,0.0,1.0,10.831215566211892,0.9910279109007897,1.4818599055676183,924672,940800,3184.517,6.379,7264.14,17.12,0.675000011920929,4.999999873689376e-05,94274.203125,-0.027296584099531174,94274.2265625,0.545016348361969,0.01397794857621193,3.7527859210968018,0.0
2745.857610610418,-470.13136429531386,743.571153418857,100.0,56,5600,False,946400,9464,169,73b03aedc11d4733ad70480dfb5e4900,2020-03-24_07-37-01,1585035421,10.574762344360352,1738.7882866859436,2887,eclipse,137.195.211.213,1738.7882866859436,946400,169,28,28696714,0.05,0.0,1.0,10.835849263392625,0.9911443844054842,1.4816549386054834,930176,946400,3164.794,6.429,7260.577,17.897,0.675000011920929,4.999999873689376e-05,139085.859375,-0.028148751705884933,139085.890625,0.4695757031440735,0.0130923418328166,3.042982578277588,0.0
2920.852148070884,-368.76547591062644,726.1806988027158,100.0,56,5600,False,952000,9520,170,73b03aedc11d4733ad70480dfb5e4900,2020-03-24_07-37-12,1585035432,10.481636762619019,1749.2699234485626,2887,eclipse,137.195.211.213,1749.2699234485626,952000,170,28,28696714,0.05,0.0,1.0,10.84071201353968,0.9912253340240653,1.4815308854808047,935680,952000,3155.739,6.418,7275.741,18.727,0.675000011920929,4.999999873689376e-05,105903.4765625,-0.03673139214515686,105903.4921875,0.5932202935218811,0.012210354208946228,3.502973794937134,0.0
2920.852148070884,-100.52778466998497,693.563758769021,100.0,56,5600,False,957600,9576,171,73b03aedc11d4733ad70480dfb5e4900,2020-03-24_07-37-22,1585035442,10.499984979629517,1759.7699084281921,2887,eclipse,137.195.211.213,1759.7699084281921,957600,171,28,28696714,0.05,0.0,1.0,10.845045665672242,0.9912530953095953,1.4813821527993354,941184,957600,3157.467,6.52,7285.773,19.623,0.675000011920929,4.999999873689376e-05,80522.8359375,-0.02461640164256096,80522.8515625,0.6864486932754517,0.013932584784924984,3.4974098205566406,0.0
2325.1876433330112,-320.36061665548596,683.8268338146532,100.0,56,5600,False,963200,9632,172,73b03aedc11d4733ad70480dfb5e4900,2020-03-24_07-37-33,1585035453,10.415090560913086,1770.1849989891052,2887,eclipse,137.195.211.213,1770.1849989891052,963200,172,28,28696714,0.02,0.0,1.0,10.849880276338572,0.9912330592648579,1.4811634914709475,946688,963200,3155.793,6.681,7280.603,19.123,0.675000011920929,4.999999873689376e-05,73681.4765625,-0.02839510142803192,73681.4921875,0.6509875655174255,0.015491874888539314,3.264389991760254,0.0
2281.0146141773052,-320.36061665548596,567.5502903367346,100.0,56,5600,False,968800,9688,173,73b03aedc11d4733ad70480dfb5e4900,2020-03-24_07-37-43,1585035463,10.640891313552856,1780.825890302658,2887,eclipse,137.195.211.213,1780.825890302658,968800,173,28,28696714,0.01,0.0,1.0,10.853232250446432,0.9912581831267745,1.4809500013237422,952192,968800,3160.062,6.68,7278.144,19.017,0.675000011920929,4.999999873689376e-05,43605.421875,-0.03070925548672676,43605.44140625,0.7491925954818726,0.012185921892523766,3.677086353302002,0.0
2237.892361583466,-62.37173298532168,593.2740068335484,100.0,56,5600,False,974400,9744,174,73b03aedc11d4733ad70480dfb5e4900,2020-03-24_07-37-54,1585035474,10.671753883361816,1791.49764418602,2887,eclipse,137.195.211.213,1791.49764418602,974400,174,28,28696714,0.03,0.0,1.0,10.856617039525053,0.9912309946714504,1.4807167284599614,957696,974400,3171.278,6.79,7278.571,18.751,0.675000011920929,4.999999873689376e-05,73267.5625,-0.02271619252860546,73267.578125,0.6473872065544128,0.01755140908062458,3.2775113582611084,0.0
2237.892361583466,-343.329483598745,513.1656160092501,100.0,56,5600,False,980000,9800,175,73b03aedc11d4733ad70480dfb5e4900,2020-03-24_07-38-05,1585035485,10.584903240203857,1802.0825474262238,2887,eclipse,137.195.211.213,1802.0825474262238,980000,175,28,28696714,0.02,0.0,1.0,10.859144048993716,0.991158006031769,1.480470744653894,963200,980000,3171.68,7.293,7287.037,18.236,0.675000011920929,4.999999873689376e-05,58808.6875,-0.02655482292175293,58808.69921875,0.5983994603157043,0.01767687313258648,3.279139995574951,0.0
2455.4410470995667,-226.0283380233453,549.3883744857955,100.0,56,5600,False,985600,9856,176,73b03aedc11d4733ad70480dfb5e4900,2020-03-24_07-38-15,1585035495,10.556962966918945,1812.6395103931427,2887,eclipse,137.195.211.213,1812.6395103931427,985600,176,28,28696714,0.03,0.0,1.0,10.862341795253288,0.9910279730907225,1.4803363016480384,968704,985600,3162.35,7.547,7288.462,18.377,0.675000011920929,4.999999873689376e-05,60977.984375,-0.02733638323843479,60978.0,0.66753751039505,0.01591011881828308,3.36781907081604,0.0
2455.4410470995667,-63.32350990145383,616.0140033946022,100.0,56,5600,False,991200,9912,177,73b03aedc11d4733ad70480dfb5e4900,2020-03-24_07-38-26,1585035506,10.663657188415527,1823.3031675815582,2887,eclipse,137.195.211.213,1823.3031675815582,991200,177,28,28696714,0.04,0.0,1.0,10.86687969596215,0.9909750246538652,1.4801664950720914,974208,991200,3172.064,7.379,7279.82,18.642,0.675000011920929,4.999999873689376e-05,63699.69140625,-0.026898156851530075,63699.7109375,0.659371554851532,0.01624746061861515,2.910107135772705,0.0
2227.5973539795905,-64.94371534742729,638.5790337065641,100.0,56,5600,False,996800,9968,178,73b03aedc11d4733ad70480dfb5e4900,2020-03-24_07-38-37,1585035517,10.566576957702637,1833.8697445392609,2887,eclipse,137.195.211.213,1833.8697445392609,996800,178,28,28696714,0.04,0.0,1.0,10.871233247388913,0.9909223317024123,1.479969625096069,979712,996800,3192.069,7.411,7270.236,18.658,0.675000011920929,4.999999873689376e-05,57984.99609375,-0.02870701439678669,57985.0,0.6913557648658752,0.015198882669210434,3.425549268722534,0.0
2113.6935676202934,-452.1764667126313,489.92252273179895,100.0,56,5600,False,1002400,10024,179,73b03aedc11d4733ad70480dfb5e4900,2020-03-24_07-38-47,1585035527,10.573935270309448,1844.4436798095703,2887,eclipse,137.195.211.213,1844.4436798095703,1002400,179,28,28696714,0.01,0.0,1.0,10.874437056592733,0.990920577477969,1.4798048386670934,985216,1002400,3192.627,7.352,7269.139,18.81,0.675000011920929,4.999999873689376e-05,45837.05078125,-0.02055029757320881,45837.0625,0.6997202038764954,0.02155444771051407,3.223717212677002,0.0
2176.3952557224948,-452.1764667126313,491.3967781006821,100.0,56,5600,False,1008000,10080,180,73b03aedc11d4733ad70480dfb5e4900,2020-03-24_07-38-58,1585035538,10.659735918045044,1855.1034157276154,2887,eclipse,137.195.211.213,1855.1034157276154,1008000,180,28,28696714,0.0,0.0,0.0,10.877627211785203,0.9909476987496738,1.4796884837642608,990720,1008000,3202.513,7.692,7275.101,18.137,1.0125000476837158,4.999999873689376e-05,57611.91796875,-0.02133958227932453,57611.92578125,0.6210411190986633,0.01224216353148222,3.44975209236145,0.0
2341.8901910104973,-376.79469951338496,569.240960611462,100.0,56,5600,False,1013600,10136,181,73b03aedc11d4733ad70480dfb5e4900,2020-03-24_07-39-09,1585035549,10.626501321792603,1865.729917049408,2887,eclipse,137.195.211.213,1865.729917049408,1013600,181,28,28696714,0.01,0.0,1.0,10.880941568040548,0.9909588299523164,1.4795359038920248,996224,1013600,3214.456,7.537,7278.476,17.95,1.0125000476837158,4.999999873689376e-05,79985.125,-0.0272561926394701,79985.140625,0.6239752769470215,0.010217854753136635,3.4231889247894287,0.0
2341.8901910104973,-376.79469951338496,674.7867102221645,100.0,56,5600,False,1019200,10192,182,73b03aedc11d4733ad70480dfb5e4900,2020-03-24_07-39-19,1585035559,10.623453378677368,1876.3533704280853,2887,eclipse,137.195.211.213,1876.3533704280853,1019200,182,28,28696714,0.04,0.0,1.0,10.885024475383734,0.9908762238809792,1.4793094394130497,1001728,1019200,3222.563,7.515,7290.703,18.277,1.0125000476837158,4.999999873689376e-05,78548.6484375,-0.027464115992188454,78548.671875,0.6057188510894775,0.011919256299734116,3.0007660388946533,0.0
2247.235867112676,-64.33907643293013,598.6932217099253,100.0,56,5600,False,1024800,10248,183,73b03aedc11d4733ad70480dfb5e4900,2020-03-24_07-39-30,1585035570,10.620706796646118,1886.9740772247314,2887,eclipse,137.195.211.213,1886.9740772247314,1024800,183,28,28696714,0.04,0.0,1.0,10.88799443065481,0.9908254836757813,1.47908389844597,1007232,1024800,3215.911,7.752,7294.457,18.594,1.0125000476837158,4.999999873689376e-05,65177.2109375,-0.030705055221915245,65177.2265625,0.6217113137245178,0.01213753130286932,3.2171382904052734,0.0
2199.0670328583174,-516.9982471165171,616.1406765640268,100.0,56,5600,False,1030400,10304,184,73b03aedc11d4733ad70480dfb5e4900,2020-03-24_07-39-41,1585035581,10.607823848724365,1897.5819010734558,2887,eclipse,137.195.211.213,1897.5819010734558,1030400,184,28,28696714,0.04,0.0,1.0,10.891544670665375,0.9907893652385847,1.4789111169180023,1012736,1030400,3211.454,7.719,7291.525,18.642,1.0125000476837158,4.999999873689376e-05,61540.0859375,-0.02858973667025566,61540.10546875,0.6606578230857849,0.011604688130319118,3.1809515953063965,0.0
2188.3254981824853,-582.5553518350972,519.3806141611144,100.0,56,5600,False,1036000,10360,185,73b03aedc11d4733ad70480dfb5e4900,2020-03-24_07-39-52,1585035592,10.762803077697754,1908.3447041511536,2887,eclipse,137.195.211.213,1908.3447041511536,1036000,185,28,28696714,0.06,0.0,1.0,10.894604187722653,0.9907472963667944,1.478792452713302,1018240,1036000,3227.139,7.898,7293.646,19.415,1.0125000476837158,4.999999873689376e-05,51577.796875,-0.02859460562467575,51577.80859375,0.620109498500824,0.01249794103205204,3.2865078449249268,0.0
2209.7893241312177,-62.781156062285014,577.2192411884182,100.0,56,5600,False,1041600,10416,186,73b03aedc11d4733ad70480dfb5e4900,2020-03-24_07-40-02,1585035602,10.535391092300415,1918.880095243454,2887,eclipse,137.195.211.213,1918.880095243454,1041600,186,28,28696714,0.06,0.0,1.0,10.897880214626293,0.9906448327611289,1.478782906274372,1023744,1041600,3228.754,7.756,7288.486,19.494,1.0125000476837158,4.999999873689376e-05,63280.26171875,-0.02409077249467373,63280.28515625,0.7344444990158081,0.014710720628499985,3.090712547302246,0.0
2209.7893241312177,-337.2612596727146,601.0413524667177,100.0,56,5600,False,1047200,10472,187,73b03aedc11d4733ad70480dfb5e4900,2020-03-24_07-40-13,1585035613,10.56045126914978,1929.4405465126038,2887,eclipse,137.195.211.213,1929.4405465126038,1047200,187,28,28696714,0.04,0.0,1.0,10.901432473605986,0.9906513988663203,1.478776059319027,1029248,1047200,3200.491,7.812,7304.567,19.278,1.0125000476837158,4.999999873689376e-05,58653.48828125,-0.03040454536676407,58653.51171875,0.6244657039642334,0.014127076603472233,3.2059357166290283,0.0
2273.69475095174,-589.1502324331502,576.8297879165557,100.0,56,5600,False,1052800,10528,188,73b03aedc11d4733ad70480dfb5e4900,2020-03-24_07-40-23,1585035623,10.556799411773682,1939.9973459243774,2887,eclipse,137.195.211.213,1939.9973459243774,1052800,188,28,28696714,0.03,0.0,1.0,10.904887219829261,0.9906475996684334,1.4786573690284326,1034752,1052800,3192.983,7.983,7310.03,19.683,1.0125000476837158,4.999999873689376e-05,77162.6171875,-0.03482409939169884,77162.640625,0.6841961741447449,0.011314631439745426,3.2227799892425537,0.0
2501.548970672524,-589.1502324331502,624.8790299248743,100.0,56,5600,False,1058400,10584,189,73b03aedc11d4733ad70480dfb5e4900,2020-03-24_07-40-34,1585035634,10.61732006072998,1950.6146659851074,2887,eclipse,137.195.211.213,1950.6146659851074,1058400,189,28,28696714,0.0,0.0,0.0,10.908535973458518,0.99063106889048,1.4784387643766772,1040256,1058400,3196.302,8.023,7314.27,19.718,1.0125000476837158,4.999999873689376e-05,59507.1640625,-0.026718787848949432,59507.17578125,0.6633901596069336,0.01213616132736206,3.3754477500915527,0.0
3761.306342396457,-462.36582970126045,616.8719655487905,100.0,56,5600,False,1064000,10640,190,73b03aedc11d4733ad70480dfb5e4900,2020-03-24_07-40-45,1585035645,10.517492294311523,1961.132158279419,2887,eclipse,137.195.211.213,1961.132158279419,1064000,190,28,28696714,0.02,0.0,1.0,10.911335774006112,0.9905887316302064,1.4782318104463357,1045760,1064000,3185.197,7.919,7311.793,20.486,1.0125000476837158,4.999999873689376e-05,116969.8828125,-0.03308260068297386,116969.921875,0.6013909578323364,0.010099004954099655,3.4808530807495117,0.0
3761.306342396457,-67.93921044500586,713.632027218759,100.0,56,5600,False,1069600,10696,191,73b03aedc11d4733ad70480dfb5e4900,2020-03-24_07-40-55,1585035655,10.505544185638428,1971.6377024650574,2887,eclipse,137.195.211.213,1971.6377024650574,1069600,191,28,28696714,0.09,0.0,1.0,10.91457214356238,0.9905041544213625,1.4780770822026261,1051264,1069600,3179.359,7.906,7304.826,20.676,1.0125000476837158,4.999999873689376e-05,86708.90625,-0.031055474653840065,86708.9375,0.5941914319992065,0.01246566977351904,3.2851898670196533,0.0
2284.9281868387156,-511.5711261314685,603.6445043766329,100.0,56,5600,False,1075200,10752,192,73b03aedc11d4733ad70480dfb5e4900,2020-03-24_07-41-06,1585035666,10.54624891281128,1982.1839513778687,2887,eclipse,137.195.211.213,1982.1839513778687,1075200,192,28,28696714,0.08,0.0,1.0,10.917845181749092,0.9904311722386251,1.4779072418369004,1056768,1075200,3176.318,7.767,7303.495,20.119,1.0125000476837158,4.999999873689376e-05,51977.75,-0.026919933035969734,51977.765625,0.6556699275970459,0.011241908185184002,3.387591600418091,0.0
2251.5660137838536,-511.5711261314685,522.2875582579089,100.0,56,5600,False,1080800,10808,193,73b03aedc11d4733ad70480dfb5e4900,2020-03-24_07-41-16,1585035676,10.751026153564453,1992.934977531433,2887,eclipse,137.195.211.213,1992.934977531433,1080800,193,28,28696714,0.02,0.0,1.0,10.920534037355146,0.9903544633251278,1.477725568904495,1062272,1080800,3190.957,7.638,7302.077,20.256,1.0125000476837158,4.999999873689376e-05,64906.07421875,-0.021617377176880836,64906.09375,0.6543458700180054,0.012649907730519772,3.3633923530578613,0.0
2258.434947992632,-63.02107376811199,663.1997618387293,100.0,56,5600,False,1086400,10864,194,73b03aedc11d4733ad70480dfb5e4900,2020-03-24_07-41-27,1585035687,10.604007720947266,2003.5389852523804,2887,eclipse,137.195.211.213,2003.5389852523804,1086400,194,28,28696714,0.02,0.0,1.0,10.92463440916753,0.9903004083720346,1.4775545085895287,1067776,1086400,3187.122,7.538,7304.96,20.303,1.0125000476837158,4.999999873689376e-05,85529.5,-0.02339559979736805,85529.515625,0.5355070233345032,0.011318927630782127,3.015770196914673,0.0
2416.4101138374353,-531.556342009492,733.3540434660687,100.0,56,5600,False,1092000,10920,195,73b03aedc11d4733ad70480dfb5e4900,2020-03-24_07-41-38,1585035698,10.675121545791626,2014.214106798172,2887,eclipse,137.195.211.213,2014.214106798172,1092000,195,28,28696714,0.03,0.0,1.0,10.9293251163509,0.9902639552738676,1.4774219444649532,1073280,1092000,3179.517,7.337,7302.896,19.599,1.0125000476837158,4.999999873689376e-05,76025.421875,-0.025503572076559067,76025.4296875,0.6462062001228333,0.011084936559200287,2.95353364944458,0.0
2416.4101138374353,-531.556342009492,823.176836406512,100.0,56,5600,False,1097600,10976,196,73b03aedc11d4733ad70480dfb5e4900,2020-03-24_07-41-48,1585035708,10.577937841415405,2024.7920446395874,2887,eclipse,137.195.211.213,2024.7920446395874,1097600,196,28,28696714,0.07,0.0,1.0,10.934246867612142,0.9902186398609786,1.4772081185701333,1078784,1097600,3181.25,7.379,7307.99,18.906,1.0125000476837158,4.999999873689376e-05,93653.578125,-0.0275778416544199,93653.6015625,0.6337067484855652,0.011342747136950493,3.0183470249176025,0.0
3661.6704897027166,-63.38213509156058,788.4901590900749,100.0,56,5600,False,1103200,11032,197,73b03aedc11d4733ad70480dfb5e4900,2020-03-24_07-41-59,1585035719,10.653194904327393,2035.4452395439148,2887,eclipse,137.195.211.213,2035.4452395439148,1103200,197,28,28696714,0.07,0.0,1.0,10.938130909735733,0.9901784685212215,1.4769746022431205,1084288,1103200,3195.76,7.396,7301.96,18.09,1.0125000476837158,4.999999873689376e-05,115693.859375,-0.03713468462228775,115693.8828125,0.5594703555107117,0.010935339145362377,3.3207812309265137,0.0
2193.750584791447,-74.19682878691619,606.6249275080695,100.0,56,5600,False,1108800,11088,198,73b03aedc11d4733ad70480dfb5e4900,2020-03-24_07-42-10,1585035730,10.572910070419312,2046.018149614334,2887,eclipse,137.195.211.213,2046.018149614334,1108800,198,28,28696714,0.04,0.0,1.0,10.94125754616036,0.990120567555632,1.4768077864743216,1089792,1108800,3194.357,7.1,7305.075,17.914,1.0125000476837158,4.999999873689376e-05,41617.9140625,-0.023802269250154495,41617.92578125,0.7661214470863342,0.013160540722310543,3.2708427906036377,0.0
2257.954394477983,-576.7193841258108,696.170023768604,100.0,56,5600,False,1114400,11144,199,73b03aedc11d4733ad70480dfb5e4900,2020-03-24_07-42-20,1585035740,10.581095695495605,2056.5992453098297,2887,eclipse,137.195.211.213,2056.5992453098297,1114400,199,28,28696714,0.01,0.0,1.0,10.945710571448322,0.9900631182832873,1.4766305275465401,1095296,1114400,3193.843,7.116,7299.734,17.876,1.0125000476837158,4.999999873689376e-05,82776.8984375,-0.030406763777136803,82776.9140625,0.6523066759109497,0.012377902865409851,2.5607035160064697,0.0
2533.111736226303,-576.7193841258108,822.952786525871,100.0,56,5600,False,1120000,11200,200,73b03aedc11d4733ad70480dfb5e4900,2020-03-24_07-42-31,1585035751,10.554776430130005,2067.1540217399597,2887,eclipse,137.195.211.213,2067.1540217399597,1120000,200,28,28696714,0.05,0.0,1.0,10.951378343955462,0.9900739608277308,1.4764456716523409,1100800,1120000,3209.886,6.924,7288.669,17.864,1.0125000476837158,4.999999873689376e-05,65991.8828125,-0.028834911063313484,65991.90625,0.7419652938842773,0.01263298001140356,2.9274556636810303,0.0
2533.111736226303,-76.6681290367338,708.0821503338998,100.0,56,5600,False,1125600,11256,201,73b03aedc11d4733ad70480dfb5e4900,2020-03-24_07-42-42,1585035762,10.492064952850342,2077.64608669281,2887,eclipse,137.195.211.213,2077.64608669281,1125600,201,28,28696714,0.05,0.0,1.0,10.955516962626046,0.9901105763738591,1.4762987457132224,1106304,1125600,3206.998,6.807,7291.759,17.502,1.0125000476837158,4.999999873689376e-05,68875.0703125,-0.02759624272584915,68875.078125,0.5969827175140381,0.01383205596357584,2.9715051651000977,0.0
2129.6264644374037,-62.79825425794561,602.7941253164904,100.0,56,5600,False,1131200,11312,202,73b03aedc11d4733ad70480dfb5e4900,2020-03-24_07-42-52,1585035772,10.735838651657104,2088.381925344467,2887,eclipse,137.195.211.213,2088.381925344467,1131200,202,28,28696714,0.03,0.0,1.0,10.958374297422639,0.9901276602955208,1.4761501026002493,1111808,1131200,3213.797,7.305,7299.614,17.947,1.0125000476837158,4.999999873689376e-05,51689.5625,-0.03188581392168999,51689.57421875,0.7407711148262024,0.011446937918663025,3.2638869285583496,0.0
2288.0831135748153,-249.5348826975697,595.0549283172849,100.0,56,5600,False,1136800,11368,203,73b03aedc11d4733ad70480dfb5e4900,2020-03-24_07-43-03,1585035783,10.532482624053955,2098.914407968521,2887,eclipse,137.195.211.213,2098.914407968521,1136800,203,28,28696714,0.04,0.0,1.0,10.961818125310314,0.9902038762722256,1.4759838568606052,1117312,1136800,3193.605,7.623,7297.881,17.708,1.0125000476837158,4.999999873689376e-05,67824.6875,-0.03170561045408249,67824.703125,0.5924336314201355,0.012707454152405262,3.1566126346588135,0.0
2288.0831135748153,-249.5348826975697,678.4141926312617,100.0,56,5600,False,1142400,11424,204,73b03aedc11d4733ad70480dfb5e4900,2020-03-24_07-43-14,1585035794,10.659927129745483,2109.5743350982666,2887,eclipse,137.195.211.213,2109.5743350982666,1142400,204,28,28696714,0.04,0.0,1.0,10.965732856703477,0.9902321596713977,1.4758240440624815,1122816,1142400,3197.173,7.409,7302.624,18.367,1.0125000476837158,4.999999873689376e-05,51601.8828125,-0.02957097627222538,51601.89453125,0.777587890625,0.012012234888970852,3.1075963973999023,0.0
2186.005808951186,-225.4808463955119,584.6932608781296,100.0,56,5600,False,1148000,11480,205,73b03aedc11d4733ad70480dfb5e4900,2020-03-24_07-43-24,1585035804,10.545780897140503,2120.120115995407,2887,eclipse,137.195.211.213,2120.120115995407,1148000,205,28,28696714,0.01,0.0,1.0,10.968200906536904,0.9901459455240057,1.4756254540035654,1128320,1148000,3191.73,7.375,7296.257,18.066,1.0125000476837158,4.999999873689376e-05,59817.515625,-0.03182857111096382,59817.5390625,0.6130756735801697,0.011509581468999386,3.53116512298584,0.0
2250.442697071055,-332.984133308535,595.7613288421312,100.0,56,5600,False,1153600,11536,206,73b03aedc11d4733ad70480dfb5e4900,2020-03-24_07-43-35,1585035815,10.458854675292969,2130.5789706707,2887,eclipse,137.195.211.213,2130.5789706707,1153600,206,28,28696714,0.03,0.0,1.0,10.970809657404638,0.9900686702620481,1.4753871230732571,1133824,1153600,3190.373,7.677,7286.212,18.841,1.0125000476837158,4.999999873689376e-05,59892.390625,-0.030133172869682312,59892.4140625,0.7307586073875427,0.012247615493834019,2.742182493209839,0.0
2250.442697071055,-70.42157684807216,625.6812098145133,100.0,56,5600,False,1159200,11592,207,73b03aedc11d4733ad70480dfb5e4900,2020-03-24_07-43-45,1585035825,10.241497278213501,2140.8204679489136,2887,eclipse,137.195.211.213,2140.8204679489136,1159200,207,28,28696714,0.06,0.0,1.0,10.97355266083005,0.9900529927946726,1.4752611250256553,1139328,1159200,3180.943,7.506,7256.716,19.389,1.0125000476837158,4.999999873689376e-05,57955.87109375,-0.029170313850045204,57955.890625,0.6313402652740479,0.014429299160838127,2.9484493732452393,0.0
2072.857586789175,-61.82091162822363,600.8923649391669,100.0,56,5600,False,1164800,11648,208,73b03aedc11d4733ad70480dfb5e4900,2020-03-24_07-43-56,1585035836,10.555177211761475,2151.375645160675,2887,eclipse,137.195.211.213,2151.375645160675,1164800,208,28,28696714,0.05,0.0,1.0,10.976181856896948,0.9900088527529725,1.4751186856257794,1144832,1164800,3179.886,7.637,7256.89,19.043,1.0125000476837158,4.999999873689376e-05,72573.875,-0.022938581183552742,72573.8828125,0.6442559957504272,0.011067068204283714,3.140798568725586,0.0
2410.1636713560247,-84.69966020749308,735.0117274037262,100.0,56,5600,False,1170400,11704,209,73b03aedc11d4733ad70480dfb5e4900,2020-03-24_07-44-06,1585035846,10.594800472259521,2161.9704456329346,2887,eclipse,137.195.211.213,2161.9704456329346,1170400,209,28,28696714,0.03,0.0,1.0,10.979740975087076,0.9899811552678272,1.4749366303664064,1150336,1170400,3183.211,7.63,7256.621,19.298,1.0125000476837158,4.999999873689376e-05,61084.25390625,-0.022458266466856003,61084.26171875,0.7312828898429871,0.01149393618106842,2.8588783740997314,0.0
2777.645273022426,-463.4440869873515,741.0269668577208,100.0,56,5600,False,1176000,11760,210,73b03aedc11d4733ad70480dfb5e4900,2020-03-24_07-44-17,1585035857,10.569760799407959,2172.5402064323425,2887,eclipse,137.195.211.213,2172.5402064323425,1176000,210,28,28696714,0.03,0.0,1.0,10.983056826258355,0.9899400217220502,1.4747585175376352,1155840,1176000,3175.005,7.837,7265.597,19.518,1.0125000476837158,4.999999873689376e-05,100594.359375,-0.029073625802993774,100594.3828125,0.5807724595069885,0.01126528438180685,3.262767791748047,0.0
2777.645273022426,-594.3858908445476,656.3206046224598,100.0,56,5600,False,1181600,11816,211,73b03aedc11d4733ad70480dfb5e4900,2020-03-24_07-44-27,1585035867,10.574865818023682,2183.115072250366,2887,eclipse,137.195.211.213,2183.115072250366,1181600,211,28,28696714,0.04,0.0,1.0,10.98631500232563,0.9898608753024634,1.4745947338173375,1161344,1181600,3178.32,8.076,7266.957,19.926,1.0125000476837158,4.999999873689376e-05,70118.578125,-0.02866414561867714,70118.6015625,0.6161919832229614,0.011229288764297962,3.2678537368774414,0.0
2299.0320328479106,-594.3858908445476,593.1503422633409,100.0,56,5600,False,1187200,11872,212,73b03aedc11d4733ad70480dfb5e4900,2020-03-24_07-44-38,1585035878,10.610450983047485,2193.7255232334137,2887,eclipse,137.195.211.213,2193.7255232334137,1187200,212,28,28696714,0.02,0.0,1.0,10.988925984319174,0.9898096795514926,1.4744228302054045,1166848,1187200,3171.535,7.796,7263.226,20.465,1.0125000476837158,4.999999873689376e-05,70316.03125,-0.029416481032967567,70316.046875,0.6485500931739807,0.010872303508222103,3.524965524673462,0.0
2402.3365838704804,-518.6346176382708,654.0086792460917,100.0,56,5600,False,1192800,11928,213,73b03aedc11d4733ad70480dfb5e4900,2020-03-24_07-44-49,1585035889,10.591171264648438,2204.316694498062,2887,eclipse,137.195.211.213,2204.316694498062,1192800,213,28,28696714,0.01,0.0,1.0,10.991959363462884,0.9897333366544534,1.4742469485864944,1172352,1192800,3180.817,7.653,7263.36,19.755,1.0125000476837158,4.999999873689376e-05,76253.2890625,-0.03566841781139374,76253.3125,0.6006466150283813,0.014455975033342838,3.022657871246338,0.0
2402.3365838704804,-518.6346176382708,720.275894554794,100.0,56,5600,False,1198400,11984,214,73b03aedc11d4733ad70480dfb5e4900,2020-03-24_07-44-59,1585035899,10.619200468063354,2214.9358949661255,2887,eclipse,137.195.211.213,2214.9358949661255,1198400,214,28,28696714,0.01,0.0,1.0,10.995615130355814,0.9897270422665889,1.4741019619350864,1177856,1198400,3180.408,7.881,7256.314,19.567,1.0125000476837158,4.999999873689376e-05,65235.73828125,-0.027990421280264854,65235.76171875,0.7099573016166687,0.01294558122754097,3.022273302078247,0.0
2225.3371452309875,-467.1998350345665,674.986180260406,100.0,56,5600,False,1204000,12040,215,73b03aedc11d4733ad70480dfb5e4900,2020-03-24_07-45-10,1585035910,10.263344764709473,2225.199239730835,2887,eclipse,137.195.211.213,2225.199239730835,1204000,215,28,28696714,0.0,0.0,0.0,10.998841367352089,0.9897029120013933,1.4739233771696547,1183360,1204000,3174.583,7.784,7233.545,20.26,1.0125000476837158,4.999999873689376e-05,47141.57421875,-0.03383634611964226,47141.59765625,0.7373647689819336,0.01129407249391079,3.333698034286499,0.0
2156.0647248401474,-546.4292681465495,644.7338434469837,100.0,56,5600,False,1209600,12096,216,73b03aedc11d4733ad70480dfb5e4900,2020-03-24_07-45-21,1585035921,10.770108699798584,2235.9693484306335,2887,eclipse,137.195.211.213,2235.9693484306335,1209600,216,28,28696714,0.04,0.0,1.0,11.003659213000763,0.9897513332633266,1.4743067862144767,1188864,1209600,3195.305,7.456,7242.143,19.964,1.0125000476837158,4.999999873689376e-05,73045.703125,-0.031747203320264816,73045.7265625,0.6941695809364319,0.010058530606329441,3.5616610050201416,0.0
2238.7616355332875,-546.4292681465495,813.4301078090383,100.0,56,5600,False,1215200,12152,217,73b03aedc11d4733ad70480dfb5e4900,2020-03-24_07-45-31,1585035931,10.626557350158691,2246.5959057807922,2887,eclipse,137.195.211.213,2246.5959057807922,1215200,217,28,28696714,0.06,0.0,1.0,11.009029015525511,0.9897894215584009,1.4745848944567246,1194368,1215200,3207.936,7.668,7265.85,20.471,1.0125000476837158,4.999999873689376e-05,77797.328125,-0.030870487913489342,77797.3359375,0.6986791491508484,0.014053094200789928,2.8394548892974854,0.0
2288.587851532946,-74.43457888665549,837.9834428598712,100.0,56,5600,False,1220800,12208,218,73b03aedc11d4733ad70480dfb5e4900,2020-03-24_07-45-42,1585035942,10.564463376998901,2257.160369157791,2887,eclipse,137.195.211.213,2257.160369157791,1220800,218,28,28696714,0.03,0.0,1.0,11.012687966434669,0.9897726314378065,1.4744389501721968,1199872,1220800,3204.071,7.724,7268.592,21.478,1.0125000476837158,4.999999873689376e-05,70677.484375,-0.02712261863052845,70677.4921875,0.7096056342124939,0.013353081420063972,3.3837990760803223,0.0
2172.7635792650613,-480.72855646780994,736.1230670391749,100.0,56,5600,False,1226400,12264,219,73b03aedc11d4733ad70480dfb5e4900,2020-03-24_07-45-53,1585035953,10.654553890228271,2267.8149230480194,2887,eclipse,137.195.211.213,2267.8149230480194,1226400,219,28,28696714,0.02,0.0,1.0,11.016128393869367,0.9897824285962784,1.474294020642302,1205376,1226400,3207.744,7.699,7269.405,20.77,1.0125000476837158,4.999999873689376e-05,76451.984375,-0.03154071420431137,76452.0,0.6305826306343079,0.012024065479636192,3.050093173980713,0.0
2208.7434020422947,-480.72855646780994,757.782396250065,100.0,56,5600,False,1232000,12320,220,73b03aedc11d4733ad70480dfb5e4900,2020-03-24_07-46-03,1585035963,10.778135299682617,2278.593058347702,2887,eclipse,137.195.211.213,2278.593058347702,1232000,220,28,28696714,0.01,0.0,1.0,11.020379780020516,0.9897682170472916,1.4742525519744083,1210880,1232000,3221.905,7.997,7275.067,20.581,1.0125000476837158,4.999999873689376e-05,57932.2265625,-0.03214861452579498,57932.25,0.7443332076072693,0.011741356924176216,3.0658533573150635,0.0
2151.502362030773,-62.91156530138814,775.9358363786758,100.0,56,5600,False,1237600,12376,221,73b03aedc11d4733ad70480dfb5e4900,2020-03-24_07-46-14,1585035974,10.545958518981934,2289.139016866684,2887,eclipse,137.195.211.213,2289.139016866684,1237600,221,28,28696714,0.02,0.0,1.0,11.024430070885288,0.9897796179202412,1.4741773667935913,1216384,1237600,3220.939,8.039,7276.508,20.314,1.0125000476837158,4.999999873689376e-05,51164.796875,-0.02605544403195381,51164.8203125,0.754540205001831,0.01117195188999176,3.065058469772339,0.0
2500.610021613213,-480.2058835238412,603.2422662704653,100.0,56,5600,False,1243200,12432,222,73b03aedc11d4733ad70480dfb5e4900,2020-03-24_07-46-25,1585035985,10.640395641326904,2299.779412508011,2887,eclipse,137.195.211.213,2299.779412508011,1243200,222,28,28696714,0.04,0.0,1.0,11.026738280815918,0.9897624585015871,1.4740267361815678,1221888,1243200,3227.572,8.049,7270.498,20.422,1.0125000476837158,4.999999873689376e-05,54741.3828125,-0.031137550249695778,54741.40234375,0.7200380563735962,0.01432989351451397,3.1608688831329346,0.0
2500.610021613213,-480.2058835238412,610.3210399376349,100.0,56,5600,False,1248800,12488,223,73b03aedc11d4733ad70480dfb5e4900,2020-03-24_07-46-35,1585035995,10.58245062828064,2310.3618631362915,2887,eclipse,137.195.211.213,2310.3618631362915,1248800,223,28,28696714,0.01,0.0,1.0,11.029140690664855,0.9897166994346402,1.4738332932365963,1227392,1248800,3224.888,8.024,7269.426,20.574,1.0125000476837158,4.999999873689376e-05,52713.05078125,-0.03120242990553379,52713.0703125,0.725691556930542,0.014078848995268345,3.236534357070923,0.0
2187.5527505116265,-205.62757390512445,556.3224162601191,100.0,56,5600,False,1254400,12544,224,73b03aedc11d4733ad70480dfb5e4900,2020-03-24_07-46-46,1585036006,10.560810327529907,2320.9226734638214,2887,eclipse,137.195.211.213,2320.9226734638214,1254400,224,28,28696714,0.01,0.0,1.0,11.031205813851852,0.9896745923635122,1.4737412996024475,1232896,1254400,3224.504,8.082,7267.207,19.939,1.0125000476837158,4.999999873689376e-05,64075.8203125,-0.025409836322069168,64075.8359375,0.5986476540565491,0.011133161373436451,3.1115658283233643,0.0
2938.049890529533,-250.4715929971069,653.3642155263383,100.0,56,5600,False,1260000,12600,225,73b03aedc11d4733ad70480dfb5e4900,2020-03-24_07-46-57,1585036017,10.593915939331055,2331.5165894031525,2887,eclipse,137.195.211.213,2331.5165894031525,1260000,225,28,28696714,0.05,0.0,1.0,11.033608572106022,0.9895946854784253,1.4735996820319692,1238400,1260000,3231.107,7.947,7292.717,19.179,1.0125000476837158,4.999999873689376e-05,101717.4765625,-0.042223721742630005,101717.5,0.5936876535415649,0.010872403159737587,3.109513759613037,0.0
4253.507222120235,-458.08562050965287,760.7353198235115,100.0,56,5600,False,1265600,12656,226,73b03aedc11d4733ad70480dfb5e4900,2020-03-24_07-47-07,1585036027,10.477315187454224,2341.9939045906067,2887,eclipse,137.195.211.213,2341.9939045906067,1265600,226,28,28696714,0.06,0.0,1.0,11.036605790968714,0.9895676281977674,1.4734754959524645,1243904,1265600,3205.825,8.177,7290.438,19.341,1.0125000476837158,4.999999873689376e-05,166240.4375,-0.028917288407683372,166240.46875,0.49788275361061096,0.012634305283427238,3.219163417816162,0.0
4253.507222120235,-569.140714224064,804.0301734667128,100.0,56,5600,False,1271200,12712,227,73b03aedc11d4733ad70480dfb5e4900,2020-03-24_07-47-18,1585036038,10.58159589767456,2352.5755004882812,2887,eclipse,137.195.211.213,2352.5755004882812,1271200,227,28,28696714,0.03,0.0,1.0,11.040135827553312,0.9895654735746247,1.4733498580378375,1249408,1271200,3203.422,8.016,7288.741,18.71,1.0125000476837158,4.999999873689376e-05,69273.78125,-0.029009779915213585,69273.78125,0.6920166015625,0.012771973386406898,2.9608559608459473,0.0
2609.5247878789046,-569.140714224064,785.7454060376522,100.0,56,5600,False,1276800,12768,228,73b03aedc11d4733ad70480dfb5e4900,2020-03-24_07-47-28,1585036048,10.604234218597412,2363.1797347068787,2887,eclipse,137.195.211.213,2363.1797347068787,1276800,228,28,28696714,0.03,0.0,1.0,11.043526982223367,0.9895925285121109,1.4732221122652809,1254912,1276800,3216.015,8.003,7284.026,18.01,1.0125000476837158,4.999999873689376e-05,88491.7578125,-0.027156749740242958,88491.765625,0.6647236943244934,0.011546721681952477,2.8734350204467773,0.0
2347.3031312068047,-68.05172676581003,760.3952283433831,100.0,56,5600,False,1282400,12824,229,73b03aedc11d4733ad70480dfb5e4900,2020-03-24_07-47-39,1585036059,10.625890254974365,2373.805624961853,2887,eclipse,137.195.211.213,2373.805624961853,1282400,229,28,28696714,0.08,0.0,1.0,11.04672483156813,0.9895729505890025,1.47313290704368,1260416,1282400,3214.304,7.811,7283.952,18.257,1.0125000476837158,4.999999873689376e-05,61446.72265625,-0.0307371374219656,61446.74609375,0.7238436341285706,0.012873169034719467,2.8519113063812256,0.0
2439.1134403289607,-550.4007379118206,724.1110459389187,100.0,56,5600,False,1288000,12880,230,73b03aedc11d4733ad70480dfb5e4900,2020-03-24_07-47-50,1585036070,10.626638650894165,2384.432263612747,2887,eclipse,137.195.211.213,2384.432263612747,1288000,230,28,28696714,0.07,0.0,1.0,11.050096845617691,0.9896434867482177,1.4730542669494742,1265920,1288000,3205.429,7.262,7280.809,17.511,1.0125000476837158,4.999999873689376e-05,51331.0234375,-0.028486473485827446,51331.0390625,0.8031946420669556,0.011227077804505825,3.263658046722412,0.0
2439.1134403289607,-550.4007379118206,920.2033743074803,100.0,56,5600,False,1293600,12936,231,73b03aedc11d4733ad70480dfb5e4900,2020-03-24_07-48-00,1585036080,10.745681762695312,2395.1779453754425,2887,eclipse,137.195.211.213,2395.1779453754425,1293600,231,28,28696714,0.03,0.0,1.0,11.054996216695512,0.989735786741291,1.4729169748038993,1271424,1293600,3220.852,7.008,7282.547,17.589,1.0125000476837158,4.999999873689376e-05,77145.2265625,-0.02773202210664749,77145.2421875,0.6828073263168335,0.015168885700404644,2.580418825149536,0.0
2933.272347521047,-320.20650984126945,984.2354153854702,100.0,56,5600,False,1299200,12992,232,73b03aedc11d4733ad70480dfb5e4900,2020-03-24_07-48-11,1585036091,10.520902872085571,2405.698848247528,2887,eclipse,137.195.211.213,2405.698848247528,1299200,232,28,28696714,0.03,0.0,1.0,11.060103161664038,0.9897796304326605,1.472747461069052,1276928,1299200,3215.825,6.805,7276.775,17.149,1.0125000476837158,4.999999873689376e-05,95292.1953125,-0.03255791589617729,95292.21875,0.645774245262146,0.011415957473218441,2.540297508239746,0.0
2933.272347521047,-62.271892063036994,907.5994076858552,100.0,56,5600,False,1304800,13048,233,73b03aedc11d4733ad70480dfb5e4900,2020-03-24_07-48-22,1585036102,10.611750841140747,2416.310599088669,2887,eclipse,137.195.211.213,2416.310599088669,1304800,233,28,28696714,0.03,0.0,1.0,11.06495047095958,0.9897870132212979,1.4726968136888678,1282432,1304800,3235.282,6.753,7260.969,18.016,1.0125000476837158,4.999999873689376e-05,79074.5234375,-0.032985638827085495,79074.546875,0.6428112387657166,0.01269411202520132,2.5330910682678223,0.0
2105.794673784893,-65.2382845957387,789.7640990598477,100.0,56,5600,False,1310400,13104,234,73b03aedc11d4733ad70480dfb5e4900,2020-03-24_07-48-33,1585036113,10.9351966381073,2427.245795726776,2887,eclipse,137.195.211.213,2427.245795726776,1310400,234,28,28696714,0.01,0.0,1.0,11.070060102721127,0.9899036663433105,1.4731053912220908,1287936,1310400,3274.855,6.5,7259.694,17.807,1.0125000476837158,4.999999873689376e-05,49511.71484375,-0.03671707957983017,49511.74609375,0.8007427453994751,0.011908259242773056,2.801614761352539,0.0
2308.936904958999,-201.0181990477648,892.3035668976927,100.0,56,5600,False,1316000,13160,235,73b03aedc11d4733ad70480dfb5e4900,2020-03-24_07-48-43,1585036123,10.682983160018921,2437.928778886795,2887,eclipse,137.195.211.213,2437.928778886795,1316000,235,28,28696714,0.02,0.0,1.0,11.07568541846569,0.9899503977955291,1.4733358626927535,1293440,1316000,3278.562,6.722,7263.832,18.862,1.0125000476837158,4.999999873689376e-05,76484.0234375,-0.033393703401088715,76484.046875,0.6579633951187134,0.012972584925591946,2.5328314304351807,0.0
2308.936904958999,-201.0181990477648,892.6479767539993,100.0,56,5600,False,1321600,13216,236,73b03aedc11d4733ad70480dfb5e4900,2020-03-24_07-48-54,1585036134,10.706576824188232,2448.6353557109833,2887,eclipse,137.195.211.213,2448.6353557109833,1321600,236,28,28696714,0.02,0.0,1.0,11.080560258972405,0.98994382698498,1.4731833547154056,1298944,1321600,3293.427,6.617,7271.095,18.129,1.0125000476837158,4.999999873689376e-05,65666.4140625,-0.027621986344456673,65666.421875,0.6927016377449036,0.010934051126241684,2.367112398147583,0.0
2903.2174549289757,-339.26097037612067,852.8842805556586,100.0,56,5600,False,1327200,13272,237,73b03aedc11d4733ad70480dfb5e4900,2020-03-24_07-49-05,1585036145,10.609516382217407,2459.2448720932007,2887,eclipse,137.195.211.213,2459.2448720932007,1327200,237,28,28696714,0.04,0.0,1.0,11.08442024325125,0.989947864972651,1.4730194996138755,1304448,1327200,3294.318,6.443,7274.909,18.637,1.0125000476837158,4.999999873689376e-05,111094.0078125,-0.03640618175268173,111094.046875,0.5739136934280396,0.012433364987373352,2.749624729156494,0.0
4308.276554146312,-339.26097037612067,850.7474889851416,100.0,56,5600,False,1332800,13328,238,73b03aedc11d4733ad70480dfb5e4900,2020-03-24_07-49-15,1585036155,10.33655047416687,2469.5814225673676,2887,eclipse,137.195.211.213,2469.5814225673676,1332800,238,28,28696714,0.09,0.0,1.0,11.0878351924285,0.9899707455250354,1.4730260524117813,1309952,1332800,3298.201,6.365,7242.506,18.409,1.0125000476837158,4.999999873689376e-05,160433.984375,-0.026992984116077423,160434.0,0.46204984188079834,0.014505550265312195,2.6401779651641846,0.0
4308.276554146312,-184.11874394455424,813.3764457794584,100.0,56,5600,False,1338400,13384,239,73b03aedc11d4733ad70480dfb5e4900,2020-03-24_07-49-26,1585036166,10.386624813079834,2479.9680473804474,2887,eclipse,137.195.211.213,2479.9680473804474,1338400,239,28,28696714,0.07,0.0,1.0,11.091009694426619,0.9899972176387445,1.4729979984989785,1315456,1338400,3290.121,6.575,7229.038,17.666,1.0125000476837158,4.999999873689376e-05,76154.1640625,-0.03564365953207016,76154.1796875,0.6526218056678772,0.01571427844464779,2.5606613159179688,0.0
2378.234213948931,-173.72268144635058,770.9201809044495,100.0,56,5600,False,1344000,13440,240,73b03aedc11d4733ad70480dfb5e4900,2020-03-24_07-49-36,1585036176,10.5955228805542,2490.5635702610016,2887,eclipse,137.195.211.213,2490.5635702610016,1344000,240,28,28696714,0.04,0.0,1.0,11.094318132752466,0.9899541225399331,1.4728373542053168,1320960,1344000,3289.061,6.571,7228.008,17.537,1.0125000476837158,4.999999873689376e-05,72010.84375,-0.027503065764904022,72010.8515625,0.6236858367919922,0.011855670250952244,2.789919137954712,0.0
3134.7968252017386,-69.92013363139654,634.0872043081006,100.0,56,5600,False,1349600,13496,241,73b03aedc11d4733ad70480dfb5e4900,2020-03-24_07-49-47,1585036187,10.519899129867554,2501.083469390869,2887,eclipse,137.195.211.213,2501.083469390869,1349600,241,28,28696714,0.04,0.0,1.0,11.09626521357243,0.9899210544809006,1.472705789812289,1326464,1349600,3270.488,6.719,7224.461,17.393,1.0125000476837158,4.999999873689376e-05,87525.875,-0.03632999211549759,87525.90625,0.5808014869689941,0.010850712656974792,3.079195976257324,0.0
3134.7968252017386,-69.92013363139654,744.6476834932641,100.0,56,5600,False,1355200,13552,242,73b03aedc11d4733ad70480dfb5e4900,2020-03-24_07-49-57,1585036197,10.666781187057495,2511.7502505779266,2887,eclipse,137.195.211.213,2511.7502505779266,1355200,242,28,28696714,0.03,0.0,1.0,11.099673913901725,0.9898442041548512,1.4725737669947767,1331968,1355200,3273.996,6.914,7235.064,17.373,1.0125000476837158,4.999999873689376e-05,88971.1015625,-0.038854051381349564,88971.1328125,0.5873911380767822,0.013810195028781891,2.3580105304718018,0.0
2298.707637450355,-227.33343414752875,811.0626031393491,100.0,56,5600,False,1360800,13608,243,73b03aedc11d4733ad70480dfb5e4900,2020-03-24_07-50-08,1585036208,10.575021505355835,2522.3252720832825,2887,eclipse,137.195.211.213,2522.3252720832825,1360800,243,28,28696714,0.02,0.0,1.0,11.10374584314402,0.9898251018224835,1.4724437058553135,1337472,1360800,3262.68,6.947,7239.13,17.478,1.0125000476837158,4.999999873689376e-05,73402.9609375,-0.030515922233462334,73402.9765625,0.6422684192657471,0.013422827236354351,2.746905565261841,0.0
2388.5933503383253,-227.33343414752875,773.5044588777753,100.0,56,5600,False,1366400,13664,244,73b03aedc11d4733ad70480dfb5e4900,2020-03-24_07-50-19,1585036219,10.930442333221436,2533.255714416504,2887,eclipse,137.195.211.213,2533.255714416504,1366400,244,28,28696714,0.0,0.0,0.0,11.108957414826941,0.9898621179247112,1.4727216856760308,1342976,1366400,3248.996,7.439,7249.121,18.099,1.0125000476837158,4.999999873689376e-05,67799.171875,-0.02758694253861904,67799.1875,0.6854397058486938,0.013435945846140385,2.769627332687378,0.0
2388.5933503383253,-535.9095627985506,712.9879080051552,100.0,56,5600,False,1372000,13720,245,73b03aedc11d4733ad70480dfb5e4900,2020-03-24_07-50-30,1585036230,10.655162334442139,2543.910876750946,2887,eclipse,137.195.211.213,2543.910876750946,1372000,245,28,28696714,0.0,0.0,0.0,11.113390421547598,0.9898906580551184,1.4728924904793994,1348480,1372000,3246.966,7.28,7249.61,18.218,1.0125000476837158,4.999999873689376e-05,56786.10546875,-0.03622777760028839,56786.1328125,0.7205312848091125,0.013476557098329067,2.7749218940734863,0.0
2254.664520758755,-535.9095627985506,740.3612758387858,100.0,56,5600,False,1377600,13776,246,73b03aedc11d4733ad70480dfb5e4900,2020-03-24_07-50-40,1585036240,10.593120813369751,2554.503997564316,2887,eclipse,137.195.211.213,2554.503997564316,1377600,246,28,28696714,0.03,0.0,1.0,11.116540752253545,0.9898491817598831,1.472662654682578,1353984,1377600,3236.258,7.25,7246.133,19.16,1.0125000476837158,4.999999873689376e-05,52011.39453125,-0.028588123619556427,52011.40234375,0.7311204671859741,0.013212181627750397,2.961376428604126,0.0
2667.4086333287523,-67.43558984761114,893.9938236172375,100.0,56,5600,False,1383200,13832,247,73b03aedc11d4733ad70480dfb5e4900,2020-03-24_07-50-51,1585036251,10.696223020553589,2565.2002205848694,2887,eclipse,137.195.211.213,2565.2002205848694,1383200,247,28,28696714,0.04,0.0,1.0,11.120850824796841,0.9897910503251786,1.4725004105366468,1359488,1383200,3245.052,7.63,7244.835,18.874,1.0125000476837158,4.999999873689376e-05,76856.3515625,-0.03062177263200283,76856.3671875,0.6968687176704407,0.01172101404517889,2.4056971073150635,0.0
2191.01977484904,-66.49099593029813,891.0811301697764,100.0,56,5600,False,1388800,13888,248,73b03aedc11d4733ad70480dfb5e4900,2020-03-24_07-51-02,1585036262,10.610810041427612,2575.811030626297,2887,eclipse,137.195.211.213,2575.811030626297,1388800,248,28,28696714,0.0,0.0,0.0,11.124926830201046,0.9897633791521067,1.4724466648713133,1364992,1388800,3236.657,7.611,7280.862,19.634,1.0125000476837158,4.999999873689376e-05,60864.08203125,-0.03167737275362015,60864.09765625,0.7162830829620361,0.014796903356909752,2.9153149127960205,0.0
2236.359074804548,-415.9625462878772,818.8242104261487,100.0,56,5600,False,1394400,13944,249,73b03aedc11d4733ad70480dfb5e4900,2020-03-24_07-51-12,1585036272,10.605254888534546,2586.4162855148315,2887,eclipse,137.195.211.213,2586.4162855148315,1394400,249,28,28696714,0.01,0.0,1.0,11.127575867206188,0.9897594974360945,1.472326896990292,1370496,1394400,3234.313,7.617,7301.832,20.295,1.0125000476837158,4.999999873689376e-05,73633.140625,-0.024596916511654854,73633.1484375,0.705559492111206,0.011921104043722153,2.9672935009002686,0.0
2360.464361052199,-415.9625462878772,850.9900814172838,100.0,56,5600,False,1400000,14000,250,73b03aedc11d4733ad70480dfb5e4900,2020-03-24_07-51-23,1585036283,10.608269691467285,2597.024555206299,2887,eclipse,137.195.211.213,2597.024555206299,1400000,250,28,28696714,0.01,0.0,1.0,11.130709940510656,0.9897044817753698,1.4721762302716537,1376000,1400000,3231.37,8.16,7301.703,21.122,1.0125000476837158,4.999999873689376e-05,67614.625,-0.0268850214779377,67614.640625,0.6894832253456116,0.013892272487282753,2.82011342048645,0.0
2360.464361052199,-277.3452142397421,819.7128744264212,100.0,56,5600,False,1405600,14056,251,73b03aedc11d4733ad70480dfb5e4900,2020-03-24_07-51-34,1585036294,10.603827476501465,2607.6283826828003,2887,eclipse,137.195.211.213,2607.6283826828003,1405600,251,28,28696714,0.0,0.0,0.0,11.134359354040834,0.98966489031061,1.4720409334136975,1381504,1405600,3237.138,7.901,7305.02,20.62,1.0125000476837158,4.999999873689376e-05,62856.046875,-0.026001185178756714,62856.05859375,0.6945429444313049,0.015410034917294979,2.624039649963379,0.0
2241.1722248899882,-477.90149479935224,891.338870701009,100.0,56,5600,False,1411200,14112,252,73b03aedc11d4733ad70480dfb5e4900,2020-03-24_07-51-45,1585036305,10.74455189704895,2618.3729345798492,2887,eclipse,137.195.211.213,2618.3729345798492,1411200,252,28,28696714,0.02,0.0,1.0,11.138599381572282,0.989650191101156,1.4719114872532573,1387008,1411200,3244.593,7.87,7305.519,21.157,1.0125000476837158,4.999999873689376e-05,60682.73828125,-0.032730065286159515,60682.75390625,0.7433769702911377,0.012222628109157085,2.475369930267334,0.0
3811.946786925777,-550.8648285000229,912.345204164653,100.0,56,5600,False,1416800,14168,253,73b03aedc11d4733ad70480dfb5e4900,2020-03-24_07-51-55,1585036315,10.541333436965942,2628.914268016815,2887,eclipse,137.195.211.213,2628.914268016815,1416800,253,28,28696714,0.04,0.0,1.0,11.141853152900948,0.9895968409606184,1.4717475189780265,1392512,1416800,3236.682,7.877,7312.896,20.568,1.0125000476837158,4.999999873689376e-05,142815.1875,-0.03177608177065849,142815.203125,0.47014284133911133,0.010909481905400753,2.6734678745269775,0.0
3811.946786925777,-550.8648285000229,823.2991623225831,100.0,56,5600,False,1422400,14224,254,73b03aedc11d4733ad70480dfb5e4900,2020-03-24_07-52-06,1585036326,10.634032964706421,2639.5483009815216,2887,eclipse,137.195.211.213,2639.5483009815216,1422400,254,28,28696714,0.04,0.0,1.0,11.144452517193704,0.9895761779217512,1.4715898451517573,1398016,1422400,3214.926,7.454,7305.112,20.802,1.0125000476837158,4.999999873689376e-05,69147.1796875,-0.03255503997206688,69147.1953125,0.7262889742851257,0.010637901723384857,3.1699981689453125,0.0
2099.7679974478533,-66.72306153824755,719.7458911634465,100.0,56,5600,False,1428000,14280,255,73b03aedc11d4733ad70480dfb5e4900,2020-03-24_07-52-17,1585036337,10.693832159042358,2650.242133140564,2887,eclipse,137.195.211.213,2650.242133140564,1428000,255,28,28696714,0.0,0.0,0.0,11.147046481011982,0.9896085953470154,1.4714905926987591,1403520,1428000,3217.183,7.521,7306.748,20.559,1.0125000476837158,4.999999873689376e-05,62012.9609375,-0.031250353902578354,62012.984375,0.681767463684082,0.014274772256612778,2.5051674842834473,0.0
2179.9618503214865,-57.46709024735085,867.7575833233303,100.0,56,5600,False,1433600,14336,256,73b03aedc11d4733ad70480dfb5e4900,2020-03-24_07-52-27,1585036347,10.675771713256836,2660.917904853821,2887,eclipse,137.195.211.213,2660.917904853821,1433600,256,28,28696714,0.01,0.0,1.0,11.150430895117111,0.989585494433608,1.4713652103308714,1409024,1433600,3229.639,7.524,7304.47,19.754,1.0125000476837158,4.999999873689376e-05,50340.609375,-0.03542083501815796,50340.6328125,0.7895039319992065,0.012494144029915333,2.438248634338379,0.0
2411.580201306508,-71.73168029169568,828.0336714894069,100.0,56,5600,False,1439200,14392,257,73b03aedc11d4733ad70480dfb5e4900,2020-03-24_07-52-38,1585036358,10.638261556625366,2671.556166410446,2887,eclipse,137.195.211.213,2671.556166410446,1439200,257,28,28696714,0.03,0.0,1.0,11.153621410039824,0.9895614636576903,1.4712751036810285,1414528,1439200,3222.105,7.463,7308.193,18.851,1.0125000476837158,4.999999873689376e-05,71809.875,-0.032860949635505676,71809.890625,0.6282688975334167,0.011138991452753544,2.5504298210144043,0.0
2411.580201306508,-332.39905377580754,821.078705592844,100.0,56,5600,False,1444800,14448,258,73b03aedc11d4733ad70480dfb5e4900,2020-03-24_07-52-49,1585036369,10.66868805885315,2682.2248544692993,2887,eclipse,137.195.211.213,2682.2248544692993,1444800,258,28,28696714,0.03,0.0,1.0,11.157115714645066,0.989630398121428,1.4711847357051795,1420032,1444800,3232.356,7.729,7301.977,18.817,1.0125000476837158,4.999999873689376e-05,63513.3828125,-0.03287764638662338,63513.40625,0.71970534324646,0.013628383167088032,2.4961135387420654,0.0
2274.849582572001,-481.67430474500475,845.1399924002512,100.0,56,5600,False,1450400,14504,259,73b03aedc11d4733ad70480dfb5e4900,2020-03-24_07-52-59,1585036379,10.55205774307251,2692.776912212372,2887,eclipse,137.195.211.213,2692.776912212372,1450400,259,28,28696714,0.01,0.0,1.0,11.160446373679317,0.98963278891529,1.4710474057648224,1425536,1450400,3230.761,7.531,7297.951,19.102,1.0125000476837158,4.999999873689376e-05,50316.05078125,-0.0352027453482151,50316.07421875,0.7816854119300842,0.013056534342467785,3.0574703216552734,0.0
2185.9827947778144,-553.5702457016756,832.435343342907,100.0,56,5600,False,1456000,14560,260,73b03aedc11d4733ad70480dfb5e4900,2020-03-24_07-53-10,1585036390,10.653857707977295,2703.430769920349,2887,eclipse,137.195.211.213,2703.430769920349,1456000,260,28,28696714,0.01,0.0,1.0,11.163547580628519,0.9896191242564961,1.4709090586565032,1431040,1456000,3235.762,7.175,7298.315,18.684,1.0125000476837158,4.999999873689376e-05,86406.6171875,-0.0264799352735281,86406.625,0.6304857730865479,0.015796393156051636,2.5975327491760254,0.0
2346.91458393231,-553.5702457016756,871.6068693786838,100.0,56,5600,False,1461600,14616,261,73b03aedc11d4733ad70480dfb5e4900,2020-03-24_07-53-21,1585036401,10.63035535812378,2714.061125278473,2887,eclipse,137.195.211.213,2714.061125278473,1461600,261,28,28696714,0.02,0.0,1.0,11.166707836494293,0.9896200638956207,1.4707950537341667,1436544,1461600,3238.639,7.455,7296.262,19.033,1.0125000476837158,4.999999873689376e-05,76283.59375,-0.032435789704322815,76283.609375,0.7026434540748596,0.012662126682698727,2.610252618789673,0.0
3354.865196335524,-608.8236532717635,851.1111783834633,100.0,56,5600,False,1467200,14672,262,73b03aedc11d4733ad70480dfb5e4900,2020-03-24_07-53-31,1585036411,10.586125373840332,2724.6472506523132,2887,eclipse,137.195.211.213,2724.6472506523132,1467200,262,28,28696714,0.05,0.0,1.0,11.16936102353815,0.9895834950481098,1.4706764341395142,1442048,1467200,3229.951,7.398,7290.765,18.404,1.0125000476837158,4.999999873689376e-05,110720.53125,-0.03350374102592468,110720.5546875,0.6118298172950745,0.013325895182788372,2.6527678966522217,0.0
3354.865196335524,-608.8236532717635,815.4188411427276,100.0,56,5600,False,1472800,14728,263,73b03aedc11d4733ad70480dfb5e4900,2020-03-24_07-53-42,1585036422,10.487313032150269,2735.1345636844635,2887,eclipse,137.195.211.213,2735.1345636844635,1472800,263,28,28696714,0.05,0.0,1.0,11.172122585353277,0.9895779233600532,1.4705601139005813,1447552,1472800,3236.425,7.423,7280.744,18.358,1.0125000476837158,4.999999873689376e-05,52175.953125,-0.03255583345890045,52175.984375,0.735740602016449,0.014581316150724888,2.5963327884674072,0.0
2183.2352274422697,-68.29527511997455,796.2730911781318,100.0,56,5600,False,1478400,14784,264,73b03aedc11d4733ad70480dfb5e4900,2020-03-24_07-53-52,1585036432,10.615890264511108,2745.7504539489746,2887,eclipse,137.195.211.213,2745.7504539489746,1478400,264,28,28696714,0.03,0.0,1.0,11.175087280958873,0.9895742784873915,1.4704355188234133,1453056,1478400,3231.934,7.573,7285.064,18.277,1.0125000476837158,4.999999873689376e-05,62267.5703125,-0.031384434551000595,62267.5859375,0.6956713199615479,0.014352637343108654,2.5124127864837646,0.0
2234.6628230125048,-70.96269140391863,727.6919960933645,100.0,56,5600,False,1484000,14840,265,73b03aedc11d4733ad70480dfb5e4900,2020-03-24_07-54-03,1585036443,10.413102149963379,2756.163556098938,2887,eclipse,137.195.211.213,2756.163556098938,1484000,265,28,28696714,0.01,0.0,1.0,11.177508749005437,0.9895031090540326,1.4703495257159647,1458560,1484000,3212.428,7.641,7276.008,18.78,1.0125000476837158,4.999999873689376e-05,68158.9375,-0.03261543810367584,68158.953125,0.6535983681678772,0.012331517413258553,2.750633955001831,0.0
2380.663308510309,-70.96269140391863,733.3386967221253,100.0,56,5600,False,1489600,14896,266,73b03aedc11d4733ad70480dfb5e4900,2020-03-24_07-54-14,1585036454,10.717358827590942,2766.880914926529,2887,eclipse,137.195.211.213,2766.880914926529,1489600,266,28,28696714,0.0,0.0,0.0,11.180003350691438,0.9894771948456138,1.4702997324798588,1464064,1489600,3216.771,7.612,7275.866,18.942,1.0125000476837158,4.999999873689376e-05,65773.6015625,-0.035917460918426514,65773.625,0.7189213037490845,0.013623232021927834,2.441730499267578,0.0
2380.663308510309,-70.80925437509538,795.7298670491817,100.0,56,5600,False,1495200,14952,267,73b03aedc11d4733ad70480dfb5e4900,2020-03-24_07-54-24,1585036464,10.546412467956543,2777.4273273944855,2887,eclipse,137.195.211.213,2777.4273273944855,1495200,267,28,28696714,0.0,0.0,0.0,11.18298332718437,0.9894478249791672,1.4702738103065087,1469568,1495200,3212.965,7.687,7269.509,20.208,1.0125000476837158,4.999999873689376e-05,46924.484375,-0.03294801712036133,46924.50390625,0.7684558629989624,0.013339931145310402,2.9117178916931152,0.0
2058.9159616420748,-410.02482992949126,710.4345009363043,100.0,56,5600,False,1500800,15008,268,73b03aedc11d4733ad70480dfb5e4900,2020-03-24_07-54-35,1585036475,10.540445327758789,2787.9677727222443,2887,eclipse,137.195.211.213,2787.9677727222443,1500800,268,28,28696714,0.0,0.0,0.0,11.184812637035913,0.9894026013005959,1.4701912273127484,1475072,1500800,3201.999,7.563,7269.018,20.213,1.0125000476837158,4.999999873689376e-05,46509.203125,-0.035151008516550064,46509.22265625,0.7723238468170166,0.01281577255576849,3.0348105430603027,0.0
2223.6378761127526,-410.02482992949126,746.6939649540284,100.0,56,5600,False,1506400,15064,269,73b03aedc11d4733ad70480dfb5e4900,2020-03-24_07-54-45,1585036485,10.52619218826294,2798.493964910507,2887,eclipse,137.195.211.213,2798.493964910507,1506400,269,28,28696714,0.0,0.0,0.0,11.187173645251068,0.9893444119583047,1.4700888681187125,1480576,1506400,3201.76,7.425,7267.281,20.144,1.0125000476837158,4.999999873689376e-05,54103.39453125,-0.032198887318372726,54103.40625,0.7517886757850647,0.012446700595319271,2.5052103996276855,0.0
2266.439759348273,-66.30378530087008,840.1375621722294,100.0,56,5600,False,1512000,15120,270,73b03aedc11d4733ad70480dfb5e4900,2020-03-24_07-54-56,1585036496,10.744307041168213,2809.2382719516754,2887,eclipse,137.195.211.213,2809.2382719516754,1512000,270,28,28696714,0.02,0.0,1.0,11.19009008699185,0.9892976491986797,1.4699775409686788,1486080,1512000,3216.298,7.388,7262.855,20.69,1.0125000476837158,4.999999873689376e-05,64112.3671875,-0.03778304159641266,64112.39453125,0.7233104705810547,0.012015396729111671,2.7638421058654785,0.0
3411.865942240292,-549.2788641221532,925.2960186062985,100.0,56,5600,False,1517600,15176,271,73b03aedc11d4733ad70480dfb5e4900,2020-03-24_07-55-07,1585036507,10.559738397598267,2819.7980103492737,2887,eclipse,137.195.211.213,2819.7980103492737,1517600,271,28,28696714,0.03,0.0,1.0,11.193520505336501,0.9892668445497793,1.4698569172247467,1491584,1517600,3222.15,7.246,7252.168,21.354,1.0125000476837158,4.999999873689376e-05,120874.28125,-0.03590303659439087,120874.3046875,0.5741617679595947,0.014341882430016994,2.072888135910034,0.0
3411.865942240292,-549.2788641221532,862.7202736864665,100.0,56,5600,False,1523200,15232,272,73b03aedc11d4733ad70480dfb5e4900,2020-03-24_07-55-18,1585036518,11.404141902923584,2831.2021522521973,2887,eclipse,137.195.211.213,2831.2021522521973,1523200,272,28,28696714,0.02,0.0,1.0,11.19944654026093,0.9895199234084407,1.470690488649601,1497088,1523200,3294.573,7.235,7262.906,21.531,1.0125000476837158,4.999999873689376e-05,44012.22265625,-0.028172288089990616,44012.23828125,0.775505006313324,0.012130160816013813,3.005950927734375,0.0
2150.5944438197985,-520.6160447101516,782.5924805330131,100.0,56,5600,False,1528800,15288,273,73b03aedc11d4733ad70480dfb5e4900,2020-03-24_07-55-30,1585036530,11.220328330993652,2842.422480583191,2887,eclipse,137.195.211.213,2842.422480583191,1528800,273,28,28696714,0.02,0.0,1.0,11.206784266795328,0.9899015740598327,1.4721902156414906,1502592,1528800,3351.763,7.298,7276.666,21.425,1.0125000476837158,4.999999873689376e-05,66156.9921875,-0.03480397164821625,66157.0078125,0.7341647744178772,0.013063499704003334,2.5020415782928467,0.0
2150.5944438197985,-520.6160447101516,917.555741076787,100.0,56,5600,False,1534400,15344,274,73b03aedc11d4733ad70480dfb5e4900,2020-03-24_07-55-40,1585036540,10.616735696792603,2853.0392162799835,2887,eclipse,137.195.211.213,2853.0392162799835,1534400,274,28,28696714,0.03,0.0,1.0,11.21234939344238,0.990052079272653,1.4728072564110897,1508096,1534400,3357.505,7.307,7270.152,21.228,1.0125000476837158,4.999999873689376e-05,57478.609375,-0.03309794142842293,57478.62890625,0.7436054348945618,0.015915675088763237,2.479477882385254,0.0
2186.243690937224,-73.88655361824117,966.8463107977473,100.0,56,5600,False,1540000,15400,275,73b03aedc11d4733ad70480dfb5e4900,2020-03-24_07-55-51,1585036551,10.523973941802979,2863.5631902217865,2887,eclipse,137.195.211.213,2863.5631902217865,1540000,275,28,28696714,0.01,0.0,1.0,11.216164112575179,0.9900502919269454,1.4727578274241306,1513600,1540000,3369.665,7.443,7270.841,20.72,1.0125000476837158,4.999999873689376e-05,56296.7734375,-0.030854780226945877,56296.7890625,0.7467925548553467,0.01335521787405014,2.4938995838165283,0.0
2812.9157165719644,-73.88655361824117,928.2586778137553,100.0,56,5600,False,1545600,15456,276,73b03aedc11d4733ad70480dfb5e4900,2020-03-24_07-56-01,1585036561,10.6155264377594,2874.178716659546,2887,eclipse,137.195.211.213,2874.178716659546,1545600,276,28,28696714,0.02,0.0,1.0,11.219536970393545,0.9900105524490138,1.4727579641890447,1519104,1545600,3365.256,7.367,7267.539,20.673,1.0125000476837158,4.999999873689376e-05,86387.921875,-0.0310138538479805,86387.9453125,0.6247031092643738,0.011742820963263512,2.47450590133667,0.0
2812.9157165719644,-482.2621011265599,814.2361763727137,100.0,56,5600,False,1551200,15512,277,73b03aedc11d4733ad70480dfb5e4900,2020-03-24_07-56-12,1585036572,10.485338687896729,2884.6640553474426,2887,eclipse,137.195.211.213,2884.6640553474426,1551200,277,28,28696714,0.03,0.0,1.0,11.222766165477587,0.9899914459428877,1.4727362966214776,1524608,1551200,3366.864,7.393,7259.821,19.87,1.0125000476837158,4.999999873689376e-05,80762.5,-0.032882433384656906,80762.515625,0.5815957188606262,0.013647674582898617,2.057337522506714,0.0
2250.4381685048743,-482.2621011265599,869.0566179556643,100.0,56,5600,False,1556800,15568,278,73b03aedc11d4733ad70480dfb5e4900,2020-03-24_07-56-23,1585036583,10.582224607467651,2895.2462799549103,2887,eclipse,137.195.211.213,2895.2462799549103,1556800,278,28,28696714,0.03,0.0,1.0,11.226038984532293,0.98996817508551,1.4726396124674492,1530112,1556800,3374.708,7.165,7256.097,18.831,1.0125000476837158,4.999999873689376e-05,72572.640625,-0.03457620367407799,72572.65625,0.6710555553436279,0.011758219450712204,2.357762336730957,0.0
2085.6046863558213,-76.13471722612839,911.4581400434793,100.0,56,5600,False,1562400,15624,279,73b03aedc11d4733ad70480dfb5e4900,2020-03-24_07-56-33,1585036593,10.638340950012207,2905.8846209049225,2887,eclipse,137.195.211.213,2905.8846209049225,1562400,279,28,28696714,0.02,0.0,1.0,11.228838904770651,0.9899434681357332,1.472530803897598,1535616,1562400,3385.959,7.5,7255.71,18.522,1.0125000476837158,4.999999873689376e-05,61895.80859375,-0.026841191574931145,61895.8203125,0.735150158405304,0.014463339000940323,2.8874456882476807,0.0
2209.5972294807134,-365.54447869979003,791.6374283090361,100.0,56,5600,False,1568000,15680,280,73b03aedc11d4733ad70480dfb5e4900,2020-03-24_07-56-44,1585036604,10.525899648666382,2916.410520553589,2887,eclipse,137.195.211.213,2916.410520553589,1568000,280,28,28696714,0.02,0.0,1.0,11.231079179727066,0.9899411412002834,1.4724280184242453,1541120,1568000,3371.944,7.227,7249.742,17.48,1.0125000476837158,4.999999873689376e-05,60264.91796875,-0.03373752161860466,60264.9296875,0.6931259036064148,0.014009984210133553,2.539207935333252,0.0
2209.5972294807134,-365.54447869979003,775.4039214465126,100.0,56,5600,False,1573600,15736,281,73b03aedc11d4733ad70480dfb5e4900,2020-03-24_07-56-54,1585036614,10.408791065216064,2926.819311618805,2887,eclipse,137.195.211.213,2926.819311618805,1573600,281,28,28696714,0.04,0.0,1.0,11.233446714286547,0.9899325253392154,1.4723264478356548,1546624,1573600,3362.643,6.868,7245.738,17.001,1.0125000476837158,4.999999873689376e-05,65613.328125,-0.030892694368958473,65613.3515625,0.6665367484092712,0.013963375240564346,2.2446680068969727,0.0
2191.709235275978,-69.52137559932065,836.5859473632647,100.0,56,5600,False,1579200,15792,282,73b03aedc11d4733ad70480dfb5e4900,2020-03-24_07-57-05,1585036625,10.493366479873657,2937.3126780986786,2887,eclipse,137.195.211.213,2937.3126780986786,1579200,282,28,28696714,0.01,0.0,1.0,11.235843679013561,0.9898722831617195,1.472231801455708,1552128,1579200,3281.983,6.578,7232.706,16.481,1.0125000476837158,4.999999873689376e-05,52263.4375,-0.03156638890504837,52263.453125,0.7767806053161621,0.012510770000517368,2.3652312755584717,0.0
2262.8698411303167,-69.52137559932065,976.5940003122031,100.0,56,5600,False,1584800,15848,283,73b03aedc11d4733ad70480dfb5e4900,2020-03-24_07-57-16,1585036636,10.836423397064209,2948.149101495743,2887,eclipse,137.195.211.213,2948.149101495743,1584800,283,28,28696714,0.0,0.0,0.0,11.239414821482116,0.9898264463509,1.4721165773449758,1557632,1584800,3241.124,6.404,7238.832,16.841,1.0125000476837158,4.999999873689376e-05,74126.8515625,-0.03194210305809975,74126.875,0.6832128763198853,0.014830232597887516,2.10105299949646,0.0
2165.192992380866,-73.10210006367693,949.9378489321925,100.0,56,5600,False,1590400,15904,284,73b03aedc11d4733ad70480dfb5e4900,2020-03-24_07-57-26,1585036646,10.63660192489624,2958.785703420639,2887,eclipse,137.195.211.213,2958.785703420639,1590400,284,28,28696714,0.01,0.0,1.0,11.243234502934037,0.989833153289437,1.4720424831725236,1563136,1590400,3241.523,6.186,7242.296,16.162,1.0125000476837158,4.999999873689376e-05,52164.953125,-0.03389795869588852,52164.984375,0.7416009306907654,0.012822862714529037,2.3181862831115723,0.0
2232.1729243276104,-353.05319429338675,877.6188451376777,100.0,56,5600,False,1596000,15960,285,73b03aedc11d4733ad70480dfb5e4900,2020-03-24_07-57-37,1585036657,10.638583421707153,2969.424286842346,2887,eclipse,137.195.211.213,2969.424286842346,1596000,285,28,28696714,0.02,0.0,1.0,11.246505137325235,0.9898194930708728,1.4720082017510034,1568640,1596000,3253.454,6.097,7240.825,15.829,1.0125000476837158,4.999999873689376e-05,65205.14453125,-0.032747533172369,65205.1640625,0.6909399628639221,0.013384777121245861,2.4378092288970947,0.0
2232.1729243276104,-353.05319429338675,869.6615490331221,100.0,56,5600,False,1601600,16016,286,73b03aedc11d4733ad70480dfb5e4900,2020-03-24_07-57-48,1585036668,10.606410503387451,2980.0306973457336,2887,eclipse,137.195.211.213,2980.0306973457336,1601600,286,28,28696714,0.01,0.0,1.0,11.249179867959029,0.9897894684534643,1.471902135456377,1574144,1601600,3248.749,5.998,7242.862,15.771,1.0125000476837158,4.999999873689376e-05,53115.515625,-0.03383945673704147,53115.5390625,0.7802249193191528,0.01195274293422699,2.622305393218994,0.0
2216.29075644269,-359.7825246282366,854.4592043259377,100.0,56,5600,False,1607200,16072,287,73b03aedc11d4733ad70480dfb5e4900,2020-03-24_07-57-58,1585036678,10.50334620475769,2990.5340435504913,2887,eclipse,137.195.211.213,2990.5340435504913,1607200,287,28,28696714,0.01,0.0,1.0,11.25155446498702,0.9897762205713176,1.4718049842893988,1579648,1607200,3250.182,5.873,7244.287,16.422,1.0125000476837158,4.999999873689376e-05,74434.46875,-0.033695004880428314,74434.484375,0.6754239797592163,0.012774654664099216,2.304835319519043,0.0
2216.29075644269,-377.7491079439715,849.0453285204754,100.0,56,5600,False,1612800,16128,288,73b03aedc11d4733ad70480dfb5e4900,2020-03-24_07-58-09,1585036689,10.544417381286621,3001.078460931778,2887,eclipse,137.195.211.213,3001.078460931778,1612800,288,28,28696714,0.01,0.0,1.0,11.254129970322555,0.9897381843535734,1.4717179557115545,1585152,1612800,3247.396,5.904,7244.174,17.22,1.0125000476837158,4.999999873689376e-05,60136.00390625,-0.03532467782497406,60136.0234375,0.7218871116638184,0.01220336090773344,2.4479823112487793,0.0
2130.3179049541304,-377.7491079439715,830.5729984060972,100.0,56,5600,False,1618400,16184,289,73b03aedc11d4733ad70480dfb5e4900,2020-03-24_07-58-19,1585036699,10.625056982040405,3011.7035179138184,2887,eclipse,137.195.211.213,3011.7035179138184,1618400,289,28,28696714,0.0,0.0,0.0,11.256539057563646,0.9896523495036844,1.4715739518542075,1590656,1618400,3246.329,5.902,7245.329,17.045,1.0125000476837158,4.999999873689376e-05,57640.34375,-0.032750796526670456,57640.3671875,0.7326226234436035,0.014404148794710636,2.730086326599121,0.0
2130.3179049541304,-72.04150221516593,816.9558573437811,100.0,56,5600,False,1624000,16240,290,73b03aedc11d4733ad70480dfb5e4900,2020-03-24_07-58-30,1585036710,10.637096881866455,3022.340614795685,2887,eclipse,137.195.211.213,3022.340614795685,1624000,290,28,28696714,0.0,0.0,0.0,11.258800281188696,0.9896145155777033,1.4713857468505274,1596160,1624000,3248.824,6.063,7252.952,17.417,1.0125000476837158,4.999999873689376e-05,55394.953125,-0.03291923925280571,55394.97265625,0.7381759285926819,0.015372938476502895,2.412673234939575,0.0
3086.3108825871896,-69.57160650267642,895.2170395398002,100.0,56,5600,False,1629600,16296,291,73b03aedc11d4733ad70480dfb5e4900,2020-03-24_07-58-41,1585036721,10.56416940689087,3032.9047842025757,2887,eclipse,137.195.211.213,3032.9047842025757,1629600,291,28,28696714,0.01,0.0,1.0,11.261768954810059,0.9895794685033846,1.4712334935838438,1601664,1629600,3249.579,6.246,7266.88,17.504,1.0125000476837158,4.999999873689376e-05,90228.8828125,-0.03289523348212242,90228.890625,0.6123743653297424,0.015144694596529007,2.2378032207489014,0.0
3086.3108825871896,-596.2689391469917,903.144858125063,100.0,56,5600,False,1635200,16352,292,73b03aedc11d4733ad70480dfb5e4900,2020-03-24_07-58-51,1585036731,10.593318462371826,3043.4981026649475,2887,eclipse,137.195.211.213,3043.4981026649475,1635200,292,28,28696714,0.01,0.0,1.0,11.264687684487786,0.9895234103583149,1.4710969953512592,1607168,1635200,3263.724,6.604,7264.858,18.029,1.0125000476837158,4.999999873689376e-05,62739.1875,-0.03435882553458214,62739.2109375,0.7278032302856445,0.013601964339613914,2.365009307861328,0.0
2338.1210418630712,-204.88303014397482,806.4519552823035,100.0,56,5600,False,1640800,16408,293,73b03aedc11d4733ad70480dfb5e4900,2020-03-24_07-59-02,1585036742,10.510013341903687,3054.008116006851,2887,eclipse,137.195.211.213,3054.008116006851,1640800,293,28,28696714,0.0,0.0,0.0,11.267064298542877,0.9895262287457114,1.4709562033043306,1612672,1640800,3236.91,6.214,7255.894,17.925,1.0125000476837158,4.999999873689376e-05,99569.453125,-0.030462561175227165,99569.4765625,0.5021683573722839,0.01485428400337696,2.3336076736450195,0.0
2306.4720356003804,-400.1225705632628,727.8698186367033,100.0,56,5600,False,1646400,16464,294,73b03aedc11d4733ad70480dfb5e4900,2020-03-24_07-59-13,1585036753,10.578004598617554,3064.5861206054688,2887,eclipse,137.195.211.213,3064.5861206054688,1646400,294,28,28696714,0.0,0.0,0.0,11.26905136827602,0.9895145089487417,1.4708648245994187,1618176,1646400,3233.892,6.38,7250.463,18.949,1.0125000476837158,4.999999873689376e-05,63329.140625,-0.03158191964030266,63329.15234375,0.7126673460006714,0.016870170831680298,2.7192206382751465,0.0
3079.6323613763448,-400.1225705632628,854.4724044762775,100.0,56,5600,False,1652000,16520,295,73b03aedc11d4733ad70480dfb5e4900,2020-03-24_07-59-23,1585036763,10.572487592697144,3075.158608198166,2887,eclipse,137.195.211.213,3075.158608198166,1652000,295,28,28696714,0.02,0.0,1.0,11.271396018546216,0.9894451166663808,1.470795246444442,1623680,1652000,3227.963,6.134,7249.644,19.371,1.0125000476837158,4.999999873689376e-05,110518.3046875,-0.03402811288833618,110518.328125,0.5592249631881714,0.014119681902229786,2.4659976959228516,0.0
3079.6323613763448,-543.6320788938932,950.0911163722096,100.0,56,5600,False,1657600,16576,296,73b03aedc11d4733ad70480dfb5e4900,2020-03-24_07-59-34,1585036774,10.493369579315186,3085.651977777481,2887,eclipse,137.195.211.213,3085.651977777481,1657600,296,28,28696714,0.01,0.0,1.0,11.274268077699382,0.9894147257480025,1.4707219302202674,1629184,1657600,3230.707,6.402,7236.415,19.697,1.0125000476837158,4.999999873689376e-05,73885.6015625,-0.03145217150449753,73885.625,0.6884872317314148,0.012227063998579979,2.34820818901062,0.0
2175.6758656733073,-543.6320788938932,867.2815333017179,100.0,56,5600,False,1663200,16632,297,73b03aedc11d4733ad70480dfb5e4900,2020-03-24_07-59-44,1585036784,10.691591739654541,3096.3435695171356,2887,eclipse,137.195.211.213,3096.3435695171356,1663200,297,28,28696714,0.0,0.0,0.0,11.27706107401059,0.9893893891493292,1.4706035519596978,1634688,1663200,3240.016,6.161,7245.918,19.312,1.0125000476837158,4.999999873689376e-05,63690.26171875,-0.03464283049106598,63690.27734375,0.7150905728340149,0.0149369603022933,2.875420570373535,0.0
2252.2307156167594,-445.26154710206583,815.7505017558956,100.0,56,5600,False,1668800,16688,298,73b03aedc11d4733ad70480dfb5e4900,2020-03-24_07-59-55,1585036795,10.706729173660278,3107.050298690796,2887,eclipse,137.195.211.213,3107.050298690796,1668800,298,28,28696714,0.0,0.0,0.0,11.27916846541559,0.9893490652543049,1.470451268151771,1640192,1668800,3245.687,6.319,7254.712,18.736,1.0125000476837158,4.999999873689376e-05,53682.05859375,-0.035795435309410095,53682.0859375,0.7687174081802368,0.01516063790768385,2.7542271614074707,0.0
2252.2307156167594,-66.1847658867842,915.9944263562685,100.0,56,5600,False,1674400,16744,299,73b03aedc11d4733ad70480dfb5e4900,2020-03-24_08-00-06,1585036806,10.638983964920044,3117.689282655716,2887,eclipse,137.195.211.213,3117.689282655716,1674400,299,28,28696714,0.0,0.0,0.0,11.282089871942675,0.9893732666248302,1.4703303703481543,1645696,1674400,3254.146,6.165,7247.525,18.925,1.0125000476837158,4.999999873689376e-05,61312.16796875,-0.03543945029377937,61312.1875,0.7262352705001831,0.015701133757829666,2.0401275157928467,0.0
2208.6138602217925,-447.5539788727994,936.7038215695469,100.0,56,5600,False,1680000,16800,300,73b03aedc11d4733ad70480dfb5e4900,2020-03-24_08-00-17,1585036817,10.828628778457642,3128.5179114341736,2887,eclipse,137.195.211.213,3128.5179114341736,1680000,300,28,28696714,0.01,0.0,1.0,11.285597979916824,0.989499398740344,1.4704469188632852,1651200,1680000,3260.764,6.136,7258.77,18.797,1.0125000476837158,4.999999873689376e-05,62682.6640625,-0.036353789269924164,62682.6875,0.7435828447341919,0.015851983800530434,2.506964683532715,0.0
2358.5376605085366,-67.9783299228914,966.4670265142745,100.0,56,5600,False,1685600,16856,301,73b03aedc11d4733ad70480dfb5e4900,2020-03-24_08-00-28,1585036828,10.74187159538269,3139.2597830295563,2887,eclipse,137.195.211.213,3139.2597830295563,1685600,301,28,28696714,0.01,0.0,1.0,11.289265359836696,0.9895339849626115,1.4706024646103106,1656704,1685600,3277.53,6.454,7260.282,18.275,1.0125000476837158,4.999999873689376e-05,64679.50390625,-0.035065870732069016,64679.52734375,0.7017487287521362,0.012826032005250454,2.064560651779175,0.0
2358.5376605085366,-58.1866254046582,909.3039992033176,100.0,56,5600,False,1691200,16912,302,73b03aedc11d4733ad70480dfb5e4900,2020-03-24_08-00-38,1585036838,10.597188949584961,3149.8569719791412,2887,eclipse,137.195.211.213,3149.8569719791412,1691200,302,28,28696714,0.01,0.0,1.0,11.292358986239336,0.9895187011267239,1.470573555545025,1662208,1691200,3271.213,6.247,7264.849,18.421,1.0125000476837158,4.999999873689376e-05,64543.12890625,-0.03724649176001549,64543.14453125,0.7140141129493713,0.015615963377058506,2.1987862586975098,0.0
2676.284701526148,-331.2034920876708,740.6043673004685,100.0,56,5600,False,1696800,16968,303,73b03aedc11d4733ad70480dfb5e4900,2020-03-24_08-00-49,1585036849,10.596391201019287,3160.4533631801605,2887,eclipse,137.195.211.213,3160.4533631801605,1696800,303,28,28696714,0.03,0.0,1.0,11.294237545277335,0.9894867636046846,1.4705107463909968,1667712,1696800,3278.463,6.728,7267.814,18.695,1.0125000476837158,4.999999873689376e-05,67363.59375,-0.03992229327559471,67363.625,0.6882739663124084,0.012826880440115929,2.9014673233032227,0.0
2206.010010837786,-219.18460865411478,659.9319810119937,100.0,56,5600,False,1702400,17024,304,73b03aedc11d4733ad70480dfb5e4900,2020-03-24_08-00-59,1585036859,10.635154962539673,3171.0885181427,2887,eclipse,137.195.211.213,3171.0885181427,1702400,304,28,28696714,0.01,0.0,1.0,11.295595564952567,0.9894287508607783,1.470450526551196,1673216,1702400,3280.799,6.584,7273.394,18.487,1.0125000476837158,4.999999873689376e-05,55044.27734375,-0.038286324590444565,55044.30078125,0.70697420835495,0.0135194668546319,2.4427528381347656,0.0
2232.2988061745323,-135.3187759341968,800.4267844899063,100.0,56,5600,False,1708000,17080,305,73b03aedc11d4733ad70480dfb5e4900,2020-03-24_08-01-10,1585036870,10.53050947189331,3181.6190276145935,2887,eclipse,137.195.211.213,3181.6190276145935,1708000,305,28,28696714,0.01,0.0,1.0,11.297451536643058,0.9893652493950554,1.4704125227971796,1678720,1708000,3275.744,6.736,7275.616,18.416,1.0125000476837158,4.999999873689376e-05,86630.9609375,-0.028681015595793724,86630.9765625,0.6290713548660278,0.01411402877420187,2.4268383979797363,0.0
2232.2988061745323,-379.63590734143867,880.7127997695119,100.0,56,5600,False,1713600,17136,306,73b03aedc11d4733ad70480dfb5e4900,2020-03-24_08-01-21,1585036881,10.630755424499512,3192.249783039093,2887,eclipse,137.195.211.213,3192.249783039093,1713600,306,28,28696714,0.02,0.0,1.0,11.299748704428488,0.9893132512428483,1.4703563059387432,1684224,1713600,3273.189,6.531,7291.515,17.981,1.0125000476837158,4.999999873689376e-05,77676.390625,-0.034084271639585495,77676.40625,0.6369359493255615,0.01353455986827612,2.421290636062622,0.0
2360.9608700061767,-425.63485606714914,865.1335789792844,100.0,56,5600,False,1719200,17192,307,73b03aedc11d4733ad70480dfb5e4900,2020-03-24_08-01-31,1585036891,10.626280307769775,3202.876063346863,2887,eclipse,137.195.211.213,3202.876063346863,1719200,307,28,28696714,0.02,0.0,1.0,11.302197098524639,0.9892879669703806,1.470266078950997,1689728,1719200,3260.097,6.704,7295.806,18.213,1.0125000476837158,4.999999873689376e-05,81644.875,-0.03271099552512169,81644.8984375,0.6584776043891907,0.013840707018971443,2.5068719387054443,0.0
2585.202905338411,-66.59907970247886,921.6261856061104,100.0,56,5600,False,1724800,17248,308,73b03aedc11d4733ad70480dfb5e4900,2020-03-24_08-01-42,1585036902,10.58365797996521,3213.459721326828,2887,eclipse,137.195.211.213,3213.459721326828,1724800,308,28,28696714,0.02,0.0,1.0,11.304723323763271,0.9892500549030125,1.4701372634082617,1695232,1724800,3247.354,6.737,7297.338,18.974,1.0125000476837158,4.999999873689376e-05,65693.8984375,-0.03365873917937279,65693.90625,0.7481893301010132,0.013735472224652767,2.6311428546905518,0.0
2585.202905338411,-68.76316011532681,791.3879861048683,100.0,56,5600,False,1730400,17304,309,73b03aedc11d4733ad70480dfb5e4900,2020-03-24_08-01-53,1585036913,10.61157512664795,3224.071296453476,2887,eclipse,137.195.211.213,3224.071296453476,1730400,309,28,28696714,0.02,0.0,1.0,11.306393609944749,0.9892119824536121,1.4700254086675728,1700736,1730400,3240.298,6.619,7301.092,18.77,1.0125000476837158,4.999999873689376e-05,52651.484375,-0.03264414146542549,52651.5,0.7820127606391907,0.01425692904740572,2.9928085803985596,0.0
2267.444238566185,-68.76316011532681,828.1826510547123,100.0,56,5600,False,1736000,17360,310,73b03aedc11d4733ad70480dfb5e4900,2020-03-24_08-02-03,1585036923,10.589075803756714,3234.6603722572327,2887,eclipse,137.195.211.213,3234.6603722572327,1736000,310,28,28696714,0.0,0.0,0.0,11.308414487538178,0.9891653263496163,1.4699048502294005,1706240,1736000,3230.358,6.529,7289.062,19.13,1.0125000476837158,4.999999873689376e-05,51940.15234375,-0.028690725564956665,51940.17578125,0.7707388997077942,0.012842854484915733,2.418137788772583,0.0
2190.2022855402492,-77.49841664546537,993.7589170993951,100.0,56,5600,False,1741600,17416,311,73b03aedc11d4733ad70480dfb5e4900,2020-03-24_08-02-14,1585036934,10.627132415771484,3245.287504673004,2887,eclipse,137.195.211.213,3245.287504673004,1741600,311,28,28696714,0.0,0.0,0.0,11.31164646145392,0.9891264719804826,1.4697959164727898,1711744,1741600,3223.588,6.252,7284.538,19.484,1.0125000476837158,4.999999873689376e-05,55772.82421875,-0.03166966512799263,55772.84375,0.7793700695037842,0.018435761332511902,2.569594144821167,0.0
2189.7747038055954,-77.49841664546537,923.2480125907258,100.0,56,5600,False,1747200,17472,312,73b03aedc11d4733ad70480dfb5e4900,2020-03-24_08-02-25,1585036945,10.691911697387695,3255.979416370392,2887,eclipse,137.195.211.213,3255.979416370392,1747200,312,28,28696714,0.01,0.0,1.0,11.314522727198362,0.989082674858341,1.4696735247073298,1717248,1747200,3227.532,6.516,7288.755,19.711,1.0125000476837158,4.999999873689376e-05,56268.359375,-0.036710094660520554,56268.390625,0.7332943677902222,0.01435768324881792,2.4352431297302246,0.0
2161.8452285511503,-346.7662600304891,951.6411586337455,100.0,56,5600,False,1752800,17528,313,73b03aedc11d4733ad70480dfb5e4900,2020-03-24_08-02-35,1585036955,10.588838577270508,3266.5682549476624,2887,eclipse,137.195.211.213,3266.5682549476624,1752800,313,28,28696714,0.02,0.0,1.0,11.317668844482624,0.9890528911972395,1.4695715167301315,1722752,1752800,3229.675,6.152,7288.441,18.705,1.0125000476837158,4.999999873689376e-05,71367.2265625,-0.03476808965206146,71367.25,0.6733922362327576,0.01712961122393608,2.283689022064209,0.0
2296.3268108353454,-346.7662600304891,933.3319035493346,100.0,56,5600,False,1758400,17584,314,73b03aedc11d4733ad70480dfb5e4900,2020-03-24_08-02-46,1585036966,10.577588558197021,3277.1458435058594,2887,eclipse,137.195.211.213,3277.1458435058594,1758400,314,28,28696714,0.04,0.0,1.0,11.320594745112055,0.9890823575377331,1.4695060220565312,1728256,1758400,3230.437,6.095,7281.939,18.539,1.0125000476837158,4.999999873689376e-05,79249.7421875,-0.03585630655288696,79249.7578125,0.6571840047836304,0.014573012478649616,2.423711061477661,0.0
2296.3268108353454,-284.32992260969615,907.5614966128679,100.0,56,5600,False,1764000,17640,315,73b03aedc11d4733ad70480dfb5e4900,2020-03-24_08-02-57,1585036977,10.630633354187012,3287.7764768600464,2887,eclipse,137.195.211.213,3287.7764768600464,1764000,315,28,28696714,0.06,0.0,1.0,11.323145867684111,0.9890312449653738,1.4693865296644733,1733760,1764000,3235.265,5.958,7287.766,18.361,1.0125000476837158,4.999999873689376e-05,59404.0390625,-0.034857377409935,59404.0625,0.7361915111541748,0.01300351694226265,2.423426866531372,0.0
2204.0505283421,-189.67664983142842,884.4848394893578,100.0,56,5600,False,1769600,17696,316,73b03aedc11d4733ad70480dfb5e4900,2020-03-24_08-03-07,1585036987,10.661468744277954,3298.4379456043243,2887,eclipse,137.195.211.213,3298.4379456043243,1769600,316,28,28696714,0.01,0.0,1.0,11.325526465126076,0.9889712945290039,1.4692919695121605,1739264,1769600,3242.682,5.976,7283.975,19.12,1.0125000476837158,4.999999873689376e-05,53659.12109375,-0.03688365966081619,53659.14453125,0.7480474710464478,0.012364433147013187,2.5748300552368164,0.0
2489.3466134099144,-64.35242248439955,929.0968719852667,100.0,56,5600,False,1775200,17752,317,73b03aedc11d4733ad70480dfb5e4900,2020-03-24_08-03-18,1585036998,10.640558242797852,3309.078503847122,2887,eclipse,137.195.211.213,3309.078503847122,1775200,317,28,28696714,0.02,0.0,1.0,11.328339001414788,0.9889534061551533,1.4691952906823957,1744768,1775200,3245.601,5.911,7281.921,19.218,1.0125000476837158,4.999999873689376e-05,55277.08203125,-0.03768083453178406,55277.109375,0.7516285181045532,0.012405483052134514,2.344167947769165,0.0
2489.3466134099144,-67.9427980025436,977.926618907864,100.0,56,5600,False,1780800,17808,318,73b03aedc11d4733ad70480dfb5e4900,2020-03-24_08-03-29,1585037009,10.625815391540527,3319.7043192386627,2887,eclipse,137.195.211.213,3319.7043192386627,1780800,318,28,28696714,0.02,0.0,1.0,11.3312687429702,0.9888948719032433,1.469073050263813,1750272,1780800,3254.493,5.932,7277.884,19.173,1.0125000476837158,4.999999873689376e-05,62776.8203125,-0.0362771600484848,62776.8359375,0.7409675717353821,0.014664738439023495,2.1980247497558594,0.0
2183.6042228357533,-524.23054321637,905.574562204893,100.0,56,5600,False,1786400,17864,319,73b03aedc11d4733ad70480dfb5e4900,2020-03-24_08-03-39,1585037019,10.653661489486694,3330.3579807281494,2887,eclipse,137.195.211.213,3330.3579807281494,1786400,319,28,28696714,0.01,0.0,1.0,11.333666685585694,0.9889012836573656,1.4689741892895438,1755776,1786400,3258.491,6.02,7279.134,19.241,1.0125000476837158,4.999999873689376e-05,65212.734375,-0.03500996530056,65212.75,0.7458792328834534,0.015017921105027199,2.2339565753936768,0.0
2410.712221690354,-524.23054321637,853.7975342916137,100.0,56,5600,False,1792000,17920,320,73b03aedc11d4733ad70480dfb5e4900,2020-03-24_08-03-50,1585037030,10.745500564575195,3341.1034812927246,2887,eclipse,137.195.211.213,3341.1034812927246,1792000,320,28,28696714,0.02,0.0,1.0,11.335697902570034,0.9889095503552489,1.468896932166943,1761280,1792000,3267.553,6.217,7283.756,19.573,1.0125000476837158,4.999999873689376e-05,67516.09375,-0.028073139488697052,67516.1015625,0.7450041770935059,0.014039522036910057,2.656019449234009,0.0
2290.8376085684167,-72.04044567650311,765.5995038808438,100.0,56,5600,False,1797600,17976,321,73b03aedc11d4733ad70480dfb5e4900,2020-03-24_08-04-01,1585037041,10.665256977081299,3351.768738269806,2887,eclipse,137.195.211.213,3351.768738269806,1797600,321,28,28696714,0.01,0.0,1.0,11.337414699903498,0.9888834197116989,1.4688513247265027,1766784,1797600,3268.633,6.267,7284.732,19.022,1.0125000476837158,4.999999873689376e-05,47961.203125,-0.030813591554760933,47961.22265625,0.7712203860282898,0.01369146816432476,2.54123854637146,0.0
2151.590358987605,-64.16385795762318,796.6607132119154,100.0,56,5600,False,1803200,18032,322,73b03aedc11d4733ad70480dfb5e4900,2020-03-24_08-04-12,1585037052,10.635686874389648,3362.4044251441956,2887,eclipse,137.195.211.213,3362.4044251441956,1803200,322,28,28696714,0.01,0.0,1.0,11.339230436834304,0.9888412443860267,1.4688116737538246,1772288,1803200,3268.27,6.148,7280.622,18.591,1.0125000476837158,4.999999873689376e-05,58092.91796875,-0.03659772127866745,58092.94921875,0.7756655216217041,0.013438262045383453,2.3084352016448975,0.0
2257.426297476886,-351.4047049844698,903.9710460649999,100.0,56,5600,False,1808800,18088,323,73b03aedc11d4733ad70480dfb5e4900,2020-03-24_08-04-22,1585037062,10.509707927703857,3372.9141330718994,2887,eclipse,137.195.211.213,3372.9141330718994,1808800,323,28,28696714,0.02,0.0,1.0,11.341376556318039,0.9888154654539253,1.4687257925885553,1777792,1808800,3260.645,6.242,7279.472,18.698,1.0125000476837158,4.999999873689376e-05,78876.71875,-0.037229131907224655,78876.7421875,0.6639933586120605,0.014350414276123047,2.2088637351989746,0.0
2257.426297476886,-465.4974590114123,814.2152560809042,100.0,56,5600,False,1814400,18144,324,73b03aedc11d4733ad70480dfb5e4900,2020-03-24_08-04-33,1585037073,10.574152708053589,3383.488285779953,2887,eclipse,137.195.211.213,3383.488285779953,1814400,324,28,28696714,0.01,0.0,1.0,11.343450819461484,0.9887805303859684,1.468629532667989,1783296,1814400,3254.826,6.536,7284.491,18.724,1.0125000476837158,4.999999873689376e-05,52044.37890625,-0.03428609296679497,52044.40234375,0.7418784499168396,0.014994004741311073,2.658160448074341,0.0
2230.786678769048,-465.4974590114123,793.8373781523317,100.0,56,5600,False,1820000,18200,325,73b03aedc11d4733ad70480dfb5e4900,2020-03-24_08-04-43,1585037083,10.614667415618896,3394.102953195572,2887,eclipse,137.195.211.213,3394.102953195572,1820000,325,28,28696714,0.0,0.0,0.0,11.34539140027254,0.988783942511327,1.4685374995567384,1788800,1820000,3258.19,6.588,7278.009,19.229,1.0125000476837158,4.999999873689376e-05,79804.875,-0.037808872759342194,79804.8984375,0.6165239810943604,0.013020830228924751,2.4071874618530273,0.0
2354.7021681388605,-256.91079017996583,885.6068408561911,100.0,56,5600,False,1825600,18256,326,73b03aedc11d4733ad70480dfb5e4900,2020-03-24_08-04-54,1585037094,10.64133882522583,3404.7442920207977,2887,eclipse,137.195.211.213,3404.7442920207977,1825600,326,28,28696714,0.0,0.0,0.0,11.347712610799977,0.9887423258115944,1.4684423473798145,1794304,1825600,3250.263,6.51,7284.115,18.361,1.0125000476837158,4.999999873689376e-05,60829.3203125,-0.03325570002198219,60829.33203125,0.7375150918960571,0.012930586002767086,2.488144874572754,0.0
2354.7021681388605,-500.698603034346,1005.8061695340074,100.0,56,5600,False,1831200,18312,327,73b03aedc11d4733ad70480dfb5e4900,2020-03-24_08-05-05,1585037105,10.548162460327148,3415.292454481125,2887,eclipse,137.195.211.213,3415.292454481125,1831200,327,28,28696714,0.01,0.0,1.0,11.350468186453162,0.9887005323969282,1.4683632199410397,1799808,1831200,3253.922,6.645,7271.476,18.65,1.0125000476837158,4.999999873689376e-05,77744.1875,-0.036505814641714096,77744.2109375,0.6470454335212708,0.015533646568655968,2.1291165351867676,0.0
2177.086771823025,-500.698603034346,793.6063713006413,100.0,56,5600,False,1836800,18368,328,73b03aedc11d4733ad70480dfb5e4900,2020-03-24_08-05-15,1585037115,10.553503274917603,3425.8459577560425,2887,eclipse,137.195.211.213,3425.8459577560425,1836800,328,28,28696714,0.01,0.0,1.0,11.352776742087013,0.9887487432047987,1.4684468852594568,1805312,1836800,3252.528,6.406,7266.128,18.529,1.0125000476837158,4.999999873689376e-05,45648.57421875,-0.028811654075980186,45648.5859375,0.7587026357650757,0.012122559361159801,2.6849777698516846,0.0
2433.0637387700117,-449.0468776230726,892.8468552165145,100.0,56,5600,False,1842400,18424,329,73b03aedc11d4733ad70480dfb5e4900,2020-03-24_08-05-26,1585037126,10.646069765090942,3436.4920275211334,2887,eclipse,137.195.211.213,3436.4920275211334,1842400,329,28,28696714,0.0,0.0,0.0,11.35543353230394,0.988756645878473,1.4684838723226148,1810816,1842400,3253.631,6.567,7262.927,19.013,1.0125000476837158,4.999999873689376e-05,61885.59375,-0.03432353213429451,61885.62109375,0.7462624907493591,0.013972043059766293,2.225635290145874,0.0
2433.0637387700117,-449.0468776230726,992.0526725589382,100.0,56,5600,False,1848000,18480,330,73b03aedc11d4733ad70480dfb5e4900,2020-03-24_08-05-37,1585037137,10.617274045944214,3447.1093015670776,2887,eclipse,137.195.211.213,3447.1093015670776,1848000,330,28,28696714,0.01,0.0,1.0,11.357875669110129,0.988688034623407,1.4683776298526998,1816320,1848000,3243.245,6.486,7261.626,18.873,1.0125000476837158,4.999999873689376e-05,64465.19921875,-0.03251205384731293,64465.2109375,0.7352890968322754,0.014403542503714561,2.7559118270874023,0.0
2304.8425509185554,-592.6317637053415,697.8910037741563,100.0,56,5600,False,1853600,18536,331,73b03aedc11d4733ad70480dfb5e4900,2020-03-24_08-05-47,1585037147,10.511107921600342,3457.620409488678,2887,eclipse,137.195.211.213,3457.620409488678,1853600,331,28,28696714,0.01,0.0,1.0,11.359177357934005,0.9886339268630896,1.4682841172990577,1821824,1853600,3229.074,6.781,7260.714,19.437,1.0125000476837158,4.999999873689376e-05,77419.1171875,-0.03820279613137245,77419.1328125,0.5966169834136963,0.013339726254343987,2.140014410018921,0.0
2275.048320657455,-592.6317637053415,705.7314241575186,100.0,56,5600,False,1859200,18592,332,73b03aedc11d4733ad70480dfb5e4900,2020-03-24_08-05-58,1585037158,10.616950273513794,3468.2373597621918,2887,eclipse,137.195.211.213,3468.2373597621918,1859200,332,28,28696714,0.01,0.0,1.0,11.36071645921534,0.9885892992148676,1.468149362194417,1827328,1859200,3225.57,6.741,7263.518,19.744,1.0125000476837158,4.999999873689376e-05,48995.4140625,-0.037347063422203064,48995.4375,0.7585939168930054,0.013422088697552681,2.4107718467712402,0.0
3941.744922073229,-440.2008887109113,759.0830916009289,100.0,56,5600,False,1864800,18648,333,73b03aedc11d4733ad70480dfb5e4900,2020-03-24_08-06-08,1585037168,10.509103059768677,3478.7464628219604,2887,eclipse,137.195.211.213,3478.7464628219604,1864800,333,28,28696714,0.03,0.0,1.0,11.362034760114383,0.9885449709260226,1.4680464093564047,1832832,1864800,3224.664,7.1,7261.215,20.884,1.0125000476837158,4.999999873689376e-05,122915.4765625,-0.036301176995038986,122915.5078125,0.6275284290313721,0.012881627306342125,2.4674391746520996,0.0
3941.744922073229,-440.2008887109113,809.9764177746604,100.0,56,5600,False,1870400,18704,334,73b03aedc11d4733ad70480dfb5e4900,2020-03-24_08-06-19,1585037179,10.499683618545532,3489.246146440506,2887,eclipse,137.195.211.213,3489.246146440506,1870400,334,28,28696714,0.02,0.0,1.0,11.363608777826352,0.9885165776414578,1.4679746863752263,1838336,1870400,3219.574,6.792,7258.916,21.034,1.0125000476837158,4.999999873689376e-05,57194.78515625,-0.027602359652519226,57194.80078125,0.7215500473976135,0.013145393691956997,2.3431286811828613,0.0
2363.187914055004,-449.3023367926221,888.6765055592446,100.0,56,5600,False,1876000,18760,335,73b03aedc11d4733ad70480dfb5e4900,2020-03-24_08-06-29,1585037189,10.53447675704956,3499.7806231975555,2887,eclipse,137.195.211.213,3499.7806231975555,1876000,335,28,28696714,0.01,0.0,1.0,11.365881829542586,0.9885118795847871,1.4679131050594583,1843840,1876000,3218.489,6.758,7252.127,19.778,1.0125000476837158,4.999999873689376e-05,58989.75390625,-0.039746545255184174,58989.77734375,0.7381653189659119,0.01411365531384945,2.324871063232422,0.0
2273.1372559841197,-449.3023367926221,966.2678914391158,100.0,56,5600,False,1881600,18816,336,73b03aedc11d4733ad70480dfb5e4900,2020-03-24_08-06-40,1585037200,10.396664381027222,3510.1772875785828,2887,eclipse,137.195.211.213,3510.1772875785828,1881600,336,28,28696714,0.04,0.0,1.0,11.368289450362576,0.988509564471172,1.4678360054586295,1849344,1881600,3217.485,6.91,7227.898,20.487,1.0125000476837158,4.999999873689376e-05,65941.3984375,-0.03152744844555855,65941.4140625,0.732227087020874,0.012885726056993008,2.2829480171203613,0.0
2303.0892416929964,-348.72118413964495,995.5308880466179,100.0,56,5600,False,1887200,18872,337,73b03aedc11d4733ad70480dfb5e4900,2020-03-24_08-06-51,1585037211,10.700763463973999,3520.8780510425568,2887,eclipse,137.195.211.213,3520.8780510425568,1887200,337,28,28696714,0.04,0.0,1.0,11.370754672646063,0.9884919740990784,1.467762351698787,1854848,1887200,3220.578,6.819,7239.452,19.885,1.0125000476837158,4.999999873689376e-05,63956.4609375,-0.03431389108300209,63956.484375,0.7158532738685608,0.01444695983082056,2.1989221572875977,0.0
2303.0892416929964,-535.4680085709107,790.5187974222677,100.0,56,5600,False,1892800,18928,338,73b03aedc11d4733ad70480dfb5e4900,2020-03-24_08-07-01,1585037221,10.62232780456543,3531.500378847122,2887,eclipse,137.195.211.213,3531.500378847122,1892800,338,28,28696714,0.01,0.0,1.0,11.372578802196012,0.9884880105368288,1.4677088346191638,1860352,1892800,3223.395,6.964,7243.892,19.505,1.0125000476837158,4.999999873689376e-05,60878.59765625,-0.03322033956646919,60878.62109375,0.7261644601821899,0.01391241978853941,2.37103533744812,0.0
2345.7235099613367,-486.37239578523474,815.950146068806,100.0,56,5600,False,1898400,18984,339,73b03aedc11d4733ad70480dfb5e4900,2020-03-24_08-07-12,1585037232,10.739564657211304,3542.2399435043335,2887,eclipse,137.195.211.213,3542.2399435043335,1898400,339,28,28696714,0.01,0.0,1.0,11.374450337402704,0.9884869716211321,1.4676398899679117,1865856,1898400,3225.919,6.846,7251.158,19.302,1.0125000476837158,4.999999873689376e-05,60472.98828125,-0.033270858228206635,60473.0,0.6910567283630371,0.016163930296897888,2.5008108615875244,0.0
2571.8344486010524,-550.6454192437182,878.7050099734203,100.0,56,5600,False,1904000,19040,340,73b03aedc11d4733ad70480dfb5e4900,2020-03-24_08-07-23,1585037243,10.577032566070557,3552.816976070404,2887,eclipse,137.195.211.213,3552.816976070404,1904000,340,28,28696714,0.04,0.0,1.0,11.376376788916618,0.9885042902895316,1.467536972488518,1871360,1904000,3223.366,7.051,7249.075,18.752,1.0125000476837158,4.999999873689376e-05,69498.1484375,-0.038130614906549454,69498.1640625,0.7142196297645569,0.016172880306839943,2.536447763442993,0.0
2542.7048299064472,-550.6454192437182,838.494731127009,100.0,56,5600,False,1909600,19096,341,73b03aedc11d4733ad70480dfb5e4900,2020-03-24_08-07-33,1585037253,10.709325075149536,3563.5263011455536,2887,eclipse,137.195.211.213,3563.5263011455536,1909600,341,28,28696714,0.02,0.0,1.0,11.378318749820025,0.9885079074960147,1.4674110666802804,1876864,1909600,3238.465,6.459,7255.218,17.953,1.0125000476837158,4.999999873689376e-05,65397.07421875,-0.03153368458151817,65397.09375,0.6936637759208679,0.015408525243401527,2.1860146522521973,0.0
2228.869444426134,-241.39627334042277,916.1669942754202,100.0,56,5600,False,1915200,19152,342,73b03aedc11d4733ad70480dfb5e4900,2020-03-24_08-07-44,1585037264,10.723877906799316,3574.250179052353,2887,eclipse,137.195.211.213,3574.250179052353,1915200,342,28,28696714,0.0,0.0,0.0,11.380601103655286,0.9885043186610507,1.4673110458453513,1882368,1915200,3243.859,6.339,7260.191,17.361,1.0125000476837158,4.999999873689376e-05,58574.50390625,-0.03424713388085365,58574.52734375,0.7388240694999695,0.01434185728430748,2.3510751724243164,0.0
2852.67322534478,-94.85853763616825,983.9503773393718,100.0,56,5600,False,1920800,19208,343,73b03aedc11d4733ad70480dfb5e4900,2020-03-24_08-07-55,1585037275,10.663745403289795,3584.9139244556427,2887,eclipse,137.195.211.213,3584.9139244556427,1920800,343,28,28696714,0.02,0.0,1.0,11.382810191176905,0.988498880192139,1.4672032617439132,1887872,1920800,3253.247,6.143,7266.203,16.812,1.0125000476837158,4.999999873689376e-05,89528.65625,-0.03933544456958771,89528.671875,0.6759462356567383,0.01412168238312006,2.046008825302124,0.0
2852.67322534478,-98.3453976342343,1031.8843151445917,100.0,56,5600,False,1926400,19264,344,73b03aedc11d4733ad70480dfb5e4900,2020-03-24_08-08-06,1585037286,10.567136287689209,3595.481060743332,2887,eclipse,137.195.211.213,3595.481060743332,1926400,344,28,28696714,0.03,0.0,1.0,11.385330513642643,0.9884908060899099,1.4670946927128818,1893376,1926400,3260.454,6.152,7264.904,16.468,1.0125000476837158,4.999999873689376e-05,61716.0234375,-0.038013655692338943,61716.046875,0.7184362411499023,0.013395238667726517,2.327995538711548,0.0
2299.043278111049,-354.470588704866,779.5834817297338,100.0,56,5600,False,1932000,19320,345,73b03aedc11d4733ad70480dfb5e4900,2020-03-24_08-08-16,1585037296,10.639771223068237,3606.1208319664,2887,eclipse,137.195.211.213,3606.1208319664,1932000,345,28,28696714,0.02,0.0,1.0,11.386986062464757,0.9884887560028507,1.4670343665113157,1898880,1932000,3256.436,6.419,7279.305,17.351,1.0125000476837158,4.999999873689376e-05,55464.0625,-0.03260347619652748,55464.08203125,0.7672500610351562,0.01448360551148653,2.3353779315948486,0.0
2299.043278111049,-354.470588704866,881.2623699095595,100.0,56,5600,False,1937600,19376,346,73b03aedc11d4733ad70480dfb5e4900,2020-03-24_08-08-27,1585037307,10.695180892944336,3616.8160128593445,2887,eclipse,137.195.211.213,3616.8160128593445,1937600,346,28,28696714,0.04,0.0,1.0,11.388733244262664,0.9884621752967209,1.4669713604935948,1904384,1937600,3261.723,6.254,7304.667,16.359,1.0125000476837158,4.999999873689376e-05,55772.77734375,-0.03564108535647392,55772.796875,0.786531925201416,0.011703701689839363,2.2830991744995117,0.0
2225.8155586493344,-296.0264908028368,1041.047036044098,100.0,56,5600,False,1943200,19432,347,73b03aedc11d4733ad70480dfb5e4900,2020-03-24_08-08-38,1585037318,10.7337486743927,3627.549761533737,2887,eclipse,137.195.211.213,3627.549761533737,1943200,347,28,28696714,0.03,0.0,1.0,11.391208205264995,0.9884217015349435,1.4668944007904399,1909888,1943200,3267.525,6.415,7304.538,17.022,1.0125000476837158,4.999999873689376e-05,52152.01171875,-0.03299528732895851,52152.02734375,0.7885724306106567,0.013412381522357464,2.314847707748413,0.0
3264.4767257878325,-66.77663425117795,1023.5542515947543,100.0,56,5600,False,1948800,19488,348,73b03aedc11d4733ad70480dfb5e4900,2020-03-24_08-08-48,1585037328,10.600528001785278,3638.1502895355225,2887,eclipse,137.195.211.213,3638.1502895355225,1948800,348,28,28696714,0.06,0.0,1.0,11.393728733573198,0.9883640727292184,1.4668164456762296,1915392,1948800,3266.188,6.261,7303.451,17.329,1.0125000476837158,4.999999873689376e-05,125263.46875,-0.03698866441845894,125263.4921875,0.5684314966201782,0.013082264922559261,2.260204315185547,0.0
3264.4767257878325,-322.26204270349274,887.9978096510454,100.0,56,5600,False,1954400,19544,349,73b03aedc11d4733ad70480dfb5e4900,2020-03-24_08-08-59,1585037339,10.753437519073486,3648.903727054596,2887,eclipse,137.195.211.213,3648.903727054596,1954400,349,28,28696714,0.03,0.0,1.0,11.39583595580216,0.988330783693954,1.4667372055827541,1920896,1954400,3263.257,6.351,7307.974,17.403,1.0125000476837158,4.999999873689376e-05,50813.82421875,-0.02932809107005596,50813.82421875,0.773906946182251,0.017229456454515457,2.4174747467041016,0.0
2546.7742671148776,-322.26204270349274,1076.4300098716765,100.0,56,5600,False,1960000,19600,350,73b03aedc11d4733ad70480dfb5e4900,2020-03-24_08-09-10,1585037350,10.764329195022583,3659.6680562496185,2887,eclipse,137.195.211.213,3659.6680562496185,1960000,350,28,28696714,0.03,0.0,1.0,11.398840329894437,0.9883205664547323,1.4666758653252199,1926400,1960000,3282.174,6.376,7307.71,18.049,1.0125000476837158,4.999999873689376e-05,64564.265625,-0.03448227792978287,64564.2890625,0.7605400085449219,0.014105197973549366,1.8480700254440308,0.0
2546.7742671148776,-63.5802200222327,1062.9095399226017,100.0,56,5600,False,1965600,19656,351,73b03aedc11d4733ad70480dfb5e4900,2020-03-24_08-09-21,1585037361,10.628393173217773,3670.2964494228363,2887,eclipse,137.195.211.213,3670.2964494228363,1965600,351,28,28696714,0.02,0.0,1.0,11.401378967907398,0.9883077168708766,1.466603099303111,1931904,1965600,3277.916,6.83,7302.613,18.587,1.0125000476837158,4.999999873689376e-05,63766.42578125,-0.035564206540584564,63766.44140625,0.6960287094116211,0.014166957698762417,2.1798951625823975,0.0
2114.9274462050653,-303.55133793122957,1044.667445292833,100.0,56,5600,False,1971200,19712,352,73b03aedc11d4733ad70480dfb5e4900,2020-03-24_08-09-31,1585037371,10.633732318878174,3680.9301817417145,2887,eclipse,137.195.211.213,3680.9301817417145,1971200,352,28,28696714,0.0,0.0,0.0,11.403978669813196,0.9882908018398072,1.4665202160136284,1937408,1971200,3276.517,7.08,7296.014,18.701,1.0125000476837158,4.999999873689376e-05,63931.359375,-0.03174537420272827,63931.3828125,0.7070733308792114,0.013799158856272697,2.063494920730591,0.0
2440.815040863919,-303.55133793122957,1053.8276994087494,100.0,56,5600,False,1976800,19768,353,73b03aedc11d4733ad70480dfb5e4900,2020-03-24_08-09-42,1585037382,10.613953351974487,3691.544135093689,2887,eclipse,137.195.211.213,3691.544135093689,1976800,353,28,28696714,0.0,0.0,0.0,11.406783471777999,0.9882871442812395,1.4664688708900877,1942912,1976800,3276.135,7.067,7292.38,18.221,1.0125000476837158,4.999999873689376e-05,88936.9765625,-0.03484630584716797,88937.0,0.6421929001808167,0.013874417170882225,2.018723249435425,0.0
2440.815040863919,-273.900133765991,929.6227367626125,100.0,56,5600,False,1982400,19824,354,73b03aedc11d4733ad70480dfb5e4900,2020-03-24_08-09-53,1585037393,10.746315956115723,3702.2904510498047,2887,eclipse,137.195.211.213,3702.2904510498047,1982400,354,28,28696714,0.0,0.0,0.0,11.409073032278828,0.9882663887902764,1.466389107719806,1948416,1982400,3285.792,6.829,7300.865,18.796,1.0125000476837158,4.999999873689376e-05,44644.0390625,-0.03836357966065407,44644.0625,0.7906410098075867,0.014384460635483265,2.40071702003479,0.0
3927.3984424416485,-311.3676619483338,894.1249026387659,100.0,56,5600,False,1988000,19880,355,73b03aedc11d4733ad70480dfb5e4900,2020-03-24_08-10-03,1585037403,10.357295274734497,3712.647746324539,2887,eclipse,137.195.211.213,3712.647746324539,1988000,355,28,28696714,0.02,0.0,1.0,11.411002494042986,0.9882238325042322,1.466378485030272,1953920,1988000,3289.261,6.703,7268.598,19.524,1.0125000476837158,4.999999873689376e-05,118615.46875,-0.03986518457531929,118615.5234375,0.6039873361587524,0.01299414224922657,2.469647169113159,0.0
3927.3984424416485,-311.3676619483338,980.8713622166615,100.0,56,5600,False,1993600,19936,356,73b03aedc11d4733ad70480dfb5e4900,2020-03-24_08-10-14,1585037414,10.580028772354126,3723.2277750968933,2887,eclipse,137.195.211.213,3723.2277750968933,1993600,356,28,28696714,0.02,0.0,1.0,11.413935066323841,0.9882815019401613,1.4665510355748206,1959424,1993600,3302.165,6.772,7243.663,20.098,1.0125000476837158,4.999999873689376e-05,69645.5546875,-0.03125878795981407,69645.5703125,0.6612312197685242,0.015786394476890564,1.9728124141693115,0.0
3654.7674041668706,-78.27457430649102,1100.6075534093156,100.0,56,5600,False,1999200,19992,357,73b03aedc11d4733ad70480dfb5e4900,2020-03-24_08-10-25,1585037425,10.97164511680603,3734.1994202136993,2887,eclipse,137.195.211.213,3734.1994202136993,1999200,357,28,28696714,0.06,0.0,1.0,11.418628819282635,0.9884564189568024,1.4670311440305628,1964928,1999200,3328.928,6.584,7240.225,19.619,1.0125000476837158,4.999999873689376e-05,124822.671875,-0.03539238125085831,124822.6953125,0.5371731519699097,0.014138939790427685,1.9267008304595947,0.0
3654.7674041668706,-533.256837249709,1074.5508767234671,100.0,56,5600,False,2004800,20048,358,73b03aedc11d4733ad70480dfb5e4900,2020-03-24_08-10-36,1585037436,10.779160976409912,3744.9785811901093,2887,eclipse,137.195.211.213,3744.9785811901093,2004800,358,28,28696714,0.05,0.0,1.0,11.422882093083864,0.988564809213355,1.4673148523285349,1970432,2004800,3339.479,6.701,7245.874,19.267,1.0125000476837158,4.999999873689376e-05,71308.390625,-0.037314094603061676,71308.40625,0.6770976185798645,0.01658748649060726,1.8899685144424438,0.0
2338.2529848466775,-533.256837249709,1054.9325865069156,100.0,56,5600,False,2010400,20104,359,73b03aedc11d4733ad70480dfb5e4900,2020-03-24_08-10-46,1585037446,10.637929916381836,3755.616511106491,2887,eclipse,137.195.211.213,3755.616511106491,2010400,359,28,28696714,0.01,0.0,1.0,11.425869854494463,0.9885530209963648,1.4672280942439562,1975936,2010400,3337.22,6.544,7236.518,19.295,1.0125000476837158,4.999999873689376e-05,62036.73828125,-0.0322691835463047,62036.76171875,0.7211008071899414,0.013817336410284042,2.1984145641326904,0.0
2178.291282784546,-70.9500566542864,1168.1909405467372,100.0,56,5600,False,2016000,20160,360,73b03aedc11d4733ad70480dfb5e4900,2020-03-24_08-10-57,1585037457,10.641053199768066,3766.257564306259,2887,eclipse,137.195.211.213,3766.257564306259,2016000,360,28,28696714,0.04,0.0,1.0,11.428976144230264,0.98855160871636,1.467136423549872,1981440,2016000,3325.409,6.473,7235.029,19.479,1.0125000476837158,4.999999873689376e-05,59303.53515625,-0.032804980874061584,59303.546875,0.7413277626037598,0.017782198265194893,1.987876534461975,0.0
2377.8759401703396,-63.783660992991116,1052.0633106325402,100.0,56,5600,False,2021600,20216,361,73b03aedc11d4733ad70480dfb5e4900,2020-03-24_08-11-08,1585037468,10.669512748718262,3776.9270770549774,2887,eclipse,137.195.211.213,3776.9270770549774,2021600,361,28,28696714,0.03,0.0,1.0,11.43156358042407,0.9885185524639339,1.4670704410809716,1986944,2021600,3328.119,6.255,7237.603,19.332,1.0125000476837158,4.999999873689376e-05,53202.83203125,-0.03724147379398346,53202.84765625,0.7542337775230408,0.014959171414375305,2.083545446395874,0.0
2286.8038884870025,-384.01014618304845,962.113072235203,100.0,56,5600,False,2027200,20272,362,73b03aedc11d4733ad70480dfb5e4900,2020-03-24_08-11-18,1585037478,10.657664775848389,3787.584741830826,2887,eclipse,137.195.211.213,3787.584741830826,2027200,362,28,28696714,0.0,0.0,0.0,11.433809152296194,0.9884603697994595,1.4669839084126963,1992448,2027200,3332.128,6.246,7237.02,19.008,1.0125000476837158,4.999999873689376e-05,52186.53515625,-0.0353960357606411,52186.55078125,0.7699785232543945,0.01657307893037796,2.2643110752105713,0.0
2441.5125852674023,-384.01014618304845,942.0300551536442,100.0,56,5600,False,2032800,20328,363,73b03aedc11d4733ad70480dfb5e4900,2020-03-24_08-11-29,1585037489,10.551283597946167,3798.136025428772,2887,eclipse,137.195.211.213,3798.136025428772,2032800,363,28,28696714,0.0,0.0,0.0,11.435884410852239,0.9884228808542934,1.4669065762127633,1997952,2032800,3330.464,6.058,7233.992,18.653,1.0125000476837158,4.999999873689376e-05,67469.9296875,-0.03403165563941002,67469.9453125,0.6843583583831787,0.014935998246073723,2.371206760406494,0.0
2441.5125852674023,-607.8380689304529,799.9172122008796,100.0,56,5600,False,2038400,20384,364,73b03aedc11d4733ad70480dfb5e4900,2020-03-24_08-11-40,1585037500,10.459152698516846,3808.595178127289,2887,eclipse,137.195.211.213,3808.595178127289,2038400,364,28,28696714,0.02,0.0,1.0,11.437010289849185,0.9884002824173467,1.4668460012468407,2003456,2038400,3311.762,6.588,7224.887,17.807,1.0125000476837158,4.999999873689376e-05,60409.28515625,-0.03634262457489967,60409.30859375,0.742009162902832,0.012902452610433102,2.550581932067871,0.0
2435.8652921432113,-607.8380689304529,931.6440969748314,100.0,56,5600,False,2044000,20440,365,73b03aedc11d4733ad70480dfb5e4900,2020-03-24_08-11-50,1585037510,10.622799396514893,3819.2179775238037,2887,eclipse,137.195.211.213,3819.2179775238037,2044000,365,28,28696714,0.03,0.0,1.0,11.438876676400819,0.9883909080402546,1.4668178967887646,2008960,2044000,3317.66,6.451,7249.226,15.738,1.0125000476837158,4.999999873689376e-05,71658.40625,-0.04003157839179039,71658.4453125,0.6931372284889221,0.013391735963523388,1.9909995794296265,0.0
2331.56112833543,-66.99517724282308,1127.9315110979708,100.0,56,5600,False,2049600,20496,366,73b03aedc11d4733ad70480dfb5e4900,2020-03-24_08-12-01,1585037521,10.584383726119995,3829.8023612499237,2887,eclipse,137.195.211.213,3829.8023612499237,2049600,366,28,28696714,0.01,0.0,1.0,11.441909804945324,0.9883800581166602,1.4667530966587925,2014464,2049600,3302.947,6.448,7264.024,15.663,1.0125000476837158,4.999999873689376e-05,53033.7265625,-0.03586858510971069,53033.74609375,0.7643119692802429,0.01665480062365532,1.9164410829544067,0.0
2331.56112833543,-457.0652069977949,1043.9711044846194,100.0,56,5600,False,2055200,20552,367,73b03aedc11d4733ad70480dfb5e4900,2020-03-24_08-12-11,1585037531,10.592975616455078,3840.395336866379,2887,eclipse,137.195.211.213,3840.395336866379,2055200,367,28,28696714,0.02,0.0,1.0,11.444403129649247,0.9883546662195637,1.4666911767879731,2019968,2055200,3267.66,6.593,7262.006,15.101,1.0125000476837158,4.999999873689376e-05,72647.796875,-0.03655564412474632,72647.828125,0.7069036364555359,0.012910944409668446,1.9846017360687256,0.0
2416.8562104270068,-457.0652069977949,1016.8979389499007,100.0,56,5600,False,2060800,20608,368,73b03aedc11d4733ad70480dfb5e4900,2020-03-24_08-12-22,1585037542,10.575448751449585,3850.9707856178284,2887,eclipse,137.195.211.213,3850.9707856178284,2060800,368,28,28696714,0.04,0.0,1.0,11.446353679247217,0.9883333328505048,1.4666380723682073,2025472,2060800,3253.469,6.489,7255.854,15.267,1.0125000476837158,4.999999873689376e-05,55445.78515625,-0.03438335657119751,55445.80859375,0.7579988837242126,0.015039410442113876,2.18310809135437,0.0
2416.8562104270068,-75.508779859492,1027.6302035490542,100.0,56,5600,False,2066400,20664,369,73b03aedc11d4733ad70480dfb5e4900,2020-03-24_08-12-33,1585037553,10.671565055847168,3861.6423506736755,2887,eclipse,137.195.211.213,3861.6423506736755,2066400,369,28,28696714,0.04,0.0,1.0,11.448591471202544,0.9883040460061986,1.466558329917433,2030976,2066400,3255.08,6.666,7256.917,15.666,1.0125000476837158,4.999999873689376e-05,63040.5390625,-0.03296690061688423,63040.55859375,0.7107946872711182,0.013068701140582561,1.9312752485275269,0.0
2752.3672664696824,-63.43074278627805,1053.9800728127987,100.0,56,5600,False,2072000,20720,370,73b03aedc11d4733ad70480dfb5e4900,2020-03-24_08-12-44,1585037564,10.732226133346558,3872.374576807022,2887,eclipse,137.195.211.213,3872.374576807022,2072000,370,28,28696714,0.03,0.0,1.0,11.450923225687305,0.9883010124878265,1.466491849561831,2036480,2072000,3258.655,6.513,7263.759,15.392,1.0125000476837158,4.999999873689376e-05,84351.3046875,-0.03787480294704437,84351.3359375,0.6558574438095093,0.012828512117266655,1.8959306478500366,0.0
2363.2828739245892,-637.2846177695192,1007.618324889197,100.0,56,5600,False,2077600,20776,371,73b03aedc11d4733ad70480dfb5e4900,2020-03-24_08-12-54,1585037574,10.685636758804321,3883.0602135658264,2887,eclipse,137.195.211.213,3883.0602135658264,2077600,371,28,28696714,0.02,0.0,1.0,11.452931814831004,0.9882785848845884,1.4664008301219023,2041984,2077600,3259.031,6.73,7263.469,16.14,1.0125000476837158,4.999999873689376e-05,85010.21875,-0.043145716190338135,85010.2578125,0.6595655679702759,0.015236743725836277,2.0633997917175293,0.0
2186.1480863500406,-637.2846177695192,936.3565960881272,100.0,56,5600,False,2083200,20832,372,73b03aedc11d4733ad70480dfb5e4900,2020-03-24_08-13-05,1585037585,10.77444076538086,3893.8346543312073,2887,eclipse,137.195.211.213,3893.8346543312073,2083200,372,28,28696714,0.04,0.0,1.0,11.454582962004647,0.9882425754274107,1.466296772757143,2047488,2083200,3265.461,6.503,7266.961,16.764,1.0125000476837158,4.999999873689376e-05,50629.16796875,-0.038851547986269,50629.19140625,0.7627149224281311,0.016074150800704956,2.3779191970825195,0.0
2232.455449871649,-73.15760149199502,903.920930054453,100.0,56,5600,False,2088800,20888,373,73b03aedc11d4733ad70480dfb5e4900,2020-03-24_08-13-16,1585037596,10.699618816375732,3904.534273147583,2887,eclipse,137.195.211.213,3904.534273147583,2088800,373,28,28696714,0.02,0.0,1.0,11.456146196387504,0.988256936256099,1.4662298985084539,2052992,2088800,3266.276,6.964,7277.815,17.459,1.0125000476837158,4.999999873689376e-05,64836.48828125,-0.03385840728878975,64836.5,0.6892697811126709,0.015978030860424042,2.0879805088043213,0.0
2291.560171047801,-73.15760149199502,1035.264273580718,100.0,56,5600,False,2094400,20944,374,73b03aedc11d4733ad70480dfb5e4900,2020-03-24_08-13-27,1585037607,10.700465440750122,3915.234738588333,2887,eclipse,137.195.211.213,3915.234738588333,2094400,374,28,28696714,0.02,0.0,1.0,11.458325435531313,0.9882510076028518,1.4661483852761654,2058496,2094400,3282.636,6.901,7285.321,18.131,1.0125000476837158,4.999999873689376e-05,73490.84375,-0.041420161724090576,73490.875,0.6218525767326355,0.014831398613750935,1.844903588294983,0.0
2338.3445539479935,-71.30378764311975,1092.040311969136,100.0,56,5600,False,2100000,21000,375,73b03aedc11d4733ad70480dfb5e4900,2020-03-24_08-13-37,1585037617,10.810950994491577,3926.0456895828247,2887,eclipse,137.195.211.213,3926.0456895828247,2100000,375,28,28696714,0.02,0.0,1.0,11.461524563864671,0.9882225166716253,1.4663962812379268,2064000,2100000,3302.233,7.011,7281.598,19.493,1.0125000476837158,4.999999873689376e-05,50154.32421875,-0.04065103828907013,50154.34765625,0.7967035174369812,0.018880167976021767,2.061049699783325,0.0
2338.3445539479935,-466.75194159710753,962.5220879336961,100.0,56,5600,False,2105600,21056,376,73b03aedc11d4733ad70480dfb5e4900,2020-03-24_08-13-48,1585037628,10.860475063323975,3936.9061646461487,2887,eclipse,137.195.211.213,3936.9061646461487,2105600,376,28,28696714,0.01,0.0,1.0,11.465033925632182,0.9882064430116142,1.4668359396013266,2069504,2105600,3320.373,7.345,7291.851,19.643,1.0125000476837158,4.999999873689376e-05,54834.85546875,-0.03278500959277153,54834.87109375,0.7641534805297852,0.014264018274843693,2.2619028091430664,0.0
2360.6868989928157,-65.23266429939414,982.8454211609337,100.0,56,5600,False,2111200,21112,377,73b03aedc11d4733ad70480dfb5e4900,2020-03-24_08-13-59,1585037639,10.660115957260132,3947.566280603409,2887,eclipse,137.195.211.213,3947.566280603409,2111200,377,28,28696714,0.02,0.0,1.0,11.467377432886307,0.9881841792017688,1.4669535148802089,2075008,2111200,3320.936,6.982,7297.069,20.305,1.0125000476837158,4.999999873689376e-05,65116.25390625,-0.03621459752321243,65116.27734375,0.7200441360473633,0.01608557067811489,2.175333023071289,0.0
2360.6868989928157,-137.6495181506811,1069.3668876831161,100.0,56,5600,False,2116800,21168,378,73b03aedc11d4733ad70480dfb5e4900,2020-03-24_08-14-10,1585037650,10.684201717376709,3958.2504823207855,2887,eclipse,137.195.211.213,3958.2504823207855,2116800,378,28,28696714,0.01,0.0,1.0,11.469522352697817,0.9881739130712891,1.4668899994394224,2080512,2116800,3328.21,6.985,7300.215,20.793,1.0125000476837158,4.999999873689376e-05,55692.15625,-0.03286794573068619,55692.16796875,0.7676344513893127,0.017091337591409683,2.0406270027160645,0.0
2340.3304892147557,-137.6495181506811,982.9149847871723,100.0,56,5600,False,2122400,21224,379,73b03aedc11d4733ad70480dfb5e4900,2020-03-24_08-14-20,1585037660,10.683228731155396,3968.933711051941,2887,eclipse,137.195.211.213,3968.933711051941,2122400,379,28,28696714,0.0,0.0,0.0,11.471570869391588,0.9881713545614498,1.466819499214941,2086016,2122400,3327.639,7.17,7302.738,20.142,1.0125000476837158,4.999999873689376e-05,61661.59375,-0.03049973025918007,61661.609375,0.6893446445465088,0.01717691868543625,2.2282865047454834,0.0
2192.472496387912,-69.89828953714944,834.3258313096999,100.0,56,5600,False,2128000,21280,380,73b03aedc11d4733ad70480dfb5e4900,2020-03-24_08-14-31,1585037671,10.529491186141968,3979.463202238083,2887,eclipse,137.195.211.213,3979.463202238083,2128000,380,28,28696714,0.0,0.0,0.0,11.472701165282647,0.9881434368480371,1.4667119874520045,2091520,2128000,3313.932,7.053,7296.028,20.064,1.0125000476837158,4.999999873689376e-05,61718.21484375,-0.03552543744444847,61718.234375,0.7169549465179443,0.01436916645616293,2.137613296508789,0.0
2413.7291706193814,-288.61656925318033,931.508330697634,100.0,56,5600,False,2133600,21336,381,73b03aedc11d4733ad70480dfb5e4900,2020-03-24_08-14-42,1585037682,10.770198583602905,3990.233400821686,2887,eclipse,137.195.211.213,3990.233400821686,2133600,381,28,28696714,0.0,0.0,0.0,11.47449285643172,0.9881276878981757,1.4665964490063155,2097024,2133600,3314.3,6.83,7302.791,19.218,1.0125000476837158,4.999999873689376e-05,73909.4296875,-0.037095747888088226,73909.453125,0.6737239956855774,0.014314603060483932,2.0743939876556396,0.0
2413.7291706193814,-288.61656925318033,931.8377002387277,100.0,56,5600,False,2139200,21392,382,73b03aedc11d4733ad70480dfb5e4900,2020-03-24_08-14-53,1585037693,10.64913010597229,4000.882530927658,2887,eclipse,137.195.211.213,4000.882530927658,2139200,382,28,28696714,0.0,0.0,0.0,11.476458115577064,0.9881261306912609,1.466517268798529,2102528,2139200,3307.313,6.679,7297.125,19.877,1.0125000476837158,4.999999873689376e-05,53648.46484375,-0.0371711328625679,53648.48828125,0.7196272015571594,0.01586037687957287,2.083247661590576,0.0
2189.8863814486604,-169.7347554855039,931.9625403224229,100.0,56,5600,False,2144800,21448,383,73b03aedc11d4733ad70480dfb5e4900,2020-03-24_08-15-03,1585037703,10.661769151687622,4011.5443000793457,2887,eclipse,137.195.211.213,4011.5443000793457,2144800,383,28,28696714,0.0,0.0,0.0,11.478195683750887,0.9881148938137612,1.4664215429105807,2108032,2144800,3306.902,6.234,7294.876,20.053,1.0125000476837158,4.999999873689376e-05,56102.8359375,-0.04055788740515709,56102.859375,0.7547447681427002,0.015574348159134388,2.3695008754730225,0.0
2159.770563415391,-169.7347554855039,948.970744681113,100.0,56,5600,False,2150400,21504,384,73b03aedc11d4733ad70480dfb5e4900,2020-03-24_08-15-14,1585037714,10.486349105834961,4022.0306491851807,2887,eclipse,137.195.211.213,4022.0306491851807,2150400,384,28,28696714,0.0,0.0,0.0,11.480077622007657,0.9880949086213817,1.4663790631021678,2113536,2150400,3305.056,5.858,7274.844,20.338,1.0125000476837158,4.999999873689376e-05,52545.25,-0.0348782017827034,52545.265625,0.7428920865058899,0.013649958185851574,2.198341131210327,0.0
2816.3336568130003,-73.01198103024544,994.4864117452893,100.0,56,5600,False,2156000,21560,385,73b03aedc11d4733ad70480dfb5e4900,2020-03-24_08-15-25,1585037725,11.030175685882568,4033.0608248710632,2887,eclipse,137.195.211.213,4033.0608248710632,2156000,385,28,28696714,0.02,0.0,1.0,11.483098612077729,0.9882187189250928,1.4666504773409121,2119040,2156000,3319.461,5.691,7284.181,20.21,1.0125000476837158,4.999999873689376e-05,71302.703125,-0.030945660546422005,71302.71875,0.7048351168632507,0.013264190405607224,2.176582098007202,0.0
2816.3336568130003,-443.3123544798567,1133.428903702187,100.0,56,5600,False,2161600,21616,386,73b03aedc11d4733ad70480dfb5e4900,2020-03-24_08-15-36,1585037736,10.647486686706543,4043.70831155777,2887,eclipse,137.195.211.213,4043.70831155777,2161600,386,28,28696714,0.02,0.0,1.0,11.486179352841095,0.9883395404380445,1.4668119859044157,2124544,2161600,3308.892,5.554,7271.035,20.345,1.0125000476837158,4.999999873689376e-05,78992.71875,-0.03367427736520767,78992.7421875,0.6627392172813416,0.013738597743213177,1.852899193763733,0.0
2420.998464380708,-507.0363748216135,1203.7079394176094,100.0,56,5600,False,2167200,21672,387,73b03aedc11d4733ad70480dfb5e4900,2020-03-24_08-15-46,1585037746,10.82186245918274,4054.5301740169525,2887,eclipse,137.195.211.213,4054.5301740169525,2167200,387,28,28696714,0.0,0.0,0.0,11.488973243036819,0.9883592908836886,1.4667431197260572,2130048,2167200,3322.894,5.685,7275.048,20.304,1.0125000476837158,4.999999873689376e-05,65009.77734375,-0.034619830548763275,65009.80078125,0.7667129635810852,0.014486539177596569,2.1641416549682617,0.0
3185.1008138490265,-507.0363748216135,1205.720329689408,100.0,56,5600,False,2172800,21728,388,73b03aedc11d4733ad70480dfb5e4900,2020-03-24_08-15-57,1585037757,10.662535190582275,4065.192709207535,2887,eclipse,137.195.211.213,4065.192709207535,2172800,388,28,28696714,0.02,0.0,1.0,11.491716894886695,0.9883895029450923,1.4666816799287707,2135552,2172800,3323.735,5.809,7273.399,20.355,1.0125000476837158,4.999999873689376e-05,98847.0546875,-0.034760210663080215,98847.078125,0.6211576461791992,0.01448060479015112,1.9063993692398071,0.0
3185.1008138490265,-64.76206282040329,1147.3069091413865,100.0,56,5600,False,2178400,21784,389,73b03aedc11d4733ad70480dfb5e4900,2020-03-24_08-16-08,1585037768,10.67648196220398,4075.8691911697388,2887,eclipse,137.195.211.213,4075.8691911697388,2178400,389,28,28696714,0.02,0.0,1.0,11.494490195367671,0.9884257802649467,1.4666469645382336,2141056,2178400,3331.189,5.463,7266.599,20.358,1.0125000476837158,4.999999873689376e-05,52702.59375,-0.03355177491903305,52702.609375,0.7301730513572693,0.014807832427322865,1.9151490926742554,0.0
2288.4604249002887,-64.76206282040329,1059.4784288079761,100.0,56,5600,False,2184000,21840,390,73b03aedc11d4733ad70480dfb5e4900,2020-03-24_08-16-19,1585037779,10.71796178817749,4086.5871529579163,2887,eclipse,137.195.211.213,4086.5871529579163,2184000,390,28,28696714,0.0,0.0,0.0,11.496813797104386,0.9884324398000922,1.4665856036953682,2146560,2184000,3343.246,5.703,7274.46,20.074,1.0125000476837158,4.999999873689376e-05,59936.765625,-0.03481069579720497,59936.78515625,0.7254511117935181,0.015512136742472649,2.2154974937438965,0.0
2288.68413591917,-70.59809872368328,925.4806537216276,100.0,56,5600,False,2189600,21896,391,73b03aedc11d4733ad70480dfb5e4900,2020-03-24_08-16-29,1585037789,10.60818099975586,4097.195333957672,2887,eclipse,137.195.211.213,4097.195333957672,2189600,391,28,28696714,0.0,0.0,0.0,11.498442454498026,0.9884674926760301,1.4665047249853371,2152064,2189600,3338.17,5.706,7266.589,20.122,1.0125000476837158,4.999999873689376e-05,57834.87109375,-0.0332125723361969,57834.8828125,0.7143309116363525,0.01776685193181038,2.365466594696045,0.0
2288.68413591917,-70.59809872368328,920.7730013627288,100.0,56,5600,False,2195200,21952,392,73b03aedc11d4733ad70480dfb5e4900,2020-03-24_08-16-40,1585037800,10.738335847854614,4107.933669805527,2887,eclipse,137.195.211.213,4107.933669805527,2195200,392,28,28696714,0.01,0.0,1.0,11.500314154768361,0.9885051874392872,1.466468887562054,2157568,2195200,3338.414,5.906,7273.638,19.436,1.0125000476837158,4.999999873689376e-05,58958.80078125,-0.037310048937797546,58958.83203125,0.71551114320755,0.015285994857549667,2.157780647277832,0.0
2230.3223282905747,-491.8779979765297,959.4360031986561,100.0,56,5600,False,2200800,22008,393,73b03aedc11d4733ad70480dfb5e4900,2020-03-24_08-16-51,1585037811,10.594327688217163,4118.527997493744,2887,eclipse,137.195.211.213,4118.527997493744,2200800,393,28,28696714,0.01,0.0,1.0,11.50223634604551,0.9884970307561848,1.4664386775683635,2163072,2200800,3340.912,6.029,7265.88,19.693,1.0125000476837158,4.999999873689376e-05,78980.3359375,-0.03551098331809044,78980.3671875,0.6298001408576965,0.01451120711863041,1.9301623106002808,0.0
2277.519233116152,-491.8779979765297,1086.4480186866986,100.0,56,5600,False,2206400,22064,394,73b03aedc11d4733ad70480dfb5e4900,2020-03-24_08-17-01,1585037821,10.633416175842285,4129.161413669586,2887,eclipse,137.195.211.213,4129.161413669586,2206400,394,28,28696714,0.0,0.0,0.0,11.504483104556666,0.9884796785793948,1.4663588021552136,2168576,2206400,3340.693,6.165,7281.816,19.542,1.0125000476837158,4.999999873689376e-05,55042.4296875,-0.03907264396548271,55042.453125,0.7657684683799744,0.013595521450042725,2.1730518341064453,0.0
2277.519233116152,-65.05873384214549,1068.893090494376,100.0,56,5600,False,2212000,22120,395,73b03aedc11d4733ad70480dfb5e4900,2020-03-24_08-17-12,1585037832,10.717244625091553,4139.878658294678,2887,eclipse,137.195.211.213,4139.878658294678,2212000,395,28,28696714,0.0,0.0,0.0,11.506765309961288,0.9884806680062654,1.4663068278363607,2174080,2212000,3308.286,6.384,7281.149,20.28,1.0125000476837158,4.999999873689376e-05,65056.64453125,-0.03829241171479225,65056.67578125,0.6628314852714539,0.013801757246255875,1.7878228425979614,0.0
2206.7046149400417,-71.75319805201127,907.823009569604,100.0,56,5600,False,2217600,22176,396,73b03aedc11d4733ad70480dfb5e4900,2020-03-24_08-17-23,1585037843,10.663957834243774,4150.5426161289215,2887,eclipse,137.195.211.213,4150.5426161289215,2217600,396,28,28696714,0.02,0.0,1.0,11.508341196069768,0.9885175662807888,1.4662591047277294,2179584,2217600,3301.602,5.866,7290.946,20.067,1.0125000476837158,4.999999873689376e-05,63093.35546875,-0.03703521937131882,63093.37890625,0.666421115398407,0.018265819177031517,2.1278178691864014,0.0
2257.706862517176,-71.75319805201127,1003.4289281847724,100.0,56,5600,False,2223200,22232,397,73b03aedc11d4733ad70480dfb5e4900,2020-03-24_08-17-33,1585037853,10.6171133518219,4161.159729480743,2887,eclipse,137.195.211.213,4161.159729480743,2223200,397,28,28696714,0.04,0.0,1.0,11.509912785447472,0.9884959248199731,1.4662058306306245,2185088,2223200,3281.515,5.983,7290.112,20.064,1.0125000476837158,4.999999873689376e-05,69038.6015625,-0.03489718586206436,69038.625,0.6782501935958862,0.01619277521967888,1.8557549715042114,0.0
2257.706862517176,-71.24287029868857,1077.6280390188888,100.0,56,5600,False,2228800,22288,398,73b03aedc11d4733ad70480dfb5e4900,2020-03-24_08-17-44,1585037864,10.60541582107544,4171.765145301819,2887,eclipse,137.195.211.213,4171.765145301819,2228800,398,28,28696714,0.02,0.0,1.0,11.511963651794238,0.988494435320929,1.4662038751689306,2190592,2228800,3276.666,5.904,7289.952,19.635,1.0125000476837158,4.999999873689376e-05,55978.69140625,-0.03829524293541908,55978.72265625,0.7207067608833313,0.015482128597795963,1.8363615274429321,0.0
2330.6713015692662,-336.3058251796807,997.8423751311378,100.0,56,5600,False,2234400,22344,399,73b03aedc11d4733ad70480dfb5e4900,2020-03-24_08-17-55,1585037875,10.603648662567139,4182.368793964386,2887,eclipse,137.195.211.213,4182.368793964386,2234400,399,28,28696714,0.0,0.0,0.0,11.513738755477348,0.9885411525675788,1.4661767607430187,2196096,2234400,3263.677,6.086,7295.018,19.818,1.0125000476837158,4.999999873689376e-05,58290.12890625,-0.03618016093969345,58290.14453125,0.75636887550354,0.014956273138523102,2.117957592010498,0.0
2345.316803128927,-514.0790359606334,903.5412611789513,100.0,56,5600,False,2240000,22400,400,73b03aedc11d4733ad70480dfb5e4900,2020-03-24_08-18-05,1585037885,10.623015642166138,4192.991809606552,2887,eclipse,137.195.211.213,4192.991809606552,2240000,400,28,28696714,0.0,0.0,0.0,11.514951509748212,0.988566359737994,1.4661290369870097,2201600,2240000,3258.306,5.962,7289.78,20.255,1.0125000476837158,4.999999873689376e-05,81578.734375,-0.0358324758708477,81578.75,0.6539000272750854,0.014043166302144527,2.146789073944092,0.0
2345.316803128927,-514.0790359606334,1029.3602526907289,100.0,56,5600,False,2245600,22456,401,73b03aedc11d4733ad70480dfb5e4900,2020-03-24_08-18-16,1585037896,10.701151371002197,4203.692960977554,2887,eclipse,137.195.211.213,4203.692960977554,2245600,401,28,28696714,0.01,0.0,1.0,11.516837634291196,0.9885428264673931,1.4660869691701104,2207104,2245600,3264.662,5.967,7291.264,21.017,1.0125000476837158,4.999999873689376e-05,52574.390625,-0.033123571425676346,52574.4140625,0.7469472885131836,0.015104111284017563,1.970871090888977,0.0
2185.9458820814584,-67.46859571730106,1103.955383780575,100.0,56,5600,False,2251200,22512,402,73b03aedc11d4733ad70480dfb5e4900,2020-03-24_08-18-27,1585037907,10.724085330963135,4214.4170463085175,2887,eclipse,137.195.211.213,4214.4170463085175,2251200,402,28,28696714,0.01,0.0,1.0,11.519227028814607,0.9885531016755035,1.466111927104551,2212608,2251200,3267.243,6.216,7288.538,21.749,1.0125000476837158,4.999999873689376e-05,48907.0703125,-0.04207558184862137,48907.09375,0.772027313709259,0.015970492735505104,2.1111271381378174,0.0
2320.082293021094,-65.31794156433651,1098.2251401674916,100.0,56,5600,False,2256800,22568,403,73b03aedc11d4733ad70480dfb5e4900,2020-03-24_08-18-38,1585037918,10.803987503051758,4225.221033811569,2887,eclipse,137.195.211.213,4225.221033811569,2256800,403,28,28696714,0.01,0.0,1.0,11.521700239819104,0.9885616537858161,1.4661215002179788,2218112,2256800,3282.841,6.107,7294.135,21.027,1.0125000476837158,4.999999873689376e-05,61218.4140625,-0.03554954752326012,61218.4375,0.7272940278053284,0.013741564005613327,1.8444687128067017,0.0
2320.082293021094,-323.2455125934793,958.6429809321318,100.0,56,5600,False,2262400,22624,404,73b03aedc11d4733ad70480dfb5e4900,2020-03-24_08-18-49,1585037929,10.70316481590271,4235.924198627472,2887,eclipse,137.195.211.213,4235.924198627472,2262400,404,28,28696714,0.01,0.0,1.0,11.523468281019914,0.9885733337214617,1.466071149709344,2223616,2262400,3286.602,6.259,7297.553,20.497,1.0125000476837158,4.999999873689376e-05,75920.8984375,-0.036713216453790665,75920.9140625,0.6408416032791138,0.01579301245510578,2.3233492374420166,0.0
2516.2100081093286,-323.2455125934793,1011.986642084821,100.0,56,5600,False,2268000,22680,405,73b03aedc11d4733ad70480dfb5e4900,2020-03-24_08-18-59,1585037939,10.58247971534729,4246.506678342819,2887,eclipse,137.195.211.213,4246.506678342819,2268000,405,28,28696714,0.01,0.0,1.0,11.525332896592126,0.9885444497942066,1.466027904941305,2229120,2268000,3281.807,6.181,7288.881,19.844,1.0125000476837158,4.999999873689376e-05,63472.609375,-0.03155269846320152,63472.62890625,0.7164275646209717,0.01332700252532959,2.1331820487976074,0.0
2971.382448813686,-65.67805629546966,1051.0050448458242,100.0,56,5600,False,2273600,22736,406,73b03aedc11d4733ad70480dfb5e4900,2020-03-24_08-19-10,1585037950,10.511077880859375,4257.017756223679,2887,eclipse,137.195.211.213,4257.017756223679,2273600,406,28,28696714,0.03,0.0,1.0,11.527080896391446,0.988510695540787,1.4659640147715465,2234624,2273600,3281.354,6.601,7274.856,19.398,1.0125000476837158,4.999999873689376e-05,56635.90234375,-0.041389450430870056,56635.92578125,0.7807806134223938,0.01680469699203968,2.103074789047241,0.0
2971.382448813686,-73.3329723187954,1091.9512660609048,100.0,56,5600,False,2279200,22792,407,73b03aedc11d4733ad70480dfb5e4900,2020-03-24_08-19-20,1585037960,10.46367859840393,4267.4814348220825,2887,eclipse,137.195.211.213,4267.4814348220825,2279200,407,28,28696714,0.02,0.0,1.0,11.528910873353157,0.9884763973931165,1.465898821036732,2240128,2279200,3286.457,6.518,7255.091,18.268,1.0125000476837158,4.999999873689376e-05,91192.0859375,-0.027408162131905556,91192.1015625,0.5876175761222839,0.015713362023234367,2.0622401237487793,0.0
2209.730542508623,-70.15474175075822,1054.668130031652,100.0,56,5600,False,2284800,22848,408,73b03aedc11d4733ad70480dfb5e4900,2020-03-24_08-19-31,1585037971,10.738884449005127,4278.220319271088,2887,eclipse,137.195.211.213,4278.220319271088,2284800,408,28,28696714,0.0,0.0,0.0,11.530875950976743,0.9884603103504318,1.4658413263613044,2245632,2284800,3298.637,6.647,7255.412,18.747,1.0125000476837158,4.999999873689376e-05,46119.3828125,-0.03819790109992027,46119.41015625,0.7942962646484375,0.014651011675596237,2.3439602851867676,0.0
2762.742958215092,-63.19785332257865,1049.2007578217926,100.0,56,5600,False,2290400,22904,409,73b03aedc11d4733ad70480dfb5e4900,2020-03-24_08-19-42,1585037982,10.5770103931427,4288.79732966423,2887,eclipse,137.195.211.213,4288.79732966423,2290400,409,28,28696714,0.03,0.0,1.0,11.532859312036122,0.9884429988362835,1.4658066893482873,2251136,2290400,3298.053,6.234,7254.498,18.137,1.0125000476837158,4.999999873689376e-05,76674.2421875,-0.03643738105893135,76674.265625,0.6822990775108337,0.01286782044917345,2.1220765113830566,0.0
2762.742958215092,-170.7649652417826,952.2791516193741,100.0,56,5600,False,2296000,22960,410,73b03aedc11d4733ad70480dfb5e4900,2020-03-24_08-19-52,1585037992,10.62948727607727,4299.426816940308,2887,eclipse,137.195.211.213,4299.426816940308,2296000,410,28,28696714,0.04,0.0,1.0,11.534250385756023,0.9884641242727767,1.4657826244341756,2256640,2296000,3296.983,6.183,7256.163,18.027,1.0125000476837158,4.999999873689376e-05,49948.6328125,-0.03851718455553055,49948.6640625,0.8032333254814148,0.013595887459814548,2.565307855606079,0.0
2234.5590969340433,-574.9987108595654,993.4605583382602,100.0,56,5600,False,2301600,23016,411,73b03aedc11d4733ad70480dfb5e4900,2020-03-24_08-20-03,1585038003,10.635330438613892,4310.0621473789215,2887,eclipse,137.195.211.213,4310.0621473789215,2301600,411,28,28696714,0.01,0.0,1.0,11.536152654310177,0.9884573938402391,1.4657580869536369,2262144,2301600,3292.993,6.375,7253.468,18.151,1.0125000476837158,4.999999873689376e-05,79543.4140625,-0.033728864043951035,79543.4296875,0.6623282432556152,0.017814552411437035,2.177809953689575,0.0
2268.055160500912,-287.4811327890301,962.1637543956441,100.0,56,5600,False,2307200,23072,412,73b03aedc11d4733ad70480dfb5e4900,2020-03-24_08-20-14,1585038014,10.515429019927979,4320.5775763988495,2887,eclipse,137.195.211.213,4320.5775763988495,2307200,412,28,28696714,0.0,0.0,0.0,11.538035973904504,0.9884384207515177,1.465801388416872,2267648,2307200,3289.688,6.083,7238.052,17.396,1.0125000476837158,4.999999873689376e-05,59313.75,-0.03505236655473709,59313.7734375,0.7423273324966431,0.014684951864182949,2.257175922393799,0.0
2268.055160500912,-509.29793166964265,993.567833597187,100.0,56,5600,False,2312800,23128,413,73b03aedc11d4733ad70480dfb5e4900,2020-03-24_08-20-25,1585038025,11.268869400024414,4331.846445798874,2887,eclipse,137.195.211.213,4331.846445798874,2312800,413,28,28696714,0.0,0.0,0.0,11.540964561060266,0.9885091339485362,1.4659791341942907,2273152,2312800,3334.854,6.303,7239.52,18.068,1.0125000476837158,4.999999873689376e-05,66945.9609375,-0.033465925604104996,66945.9765625,0.7026657462120056,0.014895174652338028,2.1175131797790527,0.0
2178.892282757957,-382.0068971300196,1068.2797166990242,100.0,56,5600,False,2318400,23184,414,73b03aedc11d4733ad70480dfb5e4900,2020-03-24_08-20-36,1585038036,10.705564260482788,4342.552010059357,2887,eclipse,137.195.211.213,4342.552010059357,2318400,414,28,28696714,0.0,0.0,0.0,11.544045985332524,0.9885651804744816,1.4660800692560634,2278656,2318400,3332.08,6.193,7241.045,18.486,1.0125000476837158,4.999999873689376e-05,74081.515625,-0.03493208438158035,74081.53125,0.6176271438598633,0.014813249930739403,1.742914080619812,0.0
2154.2599677801322,-382.0068971300196,1169.6278705173893,100.0,56,5600,False,2324000,23240,415,73b03aedc11d4733ad70480dfb5e4900,2020-03-24_08-20-46,1585038046,10.625763893127441,4353.177773952484,2887,eclipse,137.195.211.213,4353.177773952484,2324000,415,28,28696714,0.01,0.0,1.0,11.546372188698875,0.9885453892347962,1.4660045913502273,2284160,2324000,3325.812,5.937,7252.054,18.502,1.0125000476837158,4.999999873689376e-05,56707.2890625,-0.037109214812517166,56707.30859375,0.7730600237846375,0.019455187022686005,2.0204124450683594,0.0
2236.6197746816997,-63.90700403851818,1036.922636314307,100.0,56,5600,False,2329600,23296,416,73b03aedc11d4733ad70480dfb5e4900,2020-03-24_08-20-57,1585038057,10.722973823547363,4363.9007477760315,2887,eclipse,137.195.211.213,4363.9007477760315,2329600,416,28,28696714,0.0,0.0,0.0,11.548144377306462,0.9885417906683002,1.4659430076985356,2289664,2329600,3330.477,5.919,7265.71,19.408,1.0125000476837158,4.999999873689376e-05,66087.015625,-0.03694285452365875,66087.03125,0.6611365675926208,0.01533023826777935,1.8212956190109253,0.0
2236.6197746816997,-66.44868773757699,1021.8303545379717,100.0,56,5600,False,2335200,23352,417,73b03aedc11d4733ad70480dfb5e4900,2020-03-24_08-21-08,1585038068,10.60746455192566,4374.508212327957,2887,eclipse,137.195.211.213,4374.508212327957,2335200,417,28,28696714,0.0,0.0,0.0,11.550055055490143,0.9885656891807031,1.4659038405653682,2295168,2335200,3327.351,6.078,7280.83,20.312,1.0125000476837158,4.999999873689376e-05,60289.23828125,-0.034908730536699295,60289.25,0.7017133235931396,0.014540106989443302,2.0388846397399902,0.0
4750.183841764228,-69.60610902814405,1040.3077773999778,100.0,56,5600,False,2340800,23408,418,73b03aedc11d4733ad70480dfb5e4900,2020-03-24_08-21-18,1585038078,10.711321830749512,4385.219534158707,2887,eclipse,137.195.211.213,4385.219534158707,2340800,418,28,28696714,0.01,0.0,1.0,11.551538000672627,0.9885839372625196,1.465844852348834,2300672,2340800,3321.078,5.893,7283.382,19.862,1.0125000476837158,4.999999873689376e-05,199334.203125,-0.0327451266348362,199334.234375,0.37183842062950134,0.01441747322678566,1.912330150604248,0.0
2279.5271804917315,-81.12404347601746,936.6413732382141,100.0,56,5600,False,2346400,23464,419,73b03aedc11d4733ad70480dfb5e4900,2020-03-24_08-21-29,1585038089,10.545859813690186,4395.765393972397,2887,eclipse,137.195.211.213,4395.765393972397,2346400,419,28,28696714,0.01,0.0,1.0,11.552689647626485,0.9885851750202401,1.465781670145215,2306176,2346400,3319.581,6.585,7281.789,20.038,1.0125000476837158,4.999999873689376e-05,46936.31640625,-0.03696031868457794,46936.3359375,0.8016902804374695,0.01379841472953558,2.553144693374634,0.0
2481.9984034437343,-71.36662858308493,1000.9399736759135,100.0,56,5600,False,2352000,23520,420,73b03aedc11d4733ad70480dfb5e4900,2020-03-24_08-21-40,1585038100,10.66124415397644,4406.426638126373,2887,eclipse,137.195.211.213,4406.426638126373,2352000,420,28,28696714,0.01,0.0,1.0,11.554141951043416,0.9885951587266729,1.4657274007761207,2311680,2352000,3325.373,6.602,7279.122,19.882,1.0125000476837158,4.999999873689376e-05,72518.9453125,-0.0358356274664402,72518.96875,0.7000119686126709,0.01526698563247919,2.169447898864746,0.0
2481.9984034437343,-460.23484358890715,1002.9734683291292,100.0,56,5600,False,2357600,23576,421,73b03aedc11d4733ad70480dfb5e4900,2020-03-24_08-21-50,1585038110,10.619206666946411,4417.04584479332,2887,eclipse,137.195.211.213,4417.04584479332,2357600,421,28,28696714,0.01,0.0,1.0,11.555569100560037,0.988601855161818,1.4656743086262884,2317184,2357600,3319.559,6.699,7282.843,19.31,1.0125000476837158,4.999999873689376e-05,58631.6796875,-0.036445632576942444,58631.69921875,0.7594424486160278,0.015300334431231022,2.2742581367492676,0.0
2282.875938018135,-460.23484358890715,994.3258154937539,100.0,56,5600,False,2363200,23632,422,73b03aedc11d4733ad70480dfb5e4900,2020-03-24_08-22-01,1585038121,10.71806025505066,4427.76390504837,2887,eclipse,137.195.211.213,4427.76390504837,2363200,422,28,28696714,0.02,0.0,1.0,11.55721784780013,0.9886288445174575,1.4656532998353984,2322688,2363200,3319.743,6.701,7300.769,19.52,1.0125000476837158,4.999999873689376e-05,76179.375,-0.03385130316019058,76179.3984375,0.6202968955039978,0.016143091022968292,2.074155330657959,0.0
2314.540009932604,-290.8326581868074,992.452607402615,100.0,56,5600,False,2368800,23688,423,73b03aedc11d4733ad70480dfb5e4900,2020-03-24_08-22-12,1585038132,10.604778289794922,4438.368683338165,2887,eclipse,137.195.211.213,4438.368683338165,2368800,423,28,28696714,0.03,0.0,1.0,11.55890864886267,0.9886282906774823,1.465641648055999,2328192,2368800,3259.141,6.718,7294.753,19.454,1.0125000476837158,4.999999873689376e-05,51420.19921875,-0.03527326136827469,51420.22265625,0.7813796401023865,0.01415463350713253,2.312237501144409,0.0
2404.722900662937,-68.54657084809054,1050.5264595312183,100.0,56,5600,False,2374400,23744,424,73b03aedc11d4733ad70480dfb5e4900,2020-03-24_08-22-23,1585038143,10.670014381408691,4449.038697719574,2887,eclipse,137.195.211.213,4449.038697719574,2374400,424,28,28696714,0.02,0.0,1.0,11.560592405548537,0.9885990344702609,1.4655853060073372,2333696,2374400,3255.571,6.758,7295.411,19.262,1.0125000476837158,4.999999873689376e-05,66733.84375,-0.0388350710272789,66733.875,0.7051022052764893,0.01540032122284174,2.2672533988952637,0.0
2476.160180919857,-67.8994323353351,1054.8958362196386,100.0,56,5600,False,2380000,23800,425,73b03aedc11d4733ad70480dfb5e4900,2020-03-24_08-22-33,1585038153,10.5972318649292,4459.635929584503,2887,eclipse,137.195.211.213,4459.635929584503,2380000,425,28,28696714,0.05,0.0,1.0,11.562098024271975,0.9885726166231918,1.4655392585544633,2339200,2380000,3258.266,6.923,7290.282,19.801,1.0125000476837158,4.999999873689376e-05,82360.4140625,-0.033760976046323776,82360.4453125,0.7227049469947815,0.012902365066111088,2.315549373626709,0.0
2476.160180919857,-73.21094603038145,1043.2817585818439,100.0,56,5600,False,2385600,23856,426,73b03aedc11d4733ad70480dfb5e4900,2020-03-24_08-22-44,1585038164,10.720741271972656,4470.356670856476,2887,eclipse,137.195.211.213,4470.356670856476,2385600,426,28,28696714,0.04,0.0,1.0,11.563601151029946,0.9885607757640098,1.4654935311398851,2344704,2385600,3259.661,6.821,7290.901,18.767,1.0125000476837158,4.999999873689376e-05,64057.77734375,-0.03901465982198715,64057.8125,0.6989358067512512,0.01639319211244583,2.1046576499938965,0.0
2202.8346309852755,-73.21094603038145,987.3236046981494,100.0,56,5600,False,2391200,23912,427,73b03aedc11d4733ad70480dfb5e4900,2020-03-24_08-22-55,1585038175,10.59985613822937,4480.956526994705,2887,eclipse,137.195.211.213,4480.956526994705,2391200,427,28,28696714,0.0,0.0,0.0,11.565119630537843,0.9885458953928205,1.4654257443366072,2350208,2391200,3258.52,6.695,7290.406,18.824,1.0125000476837158,4.999999873689376e-05,52265.51171875,-0.037533950060606,52265.5234375,0.7706143856048584,0.013508036732673645,2.2250773906707764,0.0
2177.1475693925286,-75.6272352242252,967.9698060291854,100.0,56,5600,False,2396800,23968,428,73b03aedc11d4733ad70480dfb5e4900,2020-03-24_08-23-05,1585038185,10.784449338912964,4491.740976333618,2887,eclipse,137.195.211.213,4491.740976333618,2396800,428,28,28696714,0.0,0.0,0.0,11.56689459896304,0.9885098065677337,1.4653695682292784,2355712,2396800,3264.175,6.892,7292.416,19.017,1.0125000476837158,4.999999873689376e-05,64434.796875,-0.03481167182326317,64434.8203125,0.6945202350616455,0.014715775847434998,2.019217014312744,0.0
2239.5329876947103,-394.96317974488545,879.2926243262309,100.0,56,5600,False,2402400,24024,429,73b03aedc11d4733ad70480dfb5e4900,2020-03-24_08-23-16,1585038196,10.677699565887451,4502.418675899506,2887,eclipse,137.195.211.213,4502.418675899506,2402400,429,28,28696714,0.0,0.0,0.0,11.568425125666101,0.9884853242851631,1.465363502613407,2361216,2402400,3269.694,6.495,7297.002,19.14,1.0125000476837158,4.999999873689376e-05,61839.34375,-0.03556346520781517,61839.359375,0.6837826371192932,0.014185919426381588,2.3669590950012207,0.0
2283.478825997077,-66.8683481161998,848.0867022055467,100.0,56,5600,False,2408000,24080,430,73b03aedc11d4733ad70480dfb5e4900,2020-03-24_08-23-27,1585038207,10.665412187576294,4513.084088087082,2887,eclipse,137.195.211.213,4513.084088087082,2408000,430,28,28696714,0.01,0.0,1.0,11.56948847961255,0.9884638960599724,1.4653394129689912,2366720,2408000,3262.516,6.796,7303.419,19.458,1.0125000476837158,4.999999873689376e-05,59227.40625,-0.04010308161377907,59227.41796875,0.7188360691070557,0.014622699469327927,2.2401225566864014,0.0
2226.599359904705,-361.9919161064699,830.6983046029615,100.0,56,5600,False,2413600,24136,431,73b03aedc11d4733ad70480dfb5e4900,2020-03-24_08-23-38,1585038218,10.649721622467041,4523.733809709549,2887,eclipse,137.195.211.213,4523.733809709549,2413600,431,28,28696714,0.0,0.0,0.0,11.570501696361266,0.9884661748805104,1.4653055800822552,2372224,2413600,3261.756,6.603,7308.924,19.453,1.0125000476837158,4.999999873689376e-05,64702.7734375,-0.03920751437544823,64702.7890625,0.6986513137817383,0.013165819458663464,2.218029737472534,0.0
2295.3932876421045,-66.78064921653068,980.5483825153103,100.0,56,5600,False,2419200,24192,432,73b03aedc11d4733ad70480dfb5e4900,2020-03-24_08-23-48,1585038228,10.618701457977295,4534.352511167526,2887,eclipse,137.195.211.213,4534.352511167526,2419200,432,28,28696714,0.03,0.0,1.0,11.571755297666575,0.988448348691232,1.4652799430200654,2377728,2419200,3259.8,6.448,7302.427,18.434,1.0125000476837158,4.999999873689376e-05,69336.5625,-0.03873603790998459,69336.5859375,0.677454948425293,0.014573724940419197,1.9348224401474,0.0
2295.557650693384,-82.33651963379518,999.8171858355178,100.0,56,5600,False,2424800,24248,433,73b03aedc11d4733ad70480dfb5e4900,2020-03-24_08-23-59,1585038239,10.667599201202393,4545.020110368729,2887,eclipse,137.195.211.213,4545.020110368729,2424800,433,28,28696714,0.03,0.0,1.0,11.573136167555425,0.9884510856104398,1.4652235791172796,2383232,2424800,3258.818,6.502,7307.076,18.433,1.0125000476837158,4.999999873689376e-05,54719.40234375,-0.043167844414711,54719.41796875,0.7705955505371094,0.013043995946645737,2.3368310928344727,0.0
2526.9594866484663,-445.33035487717547,869.136078362997,100.0,56,5600,False,2430400,24304,434,73b03aedc11d4733ad70480dfb5e4900,2020-03-24_08-24-10,1585038250,10.792006969451904,4555.8121173381805,2887,eclipse,137.195.211.213,4555.8121173381805,2430400,434,28,28696714,0.0,0.0,0.0,11.574361768116523,0.9884512384446984,1.4652024686072638,2388736,2430400,3269.387,6.583,7308.516,18.228,1.0125000476837158,4.999999873689376e-05,58660.84765625,-0.04078056290745735,58660.87890625,0.7162982225418091,0.015139811672270298,2.013122797012329,0.0
2526.9594866484663,-73.00494522455644,967.1820344147087,100.0,56,5600,False,2436000,24360,435,73b03aedc11d4733ad70480dfb5e4900,2020-03-24_08-24-21,1585038261,10.719518899917603,4566.531636238098,2887,eclipse,137.195.211.213,4566.531636238098,2436000,435,28,28696714,0.0,0.0,0.0,11.576167029089193,0.9884275005235488,1.4651918413811698,2394240,2436000,3281.407,6.685,7309.516,17.884,1.0125000476837158,4.999999873689376e-05,55285.73828125,-0.03220938518643379,55285.76171875,0.6989331245422363,0.013507582247257233,2.003204584121704,0.0
2392.1020615327593,-76.16729443407574,966.5560616285042,100.0,56,5600,False,2441600,24416,436,73b03aedc11d4733ad70480dfb5e4900,2020-03-24_08-24-31,1585038271,10.574294328689575,4577.105930566788,2887,eclipse,137.195.211.213,4577.105930566788,2441600,436,28,28696714,0.0,0.0,0.0,11.577677531656278,0.988407114356948,1.4651534880982808,2399744,2441600,3274.323,6.661,7303.953,18.09,1.0125000476837158,4.999999873689376e-05,69980.5390625,-0.03779148310422897,69980.5625,0.6215380430221558,0.016123250126838684,2.1153056621551514,0.0
2121.8413845053583,-458.1443688360493,958.8037031812735,100.0,56,5600,False,2447200,24472,437,73b03aedc11d4733ad70480dfb5e4900,2020-03-24_08-24-42,1585038282,10.587873458862305,4587.69380402565,2887,eclipse,137.195.211.213,4587.69380402565,2447200,437,28,28696714,0.0,0.0,0.0,11.579013113017407,0.9884092672473725,1.465128474901402,2405248,2447200,3277.408,6.418,7302.119,17.736,1.0125000476837158,4.999999873689376e-05,80191.6640625,-0.03310690075159073,80191.6875,0.6216580867767334,0.017417030408978462,2.0985467433929443,0.0
2325.6836160068583,-523.9660565243977,962.078478915512,100.0,56,5600,False,2452800,24528,438,73b03aedc11d4733ad70480dfb5e4900,2020-03-24_08-24-52,1585038292,10.648194789886475,4598.3419988155365,2887,eclipse,137.195.211.213,4598.3419988155365,2452800,438,28,28696714,0.0,0.0,0.0,11.580352916917313,0.9884113913006888,1.4651017265097581,2410752,2452800,3270.073,6.425,7297.154,16.95,1.0125000476837158,4.999999873689376e-05,56383.8828125,-0.04133604094386101,56383.89453125,0.761279821395874,0.015111119486391544,2.2119662761688232,0.0
2325.6836160068583,-523.9660565243977,1009.0544749570178,100.0,56,5600,False,2458400,24584,439,73b03aedc11d4733ad70480dfb5e4900,2020-03-24_08-25-03,1585038303,10.696768522262573,4609.038767337799,2887,eclipse,137.195.211.213,4609.038767337799,2458400,439,28,28696714,0.0,0.0,0.0,11.581996771154031,0.9883997855014351,1.4650958397602027,2416256,2458400,3267.046,6.373,7303.187,16.429,1.0125000476837158,4.999999873689376e-05,82943.65625,-0.03977731615304947,82943.6796875,0.5588945150375366,0.017017783597111702,1.8501430749893188,0.0
2375.045230069676,-425.9271140096507,949.1178333588953,100.0,56,5600,False,2464000,24640,440,73b03aedc11d4733ad70480dfb5e4900,2020-03-24_08-25-14,1585038314,10.536312818527222,4619.575080156326,2887,eclipse,137.195.211.213,4619.575080156326,2464000,440,28,28696714,0.0,0.0,0.0,11.583513503155581,0.988406966781714,1.4651322609348363,2421760,2464000,3280.767,6.291,7278.463,16.318,1.0125000476837158,4.999999873689376e-05,69562.390625,-0.03907164931297302,69562.4140625,0.7089919447898865,0.015949387103319168,2.062669515609741,0.0
2375.045230069676,-425.9271140096507,1043.7004410290172,100.0,56,5600,False,2469600,24696,441,73b03aedc11d4733ad70480dfb5e4900,2020-03-24_08-25-25,1585038325,10.745447397232056,4630.320527553558,2887,eclipse,137.195.211.213,4630.320527553558,2469600,441,28,28696714,0.0,0.0,0.0,11.585592438081784,0.9884280409830515,1.4652139997410318,2427264,2469600,3296.475,6.177,7272.06,16.104,1.0125000476837158,4.999999873689376e-05,52459.5859375,-0.03985106945037842,52459.6171875,0.7554630637168884,0.015360296703875065,2.113619804382324,0.0
2280.6867567711747,-60.99912805143547,870.5056309999947,100.0,56,5600,False,2475200,24752,442,73b03aedc11d4733ad70480dfb5e4900,2020-03-24_08-25-35,1585038335,10.42080020904541,4640.741327762604,2887,eclipse,137.195.211.213,4640.741327762604,2475200,442,28,28696714,0.0,0.0,0.0,11.586726315453472,0.9884488348251281,1.4652467512413136,2432768,2475200,3287.838,6.52,7261.021,16.496,1.0125000476837158,4.999999873689376e-05,59432.03515625,-0.03295639157295227,59432.05078125,0.7042107582092285,0.015288151800632477,2.179307460784912,0.0
2421.7171051950468,-470.41165766072646,873.3321384587342,100.0,56,5600,False,2480800,24808,443,73b03aedc11d4733ad70480dfb5e4900,2020-03-24_08-25-46,1585038346,10.578510284423828,4651.319838047028,2887,eclipse,137.195.211.213,4651.319838047028,2480800,443,28,28696714,0.0,0.0,0.0,11.587733291017035,0.9884510104578635,1.46521750083577,2438272,2480800,3297.0,6.461,7243.467,16.485,1.0125000476837158,4.999999873689376e-05,72520.828125,-0.03688281774520874,72520.8515625,0.6683329939842224,0.013995888642966747,2.283679962158203,0.0
2290.366873023502,-596.026469301895,952.1976989602957,100.0,56,5600,False,2486400,24864,444,73b03aedc11d4733ad70480dfb5e4900,2020-03-24_08-25-56,1585038356,10.710582256317139,4662.030420303345,2887,eclipse,137.195.211.213,4662.030420303345,2486400,444,28,28696714,0.02,0.0,1.0,11.58905035505219,0.988453320643398,1.4651796027626438,2443776,2486400,3295.431,6.559,7236.842,17.235,1.0125000476837158,4.999999873689376e-05,82867.8515625,-0.03579007089138031,82867.8828125,0.6504262685775757,0.012863434851169586,2.024461507797241,0.0
2432.382269324623,-596.026469301895,1033.887524631295,100.0,56,5600,False,2492000,24920,445,73b03aedc11d4733ad70480dfb5e4900,2020-03-24_08-26-07,1585038367,10.56365966796875,4672.5940799713135,2887,eclipse,137.195.211.213,4672.5940799713135,2492000,445,28,28696714,0.02,0.0,1.0,11.590439313626208,0.9884311633951829,1.465130527972852,2449280,2492000,3282.816,6.712,7232.33,17.608,1.0125000476837158,4.999999873689376e-05,69002.3046875,-0.03752605617046356,69002.328125,0.714112401008606,0.016392653807997704,2.2527875900268555,0.0
2432.382269324623,-424.53746870092044,1127.8731837033242,100.0,56,5600,False,2497600,24976,446,73b03aedc11d4733ad70480dfb5e4900,2020-03-24_08-26-18,1585038378,10.664434432983398,4683.258514404297,2887,eclipse,137.195.211.213,4683.258514404297,2497600,446,28,28696714,0.0,0.0,0.0,11.59220397528041,0.9883890040882176,1.4651159861219911,2454784,2497600,3286.733,6.708,7235.966,17.73,1.0125000476837158,4.999999873689376e-05,51482.4140625,-0.039448462426662445,51482.44140625,0.7793288230895996,0.014976340346038342,2.081282615661621,0.0
2308.53753711458,-64.80888466666195,1228.0788085409333,100.0,56,5600,False,2503200,25032,447,73b03aedc11d4733ad70480dfb5e4900,2020-03-24_08-26-29,1585038389,10.72084093093872,4693.979355335236,2887,eclipse,137.195.211.213,4693.979355335236,2503200,447,28,28696714,0.0,0.0,0.0,11.594640133383546,0.988384297088958,1.4650678678414595,2460288,2503200,3295.036,7.129,7241.179,18.335,1.0125000476837158,4.999999873689376e-05,44423.125,-0.04079603776335716,44423.15234375,0.7811813354492188,0.014284869655966759,1.7941066026687622,0.0
2257.5021386463095,-64.80888466666195,1044.03296476009,100.0,56,5600,False,2508800,25088,448,73b03aedc11d4733ad70480dfb5e4900,2020-03-24_08-26-39,1585038399,10.53410291671753,4704.513458251953,2887,eclipse,137.195.211.213,4704.513458251953,2508800,448,28,28696714,0.0,0.0,0.0,11.596209744688986,0.9883704250067331,1.4650261082517397,2465792,2508800,3285.634,6.911,7239.621,18.806,1.0125000476837158,4.999999873689376e-05,54239.58203125,-0.03597905486822128,54239.60546875,0.7903727293014526,0.01569467969238758,2.1504695415496826,0.0
2260.086726654239,-242.41466759425427,859.7015653754823,100.0,56,5600,False,2514400,25144,449,73b03aedc11d4733ad70480dfb5e4900,2020-03-24_08-26-50,1585038410,10.615386724472046,4715.128844976425,2887,eclipse,137.195.211.213,4715.128844976425,2514400,449,28,28696714,0.0,0.0,0.0,11.596853197418513,0.9883492519273429,1.4650119696152542,2471296,2514400,3285.252,7.08,7231.899,19.594,1.0125000476837158,4.999999873689376e-05,62474.09375,-0.03669977933168411,62474.1171875,0.6862936019897461,0.01411775965243578,2.3024330139160156,0.0
2288.339424776268,-242.41466759425427,913.9470239817192,100.0,56,5600,False,2520000,25200,450,73b03aedc11d4733ad70480dfb5e4900,2020-03-24_08-27-00,1585038420,10.65895700454712,4725.787801980972,2887,eclipse,137.195.211.213,4725.787801980972,2520000,450,28,28696714,0.0,0.0,0.0,11.597769195537158,0.9883369357249023,1.4649725223510723,2476800,2520000,3279.86,6.855,7250.34,19.599,1.0125000476837158,4.999999873689376e-05,63184.890625,-0.038306400179862976,63184.91796875,0.7378010749816895,0.01525910384953022,2.1389286518096924,0.0
2288.339424776268,-150.5506460816603,1069.7268768530869,100.0,56,5600,False,2525600,25256,451,73b03aedc11d4733ad70480dfb5e4900,2020-03-24_08-27-11,1585038431,10.673469066619873,4736.461271047592,2887,eclipse,137.195.211.213,4736.461271047592,2525600,451,28,28696714,0.0,0.0,0.0,11.599347252806583,0.9882982385485056,1.4648993319461767,2482304,2525600,3273.136,6.895,7248.944,19.383,1.0125000476837158,4.999999873689376e-05,47977.6015625,-0.0460149310529232,47977.62890625,0.7887235283851624,0.015540068969130516,2.1047780513763428,0.0
2192.2850177682267,-62.18544144441737,996.8295932817564,100.0,56,5600,False,2531200,25312,452,73b03aedc11d4733ad70480dfb5e4900,2020-03-24_08-27-22,1585038442,10.588611602783203,4747.049882650375,2887,eclipse,137.195.211.213,4747.049882650375,2531200,452,28,28696714,0.0,0.0,0.0,11.601092595337663,0.9882840691578022,1.464872408773025,2487808,2531200,3283.773,7.04,7252.605,20.094,1.0125000476837158,4.999999873689376e-05,71182.640625,-0.02934281714260578,71182.6484375,0.6128238439559937,0.018400968983769417,1.7022185325622559,0.0
2232.0519492057797,-385.100039653453,981.56112629285,100.0,56,5600,False,2536800,25368,453,73b03aedc11d4733ad70480dfb5e4900,2020-03-24_08-27-32,1585038452,10.599801778793335,4757.649684429169,2887,eclipse,137.195.211.213,4757.649684429169,2536800,453,28,28696714,0.0,0.0,0.0,11.602524080134783,0.9882877238216778,1.4648384180795762,2493312,2536800,3271.136,6.871,7268.328,19.48,1.0125000476837158,4.999999873689376e-05,67184.7890625,-0.045115116983652115,67184.828125,0.7139741778373718,0.01714429259300232,2.231316328048706,0.0
2252.9161885176436,-385.100039653453,906.7084824079661,100.0,56,5600,False,2542400,25424,454,73b03aedc11d4733ad70480dfb5e4900,2020-03-24_08-27-43,1585038463,10.566906929016113,4768.216591358185,2887,eclipse,137.195.211.213,4768.216591358185,2542400,454,28,28696714,0.0,0.0,0.0,11.603398531434836,0.9883011000192263,1.464811452250276,2498816,2542400,3258.129,6.969,7267.981,18.55,1.0125000476837158,4.999999873689376e-05,53883.9296875,-0.03917812928557396,53883.94921875,0.7639316320419312,0.016437798738479614,2.253309965133667,0.0
2252.9161885176436,-391.7326119732869,926.8735914066035,100.0,56,5600,False,2548000,25480,455,73b03aedc11d4733ad70480dfb5e4900,2020-03-24_08-27-54,1585038474,10.662870645523071,4778.879462003708,2887,eclipse,137.195.211.213,4778.879462003708,2548000,455,28,28696714,0.0,0.0,0.0,11.604341467431459,0.9883190916462661,1.4647564215951576,2504320,2548000,3266.577,6.729,7271.371,17.796,1.0125000476837158,4.999999873689376e-05,57214.80859375,-0.03924187645316124,57214.84765625,0.7444642782211304,0.014378692023456097,2.242872953414917,0.0
3627.9803412816686,-391.7326119732869,1052.473855137171,100.0,56,5600,False,2553600,25536,456,73b03aedc11d4733ad70480dfb5e4900,2020-03-24_08-28-04,1585038484,10.71091103553772,4789.590373039246,2887,eclipse,137.195.211.213,4789.590373039246,2553600,456,28,28696714,0.02,0.0,1.0,11.605788443747752,0.9883310450544515,1.4646885149875657,2509824,2553600,3266.734,6.572,7273.673,18.194,1.0125000476837158,4.999999873689376e-05,101796.734375,-0.04554399847984314,101796.765625,0.6434563994407654,0.014973200857639313,2.139054775238037,0.0
2196.7787154869334,-72.31560268165983,997.0439727208566,100.0,56,5600,False,2559200,25592,457,73b03aedc11d4733ad70480dfb5e4900,2020-03-24_08-28-15,1585038495,10.6131010055542,4800.2034740448,2887,eclipse,137.195.211.213,4800.2034740448,2559200,457,28,28696714,0.02,0.0,1.0,11.607032678002733,0.9883194000477892,1.464637565274602,2515328,2559200,3254.854,6.492,7273.698,18.272,1.0125000476837158,4.999999873689376e-05,60601.546875,-0.04124850034713745,60601.55859375,0.7245450615882874,0.013410534709692001,2.205145835876465,0.0
2365.453512076212,-564.7593661615992,1018.5575656669145,100.0,56,5600,False,2564800,25648,458,73b03aedc11d4733ad70480dfb5e4900,2020-03-24_08-28-26,1585038506,10.592570781707764,4810.796044826508,2887,eclipse,137.195.211.213,4810.796044826508,2564800,458,28,28696714,0.02,0.0,1.0,11.608388677752195,0.988298206675641,1.464572578478269,2520832,2564800,3261.887,6.491,7271.849,18.555,1.0125000476837158,4.999999873689376e-05,67765.8671875,-0.037071775645017624,67765.875,0.7318277359008789,0.019301122054457664,1.9911587238311768,0.0
2420.7950738764503,-564.7593661615992,994.8761848387552,100.0,56,5600,False,2570400,25704,459,73b03aedc11d4733ad70480dfb5e4900,2020-03-24_08-28-36,1585038516,10.596105098724365,4821.392149925232,2887,eclipse,137.195.211.213,4821.392149925232,2570400,459,28,28696714,0.02,0.0,1.0,11.60967903724597,0.9882709564938016,1.4644887783007394,2526336,2570400,3264.328,6.517,7267.466,18.79,1.0125000476837158,4.999999873689376e-05,65565.09375,-0.03826400637626648,65565.109375,0.6925565004348755,0.01699751801788807,2.1731350421905518,0.0
2420.7950738764503,-168.79203626465002,867.0454346400097,100.0,56,5600,False,2576000,25760,460,73b03aedc11d4733ad70480dfb5e4900,2020-03-24_08-28-47,1585038527,10.700005054473877,4832.092154979706,2887,eclipse,137.195.211.213,4832.092154979706,2576000,460,28,28696714,0.0,0.0,0.0,11.610486573985385,0.9882506225541238,1.4644215546599662,2531840,2576000,3264.218,6.516,7270.359,18.663,1.0125000476837158,4.999999873689376e-05,65528.28515625,-0.034052323549985886,65528.2890625,0.6985189914703369,0.015946241095662117,1.868247151374817,0.0
2233.8360039756967,-61.179699347501554,1066.8314824433562,100.0,56,5600,False,2581600,25816,461,73b03aedc11d4733ad70480dfb5e4900,2020-03-24_08-28-58,1585038538,10.556670188903809,4842.64882516861,2887,eclipse,137.195.211.213,4842.64882516861,2581600,461,28,28696714,0.0,0.0,0.0,11.61233867146716,0.988272276686796,1.4644027117520693,2537344,2581600,3271.841,6.723,7252.854,18.84,1.0125000476837158,4.999999873689376e-05,64773.1328125,-0.03890052065253258,64773.1640625,0.6346216201782227,0.01610489934682846,1.7743885517120361,0.0
2172.9284953503084,-283.87025923798944,1053.1075194279304,100.0,56,5600,False,2587200,25872,462,73b03aedc11d4733ad70480dfb5e4900,2020-03-24_08-29-09,1585038549,10.732558727264404,4853.381383895874,2887,eclipse,137.195.211.213,4853.381383895874,2587200,462,28,28696714,0.01,0.0,1.0,11.614859322674615,0.9883231214682507,1.4646113850276243,2542848,2587200,3287.748,6.266,7252.978,18.798,1.0125000476837158,4.999999873689376e-05,65021.140625,-0.03930128738284111,65021.1640625,0.7100088596343994,0.01718886010348797,2.1940715312957764,0.0
2292.975392529952,-283.87025923798944,1016.0447944626463,100.0,56,5600,False,2592800,25928,463,73b03aedc11d4733ad70480dfb5e4900,2020-03-24_08-29-20,1585038560,11.17704176902771,4864.558425664902,2887,eclipse,137.195.211.213,4864.558425664902,2592800,463,28,28696714,0.0,0.0,0.0,11.618626711684106,0.9884423744204934,1.4652581702358847,2548352,2592800,3352.624,6.452,7246.711,19.497,1.0125000476837158,4.999999873689376e-05,56572.67578125,-0.03844405710697174,56572.69140625,0.7128090262413025,0.015318972058594227,1.8559062480926514,0.0
2292.975392529952,-451.14734722903256,1053.3973725267635,100.0,56,5600,False,2598400,25984,464,73b03aedc11d4733ad70480dfb5e4900,2020-03-24_08-29-30,1585038570,10.692608118057251,4875.251033782959,2887,eclipse,137.195.211.213,4875.251033782959,2598400,464,28,28696714,0.0,0.0,0.0,11.621715980817571,0.9885079643537108,1.4656475726964802,2553856,2598400,3357.088,6.219,7253.098,19.757,1.0125000476837158,4.999999873689376e-05,63659.25,-0.03859804570674896,63659.2734375,0.6952372193336487,0.01661776751279831,1.965864896774292,0.0
2307.4756705748755,-451.14734722903256,1040.1038300309892,100.0,56,5600,False,2604000,26040,465,73b03aedc11d4733ad70480dfb5e4900,2020-03-24_08-29-41,1585038581,10.60651445388794,4885.857548236847,2887,eclipse,137.195.211.213,4885.857548236847,2604000,465,28,28696714,0.0,0.0,0.0,11.623212938140863,0.9884714753206936,1.4655986366736975,2559360,2604000,3347.675,6.342,7254.034,19.934,1.0125000476837158,4.999999873689376e-05,66558.078125,-0.036533504724502563,66558.109375,0.6906535029411316,0.014529440551996231,1.9181584119796753,0.0
2316.9320427696543,-491.55342037952244,1019.4004119441856,100.0,56,5600,False,2609600,26096,466,73b03aedc11d4733ad70480dfb5e4900,2020-03-24_08-29-52,1585038592,10.719732999801636,4896.577281236649,2887,eclipse,137.195.211.213,4896.577281236649,2609600,466,28,28696714,0.0,0.0,0.0,11.62465145988016,0.9884720877444273,1.465582458744935,2564864,2609600,3350.596,6.485,7251.953,19.988,1.0125000476837158,4.999999873689376e-05,64080.75,-0.0390956774353981,64080.76171875,0.7194346189498901,0.017058750614523888,2.064927816390991,0.0
2224.145631168357,-491.55342037952244,1036.1901983012713,100.0,56,5600,False,2615200,26152,467,73b03aedc11d4733ad70480dfb5e4900,2020-03-24_08-30-03,1585038603,10.655197620391846,4907.23247885704,2887,eclipse,137.195.211.213,4907.23247885704,2615200,467,28,28696714,0.0,0.0,0.0,11.626170591093059,0.9884564723360634,1.4655377953741677,2570368,2615200,3358.292,6.572,7247.85,20.472,1.0125000476837158,4.999999873689376e-05,69192.9453125,-0.040159936994314194,69192.96875,0.6798120141029358,0.014297996647655964,2.039346694946289,0.0
2302.243993180875,-423.03732066118636,1059.6712587789232,100.0,56,5600,False,2620800,26208,468,73b03aedc11d4733ad70480dfb5e4900,2020-03-24_08-30-13,1585038613,10.406424760818481,4917.638903617859,2887,eclipse,137.195.211.213,4917.638903617859,2620800,468,28,28696714,0.0,0.0,0.0,11.62779258422016,0.9884572075799244,1.4655067946878837,2575872,2620800,3358.327,6.814,7226.824,20.038,1.0125000476837158,4.999999873689376e-05,58102.5859375,-0.037014227360486984,58102.59375,0.7387771010398865,0.014765401370823383,2.0974631309509277,0.0
2453.7419851724417,-70.25230894438616,1037.1946050155302,100.0,56,5600,False,2626400,26264,469,73b03aedc11d4733ad70480dfb5e4900,2020-03-24_08-30-24,1585038624,10.770151376724243,4928.409054994583,2887,eclipse,137.195.211.213,4928.409054994583,2626400,469,28,28696714,0.0,0.0,0.0,11.630127608472863,0.988519523992964,1.4656958646981846,2581376,2626400,3379.799,6.871,7223.058,19.156,1.0125000476837158,4.999999873689376e-05,59151.89453125,-0.03796415776014328,59151.9140625,0.730880618095398,0.015823356807231903,2.103473424911499,0.0
2317.5342751848366,-256.8698481547099,959.3890631268254,100.0,56,5600,False,2632000,26320,470,73b03aedc11d4733ad70480dfb5e4900,2020-03-24_08-30-34,1585038634,10.499286890029907,4938.908341884613,2887,eclipse,137.195.211.213,4938.908341884613,2632000,470,28,28696714,0.0,0.0,0.0,11.631892040273996,0.9885367309620959,1.46583438642105,2586880,2632000,3368.603,6.927,7215.674,19.105,1.0125000476837158,4.999999873689376e-05,91921.6171875,-0.04027176648378372,91921.640625,0.5577194094657898,0.014172256924211979,1.9199740886688232,0.0
2241.9562882533914,-517.014845989794,1045.6400422842014,100.0,56,5600,False,2637600,26376,471,73b03aedc11d4733ad70480dfb5e4900,2020-03-24_08-30-45,1585038645,10.660740613937378,4949.56908249855,2887,eclipse,137.195.211.213,4949.56908249855,2637600,471,28,28696714,0.0,0.0,0.0,11.633173716574506,0.988505784600498,1.465795098183459,2592384,2637600,3357.878,6.759,7234.38,19.577,1.0125000476837158,4.999999873689376e-05,66316.1953125,-0.04028644785284996,66316.21875,0.7454557418823242,0.0136262783780694,2.1784050464630127,0.0
2261.207336825643,-517.014845989794,1082.6331637883977,100.0,56,5600,False,2643200,26432,472,73b03aedc11d4733ad70480dfb5e4900,2020-03-24_08-30-56,1585038656,10.695648193359375,4960.26473069191,2887,eclipse,137.195.211.213,4960.26473069191,2643200,472,28,28696714,0.01,0.0,1.0,11.634607037633113,0.988480965332989,1.4657261897647604,2597888,2643200,3340.696,7.506,7247.366,18.84,1.0125000476837158,4.999999873689376e-05,64110.390625,-0.04186626523733139,64110.4140625,0.7490110397338867,0.014511697925627232,1.9381740093231201,0.0
2261.207336825643,-93.67589369410524,1055.0410506551875,100.0,56,5600,False,2648800,26488,473,73b03aedc11d4733ad70480dfb5e4900,2020-03-24_08-31-07,1585038667,10.626240253448486,4970.890970945358,2887,eclipse,137.195.211.213,4970.890970945358,2648800,473,28,28696714,0.01,0.0,1.0,11.636226764076682,0.988474083634626,1.4656580528096113,2603392,2648800,3278.466,7.396,7252.192,18.938,1.0125000476837158,4.999999873689376e-05,66769.6953125,-0.04093015193939209,66769.7109375,0.6826965808868408,0.016340486705303192,1.7192121744155884,0.0
2209.369641868039,-61.475567179287005,1175.1150969645807,100.0,56,5600,False,2654400,26544,474,73b03aedc11d4733ad70480dfb5e4900,2020-03-24_08-31-17,1585038677,10.664490222930908,4981.555461168289,2887,eclipse,137.195.211.213,4981.555461168289,2654400,474,28,28696714,0.0,0.0,0.0,11.638452456402124,0.9884745257414643,1.4655638506004904,2608896,2654400,3281.282,7.621,7247.918,18.548,1.0125000476837158,4.999999873689376e-05,59767.82421875,-0.030490919947624207,59767.85546875,0.7113723158836365,0.01542093325406313,1.8563493490219116,0.0
2213.492084040002,-64.11363537129061,1089.695920834213,100.0,56,5600,False,2660000,26600,475,73b03aedc11d4733ad70480dfb5e4900,2020-03-24_08-31-28,1585038688,10.626712083816528,4992.182173252106,2887,eclipse,137.195.211.213,4992.182173252106,2660000,475,28,28696714,0.0,0.0,0.0,11.640539935555244,0.9884834470335927,1.4655008996363514,2614400,2660000,3286.462,7.465,7245.814,18.591,1.0125000476837158,4.999999873689376e-05,52694.52734375,-0.044361863285303116,52694.55859375,0.7446034550666809,0.016323765739798546,1.7176095247268677,0.0
2312.6223888902227,-60.552997010909294,1111.9473761915494,100.0,56,5600,False,2665600,26656,476,73b03aedc11d4733ad70480dfb5e4900,2020-03-24_08-31-39,1585038699,10.751624584197998,5002.933797836304,2887,eclipse,137.195.211.213,5002.933797836304,2665600,476,28,28696714,0.0,0.0,0.0,11.642564409877503,0.9884887758380176,1.4654693098722311,2619904,2665600,3296.739,7.671,7241.138,18.784,1.0125000476837158,4.999999873689376e-05,55531.8671875,-0.03669321537017822,55531.8828125,0.744192361831665,0.015871359035372734,1.7772479057312012,0.0
2312.6223888902227,-63.38660097938116,951.2473409163866,100.0,56,5600,False,2671200,26712,477,73b03aedc11d4733ad70480dfb5e4900,2020-03-24_08-31-49,1585038709,10.641136407852173,5013.574934244156,2887,eclipse,137.195.211.213,5013.574934244156,2671200,477,28,28696714,0.01,0.0,1.0,11.643833165759858,0.9884826744339753,1.4654002487581534,2625408,2671200,3290.166,7.49,7245.829,18.337,1.0125000476837158,4.999999873689376e-05,81104.875,-0.03835202753543854,81104.8984375,0.585367739200592,0.019826287403702736,1.9333869218826294,0.0
2268.884702000265,-488.2798936388392,1032.0698658866766,100.0,56,5600,False,2676800,26768,478,73b03aedc11d4733ad70480dfb5e4900,2020-03-24_08-32-00,1585038720,10.600799798965454,5024.175734043121,2887,eclipse,137.195.211.213,5024.175734043121,2676800,478,28,28696714,0.01,0.0,1.0,11.645356440088994,0.9884835489959534,1.4653168249504316,2630912,2676800,3288.601,7.287,7267.372,18.673,1.0125000476837158,4.999999873689376e-05,73026.3125,-0.03887797147035599,73026.3359375,0.680184006690979,0.013695490546524525,2.0428435802459717,0.0
2254.002524757095,-488.2798936388392,1068.7277569474215,100.0,56,5600,False,2682400,26824,479,73b03aedc11d4733ad70480dfb5e4900,2020-03-24_08-32-11,1585038731,10.60680866241455,5034.782542705536,2887,eclipse,137.195.211.213,5034.782542705536,2682400,479,28,28696714,0.01,0.0,1.0,11.646820290332935,0.9884808430195976,1.4652433667939482,2636416,2682400,3263.74,7.032,7274.602,19.438,1.0125000476837158,4.999999873689376e-05,48683.07421875,-0.04633104056119919,48683.11328125,0.7843355536460876,0.015477112494409084,1.9604347944259644,0.0
2254.002524757095,-321.7836587897667,1041.7518513335447,100.0,56,5600,False,2688000,26880,480,73b03aedc11d4733ad70480dfb5e4900,2020-03-24_08-32-21,1585038741,10.737216711044312,5045.51975941658,2887,eclipse,137.195.211.213,5045.51975941658,2688000,480,28,28696714,0.01,0.0,1.0,11.648155921767007,0.9884743124058685,1.465181863806178,2641920,2688000,3276.397,7.257,7284.288,19.944,1.0125000476837158,4.999999873689376e-05,57655.15234375,-0.04099893197417259,57655.1796875,0.7346125841140747,0.015804551541805267,1.9418960809707642,0.0
2196.288877731717,-321.7836587897667,962.2479462373627,100.0,56,5600,False,2693600,26936,481,73b03aedc11d4733ad70480dfb5e4900,2020-03-24_08-32-32,1585038752,10.635312795639038,5056.155072212219,2887,eclipse,137.195.211.213,5056.155072212219,2693600,481,28,28696714,0.0,0.0,0.0,11.649407873553123,0.9884796612683445,1.4651103950435038,2647424,2693600,3277.763,7.232,7281.801,20.119,1.0125000476837158,4.999999873689376e-05,52501.703125,-0.037357985973358154,52501.734375,0.7415332794189453,0.015523238107562065,2.082815408706665,0.0
2365.6038837339042,-574.8191357895043,1052.547718936847,100.0,56,5600,False,2699200,26992,482,73b03aedc11d4733ad70480dfb5e4900,2020-03-24_08-32-43,1585038763,10.774391174316406,5066.929463386536,2887,eclipse,137.195.211.213,5066.929463386536,2699200,482,28,28696714,0.01,0.0,1.0,11.651076831159294,0.9884709357357623,1.465071593629099,2652928,2699200,3285.153,6.751,7280.976,21.582,1.0125000476837158,4.999999873689376e-05,90142.6171875,-0.039479389786720276,90142.6328125,0.6117302179336548,0.015600786544382572,1.7323787212371826,0.0
2396.231872863126,-473.38482028220295,1040.3866968311686,100.0,56,5600,False,2704800,27048,483,73b03aedc11d4733ad70480dfb5e4900,2020-03-24_08-32-54,1585038774,10.609871625900269,5077.539335012436,2887,eclipse,137.195.211.213,5077.539335012436,2704800,483,28,28696714,0.01,0.0,1.0,11.652555536553972,0.9884245587259641,1.4650460209751555,2658432,2704800,3292.779,6.36,7273.863,21.209,1.0125000476837158,4.999999873689376e-05,57375.3671875,-0.04140780121088028,57375.3828125,0.7651877999305725,0.015484434552490711,1.9023027420043945,0.0
2396.231872863126,-362.4102346500261,1044.425816757163,100.0,56,5600,False,2710400,27104,484,73b03aedc11d4733ad70480dfb5e4900,2020-03-24_08-33-04,1585038784,10.666517972946167,5088.205852985382,2887,eclipse,137.195.211.213,5088.205852985382,2710400,484,28,28696714,0.0,0.0,0.0,11.653839198812669,0.9884128079497587,1.4649965485848389,2663936,2710400,3295.986,6.078,7271.801,21.764,1.0125000476837158,4.999999873689376e-05,68177.8984375,-0.03400137647986412,68177.921875,0.6882190704345703,0.01505504921078682,2.078658103942871,0.0
2217.519719227348,-191.9905980756373,1029.7931862606672,100.0,56,5600,False,2716000,27160,485,73b03aedc11d4733ad70480dfb5e4900,2020-03-24_08-33-15,1585038795,10.69845962524414,5098.904312610626,2887,eclipse,137.195.211.213,5098.904312610626,2716000,485,28,28696714,0.0,0.0,0.0,11.65524308701208,0.988420696586925,1.4649410278050743,2669440,2716000,3299.346,6.258,7275.394,21.385,1.0125000476837158,4.999999873689376e-05,56570.69140625,-0.034923963248729706,56570.7109375,0.717904806137085,0.01686973124742508,1.7314600944519043,0.0
4643.8701814393235,-191.9905980756373,1145.028744882921,100.0,56,5600,False,2721600,27216,486,73b03aedc11d4733ad70480dfb5e4900,2020-03-24_08-33-26,1585038806,10.696229934692383,5109.600542545319,2887,eclipse,137.195.211.213,5109.600542545319,2721600,486,28,28696714,0.01,0.0,1.0,11.656924102772328,0.9884071008841074,1.4649056052112526,2674944,2721600,3285.492,6.065,7282.394,21.303,1.0125000476837158,4.999999873689376e-05,142038.546875,-0.03459847345948219,142038.578125,0.5801248550415039,0.01938755065202713,1.8739333152770996,0.0
4643.8701814393235,-421.58943397220116,995.5404115709845,100.0,56,5600,False,2727200,27272,487,73b03aedc11d4733ad70480dfb5e4900,2020-03-24_08-33-36,1585038816,10.556779146194458,5120.157321691513,2887,eclipse,137.195.211.213,5120.157321691513,2727200,487,28,28696714,0.01,0.0,1.0,11.65815423318495,0.9883965459162236,1.4648752668799978,2680448,2727200,3288.097,6.138,7272.502,21.217,1.0125000476837158,4.999999873689376e-05,65864.1484375,-0.037509188055992126,65864.1640625,0.6363875269889832,0.014789127744734287,1.7936298847198486,0.0
2381.3717607933645,-66.37992032563594,1036.5192834830066,100.0,56,5600,False,2732800,27328,488,73b03aedc11d4733ad70480dfb5e4900,2020-03-24_08-33-47,1585038827,10.708884477615356,5130.866206169128,2887,eclipse,137.195.211.213,5130.866206169128,2732800,488,28,28696714,0.0,0.0,0.0,11.659792447860129,0.9883843252922317,1.4648098141368586,2685952,2732800,3295.199,6.011,7278.147,20.851,1.0125000476837158,4.999999873689376e-05,64895.703125,-0.03816596418619156,64895.7265625,0.7055153250694275,0.016954462975263596,1.8637274503707886,0.0
2381.3717607933645,-511.79264250923154,1176.6693165401507,100.0,56,5600,False,2738400,27384,489,73b03aedc11d4733ad70480dfb5e4900,2020-03-24_08-33-58,1585038838,10.560931205749512,5141.427137374878,2887,eclipse,137.195.211.213,5141.427137374878,2738400,489,28,28696714,0.0,0.0,0.0,11.66190504911846,0.9883571479975505,1.464742580600707,2691456,2738400,3298.759,6.158,7270.918,20.215,1.0125000476837158,4.999999873689376e-05,71033.8515625,-0.0341208353638649,71033.8828125,0.69392329454422,0.015006777830421925,1.671636700630188,0.0
2397.65313261137,-511.79264250923154,1058.485608702759,100.0,56,5600,False,2744000,27440,490,73b03aedc11d4733ad70480dfb5e4900,2020-03-24_08-34-08,1585038848,10.644774198532104,5152.07191157341,2887,eclipse,137.195.211.213,5152.07191157341,2744000,490,28,28696714,0.0,0.0,0.0,11.663411811525293,0.988357603309604,1.4646793373712037,2696960,2744000,3295.937,6.076,7264.628,19.699,1.0125000476837158,4.999999873689376e-05,58567.6328125,-0.03640172258019447,58567.65625,0.7364131808280945,0.0166022926568985,1.7668540477752686,0.0
2393.7032295804647,-195.08878136690487,1005.4304731168285,100.0,56,5600,False,2749600,27496,491,73b03aedc11d4733ad70480dfb5e4900,2020-03-24_08-34-19,1585038859,10.735177993774414,5162.807089567184,2887,eclipse,137.195.211.213,5162.807089567184,2749600,491,28,28696714,0.0,0.0,0.0,11.664558714377181,0.9883442035374023,1.4646152385643447,2702464,2749600,3304.349,6.057,7265.478,19.38,1.0125000476837158,4.999999873689376e-05,62876.890625,-0.04035205766558647,62876.91796875,0.7238258123397827,0.013516046106815338,1.801629662513733,0.0
2393.7032295804647,-351.17128228482466,1128.2249441505467,100.0,56,5600,False,2755200,27552,492,73b03aedc11d4733ad70480dfb5e4900,2020-03-24_08-34-30,1585038870,10.769762754440308,5173.576852321625,2887,eclipse,137.195.211.213,5173.576852321625,2755200,492,28,28696714,0.0,0.0,0.0,11.666620861677835,0.9883425946153531,1.464558024887227,2707968,2755200,3308.603,6.065,7260.09,18.4,1.0125000476837158,4.999999873689376e-05,58805.57421875,-0.039176683872938156,58805.59375,0.7015532851219177,0.016102084890007973,1.8002839088439941,0.0
2470.40646560689,-90.79770226765481,1065.8997119904056,100.0,56,5600,False,2760800,27608,493,73b03aedc11d4733ad70480dfb5e4900,2020-03-24_08-34-41,1585038881,10.723063707351685,5184.299916028976,2887,eclipse,137.195.211.213,5184.299916028976,2760800,493,28,28696714,0.0,0.0,0.0,11.66873960792306,0.9883516883549294,1.4645222132386744,2713472,2760800,3319.017,6.329,7260.521,17.809,1.0125000476837158,4.999999873689376e-05,57614.9765625,-0.03872787207365036,57615.00390625,0.7325494289398193,0.01419721357524395,2.0273194313049316,0.0
2470.40646560689,-529.0262187894917,1037.9189589577309,100.0,56,5600,False,2766400,27664,494,73b03aedc11d4733ad70480dfb5e4900,2020-03-24_08-34-51,1585038891,10.742728471755981,5195.042644500732,2887,eclipse,137.195.211.213,5195.042644500732,2766400,494,28,28696714,0.0,0.0,0.0,11.67034448708126,0.9883608785608715,1.464486681151065,2718976,2766400,3324.98,6.492,7259.152,18.425,1.0125000476837158,4.999999873689376e-05,56066.10546875,-0.03940851613879204,56066.12109375,0.7660893201828003,0.018689677119255066,1.9129185676574707,0.0
2199.8330246830105,-529.0262187894917,1108.0290077761456,100.0,56,5600,False,2772000,27720,495,73b03aedc11d4733ad70480dfb5e4900,2020-03-24_08-35-02,1585038902,10.835460186004639,5205.878104686737,2887,eclipse,137.195.211.213,5205.878104686737,2772000,495,28,28696714,0.0,0.0,0.0,11.672200995432986,0.9883599289000473,1.464485766239652,2724480,2772000,3333.869,6.33,7263.492,18.306,1.0125000476837158,4.999999873689376e-05,71792.640625,-0.04504229128360748,71792.671875,0.6850479245185852,0.013561848551034927,1.6472481489181519,0.0
2968.1447051892187,-511.5102896724432,1131.7872784464791,100.0,56,5600,False,2777600,27776,496,73b03aedc11d4733ad70480dfb5e4900,2020-03-24_08-35-13,1585038913,10.377699375152588,5216.25580406189,2887,eclipse,137.195.211.213,5216.25580406189,2777600,496,28,28696714,0.02,0.0,1.0,11.674275520733174,0.9883635859330682,1.464527933568321,2729984,2777600,3345.591,6.565,7219.595,18.506,1.0125000476837158,4.999999873689376e-05,86503.8828125,-0.037753067910671234,86503.90625,0.6249077320098877,0.015432476997375488,1.7627006769180298,0.0
2968.1447051892187,-318.0947338217745,1128.5388968085763,100.0,56,5600,False,2783200,27832,497,73b03aedc11d4733ad70480dfb5e4900,2020-03-24_08-35-24,1585038924,11.038398742675781,5227.294202804565,2887,eclipse,137.195.211.213,5227.294202804565,2783200,497,28,28696714,0.02,0.0,1.0,11.677138362238898,0.9884514918774963,1.4647415664490417,2735488,2783200,3408.052,6.42,7204.436,18.262,1.0125000476837158,4.999999873689376e-05,63410.14453125,-0.039305638521909714,63410.17578125,0.7408255934715271,0.013287518173456192,1.806850552558899,0.0
2278.326408903031,-308.71791967924935,978.2004656120068,100.0,56,5600,False,2788800,27888,498,73b03aedc11d4733ad70480dfb5e4900,2020-03-24_08-35-35,1585038935,10.60119342803955,5237.895396232605,2887,eclipse,137.195.211.213,5237.895396232605,2788800,498,28,28696714,0.0,0.0,0.0,11.679066077054632,0.9885163521266986,1.4648908002616212,2740992,2788800,3402.868,6.751,7198.489,18.341,1.0125000476837158,4.999999873689376e-05,44264.62890625,-0.03846726194024086,44264.65625,0.774587869644165,0.013925611041486263,2.0310099124908447,0.0
2263.5441142407603,-374.70818660165276,967.3453535471258,100.0,56,5600,False,2794400,27944,499,73b03aedc11d4733ad70480dfb5e4900,2020-03-24_08-35-45,1585038945,10.602313995361328,5248.497710227966,2887,eclipse,137.195.211.213,5248.497710227966,2794400,499,28,28696714,0.01,0.0,1.0,11.679911550074191,0.988526744440792,1.4648560870010947,2746496,2794400,3402.585,6.671,7202.611,18.987,1.0125000476837158,4.999999873689376e-05,67015.46875,-0.0435815267264843,67015.5,0.6978075504302979,0.015444653108716011,1.737107515335083,0.0
2247.1222973762356,-374.70818660165276,923.361536202105,100.0,56,5600,False,2800000,28000,500,73b03aedc11d4733ad70480dfb5e4900,2020-03-24_08-35-56,1585038956,10.69122576713562,5259.188935995102,2887,eclipse,137.195.211.213,5259.188935995102,2800000,500,28,28696714,0.01,0.0,1.0,11.680788349513096,0.9885415773198474,1.4648201296868357,2752000,2800000,3402.306,6.514,7207.167,18.915,1.0125000476837158,4.999999873689376e-05,54671.390625,-0.04038075730204582,54671.4140625,0.7328859567642212,0.01552407443523407,2.0023820400238037,0.0
2329.423707816039,-62.4498887207708,1066.96974202132,100.0,56,5600,False,2805600,28056,501,73b03aedc11d4733ad70480dfb5e4900,2020-03-24_08-36-07,1585038967,10.668983221054077,5269.857919216156,2887,eclipse,137.195.211.213,5269.857919216156,2805600,501,28,28696714,0.0,0.0,0.0,11.682054992780374,0.9885273971768201,1.4647506982232583,2757504,2805600,3395.848,6.682,7206.106,19.413,1.0125000476837158,4.999999873689376e-05,55916.296875,-0.0377323143184185,55916.3203125,0.7892510294914246,0.01290834043174982,2.133317232131958,0.0
2329.423707816039,-60.98750617857171,1110.6741401823235,100.0,56,5600,False,2811200,28112,502,73b03aedc11d4733ad70480dfb5e4900,2020-03-24_08-36-17,1585038977,10.587438583374023,5280.44535779953,2887,eclipse,137.195.211.213,5280.44535779953,2811200,502,28,28696714,0.0,0.0,0.0,11.683360242201468,0.9885143355709279,1.4647244104056183,2763008,2811200,3381.294,6.555,7203.57,19.526,1.0125000476837158,4.999999873689376e-05,61613.453125,-0.044773779809474945,61613.4765625,0.7121596932411194,0.018806543201208115,1.7316972017288208,0.0
2276.8750233941623,-71.00899885212058,1098.8914691093587,100.0,56,5600,False,2816800,28168,503,73b03aedc11d4733ad70480dfb5e4900,2020-03-24_08-36-28,1585038988,10.73477292060852,5291.180130720139,2887,eclipse,137.195.211.213,5291.180130720139,2816800,503,28,28696714,0.01,0.0,1.0,11.684849611470124,0.9885195934948624,1.464675564190959,2768512,2816800,3372.24,6.623,7212.495,19.809,1.0125000476837158,4.999999873689376e-05,48550.03515625,-0.036581285297870636,48550.0625,0.7850803732872009,0.013255175203084946,2.0981945991516113,0.0
2213.255514075815,-312.9205540057836,1109.7267103379004,100.0,56,5600,False,2822400,28224,504,73b03aedc11d4733ad70480dfb5e4900,2020-03-24_08-36-39,1585038999,10.504953622817993,5301.6850843429565,2887,eclipse,137.195.211.213,5301.6850843429565,2822400,504,28,28696714,0.01,0.0,1.0,11.686430233160618,0.9884858758659679,1.4646122143475848,2774016,2822400,3361.103,6.484,7202.37,18.786,1.0125000476837158,4.999999873689376e-05,54261.39453125,-0.04257859289646149,54261.41796875,0.7813762426376343,0.018673719838261604,1.9611420631408691,0.0
2358.8653334564406,-312.9205540057836,1067.847157712088,100.0,56,5600,False,2828000,28280,505,73b03aedc11d4733ad70480dfb5e4900,2020-03-24_08-36-49,1585039009,10.495993614196777,5312.181077957153,2887,eclipse,137.195.211.213,5312.181077957153,2828000,505,28,28696714,0.0,0.0,0.0,11.687816209343401,0.9884662484134326,1.4645571110776587,2779520,2828000,3351.452,6.216,7180.321,18.418,1.0125000476837158,4.999999873689376e-05,36337.06640625,-0.038306403905153275,36337.0859375,0.8295638561248779,0.01603432558476925,1.603164792060852,0.0
2412.8683529302652,-524.0675689962609,1074.4885339389264,100.0,56,5600,False,2833600,28336,506,73b03aedc11d4733ad70480dfb5e4900,2020-03-24_08-37-00,1585039020,10.635351419448853,5322.816429376602,2887,eclipse,137.195.211.213,5322.816429376602,2833600,506,28,28696714,0.02,0.0,1.0,11.689271339812274,0.9884534719653335,1.464504520547794,2785024,2833600,3335.807,5.996,7222.642,17.581,1.0125000476837158,4.999999873689376e-05,69678.6953125,-0.03779581934213638,69678.7109375,0.7063230872154236,0.019880574196577072,1.88383948802948,0.0
2412.8683529302652,-524.0675689962609,1012.7953168227704,100.0,56,5600,False,2839200,28392,507,73b03aedc11d4733ad70480dfb5e4900,2020-03-24_08-37-10,1585039030,10.544718742370605,5333.361148118973,2887,eclipse,137.195.211.213,5333.361148118973,2839200,507,28,28696714,0.03,0.0,1.0,11.690212382882633,0.9884243578423636,1.4644488036942165,2790528,2839200,3271.577,5.783,7239.254,16.955,1.0125000476837158,4.999999873689376e-05,72917.6796875,-0.0403003990650177,72917.703125,0.717644453048706,0.01671002060174942,2.0334830284118652,0.0
2190.586677727264,-354.1669940999089,916.6131524048171,100.0,56,5600,False,2844800,28448,508,73b03aedc11d4733ad70480dfb5e4900,2020-03-24_08-37-21,1585039041,10.66877007484436,5344.029918193817,2887,eclipse,137.195.211.213,5344.029918193817,2844800,508,28,28696714,0.02,0.0,1.0,11.691009896384974,0.9884308236285562,1.4644046843355891,2796032,2844800,3273.15,5.621,7243.427,17.001,1.0125000476837158,4.999999873689376e-05,46727.76953125,-0.0390896238386631,46727.79296875,0.7743375897407532,0.01584903709590435,2.0528879165649414,0.0
2209.292081569675,-62.78436429991955,1050.5206470840828,100.0,56,5600,False,2850400,28504,509,73b03aedc11d4733ad70480dfb5e4900,2020-03-24_08-37-32,1585039052,10.723901748657227,5354.753819942474,2887,eclipse,137.195.211.213,5354.753819942474,2850400,509,28,28696714,0.02,0.0,1.0,11.692430797225725,0.9884311608331439,1.4643584207444615,2801536,2850400,3282.666,5.551,7245.985,16.703,1.0125000476837158,4.999999873689376e-05,44332.484375,-0.04141320288181305,44332.5078125,0.8036049008369446,0.015604020096361637,1.84874427318573,0.0
2218.9394810542913,-469.39086488927023,960.0333589614801,100.0,56,5600,False,2856000,28560,510,73b03aedc11d4733ad70480dfb5e4900,2020-03-24_08-37-43,1585039063,10.662179946899414,5365.415999889374,2887,eclipse,137.195.211.213,5365.415999889374,2856000,510,28,28696714,0.01,0.0,1.0,11.69351037857888,0.9884154511763202,1.464307213932457,2807040,2856000,3284.488,5.518,7241.841,16.899,1.0125000476837158,4.999999873689376e-05,67464.7421875,-0.03521738946437836,67464.765625,0.6880471706390381,0.01492871530354023,2.1285619735717773,0.0
2363.6425490219435,-469.39086488927023,922.888656270126,100.0,56,5600,False,2861600,28616,511,73b03aedc11d4733ad70480dfb5e4900,2020-03-24_08-37-53,1585039073,10.625728368759155,5376.041728258133,2887,eclipse,137.195.211.213,5376.041728258133,2861600,511,28,28696714,0.0,0.0,0.0,11.694326797710112,0.9884059109631455,1.4642477843950494,2812544,2861600,3279.923,5.381,7241.858,16.904,1.0125000476837158,4.999999873689376e-05,49419.1328125,-0.04228634014725685,49419.15625,0.7779135704040527,0.015681372955441475,1.867480993270874,0.0
2363.6425490219435,-237.88117134055466,1031.3587036541687,100.0,56,5600,False,2867200,28672,512,73b03aedc11d4733ad70480dfb5e4900,2020-03-24_08-38-04,1585039084,10.73616886138916,5386.777897119522,2887,eclipse,137.195.211.213,5386.777897119522,2867200,512,28,28696714,0.0,0.0,0.0,11.69556372810772,0.9884145382931103,1.464199598497083,2818048,2867200,3283.514,5.355,7254.229,17.099,1.0125000476837158,4.999999873689376e-05,63250.515625,-0.04385219141840935,63250.5390625,0.7296810746192932,0.016789216548204422,1.8711998462677002,0.0
2340.956039069701,-567.9081048984815,978.8959808708371,100.0,56,5600,False,2872800,28728,513,73b03aedc11d4733ad70480dfb5e4900,2020-03-24_08-38-15,1585039095,10.602214574813843,5397.380111694336,2887,eclipse,137.195.211.213,5397.380111694336,2872800,513,28,28696714,0.0,0.0,0.0,11.696527859817918,0.9884146875556371,1.4641595447215787,2823552,2872800,3277.664,5.482,7250.41,17.07,1.0125000476837158,4.999999873689376e-05,54652.84765625,-0.03337571397423744,54652.859375,0.7833695411682129,0.016433537006378174,1.7411175966262817,0.0
2340.956039069701,-567.9081048984815,1008.4844925286843,100.0,56,5600,False,2878400,28784,514,73b03aedc11d4733ad70480dfb5e4900,2020-03-24_08-38-25,1585039105,10.703539609909058,5408.083651304245,2887,eclipse,137.195.211.213,5408.083651304245,2878400,514,28,28696714,0.0,0.0,0.0,11.697523316359693,0.9884091677417202,1.4641338256408865,2829056,2878400,3277.488,5.975,7267.441,17.888,1.0125000476837158,4.999999873689376e-05,81860.4921875,-0.03694071248173714,81860.5078125,0.6260330677032471,0.014740373939275742,1.6678677797317505,0.0
2302.598625724778,-62.44616566903549,981.34327033761,100.0,56,5600,False,2884000,28840,515,73b03aedc11d4733ad70480dfb5e4900,2020-03-24_08-38-36,1585039116,10.641570568084717,5418.72522187233,2887,eclipse,137.195.211.213,5418.72522187233,2884000,515,28,28696714,0.02,0.0,1.0,11.698563214105661,0.988403633404412,1.4640915644437131,2834560,2884000,3273.64,6.467,7281.325,19.121,1.0125000476837158,4.999999873689376e-05,64504.890625,-0.0351640060544014,64504.9140625,0.6889268159866333,0.016269626095891,1.8792046308517456,0.0
2302.598625724778,-448.81104712803887,1039.436738513125,100.0,56,5600,False,2889600,28896,516,73b03aedc11d4733ad70480dfb5e4900,2020-03-24_08-38-47,1585039127,10.59705924987793,5429.322281122208,2887,eclipse,137.195.211.213,5429.322281122208,2889600,516,28,28696714,0.02,0.0,1.0,11.699701479088708,0.988407857674238,1.4640511450349256,2840064,2889600,3276.092,6.633,7273.209,19.744,1.0125000476837158,4.999999873689376e-05,71204.453125,-0.03653334826231003,71204.46875,0.6737305521965027,0.015230147168040276,1.63588285446167,0.0
2352.12505811304,-448.81104712803887,958.2578890084816,100.0,56,5600,False,2895200,28952,517,73b03aedc11d4733ad70480dfb5e4900,2020-03-24_08-38-57,1585039137,10.645353078842163,5439.96763420105,2887,eclipse,137.195.211.213,5439.96763420105,2895200,517,28,28696714,0.01,0.0,1.0,11.700775865909163,0.9883885885160834,1.4640194409158114,2845568,2895200,3281.165,7.011,7275.992,20.679,1.0125000476837158,4.999999873689376e-05,71693.96875,-0.04336404800415039,71693.9921875,0.7008212804794312,0.014284249395132065,1.7955740690231323,0.0
2282.992247137237,-140.84267690627175,994.9614999702056,100.0,56,5600,False,2900800,29008,518,73b03aedc11d4733ad70480dfb5e4900,2020-03-24_08-39-08,1585039148,10.667248964309692,5450.6348831653595,2887,eclipse,137.195.211.213,5450.6348831653595,2900800,518,28,28696714,0.01,0.0,1.0,11.701770135858201,0.9883750989619228,1.463973387532647,2851072,2900800,3279.331,7.111,7277.649,21.193,1.0125000476837158,4.999999873689376e-05,59452.96484375,-0.037749625742435455,59452.98828125,0.7434350848197937,0.015076018869876862,1.9461883306503296,0.0
2282.992247137237,-199.52520084385552,1060.0488243927944,100.0,56,5600,False,2906400,29064,519,73b03aedc11d4733ad70480dfb5e4900,2020-03-24_08-39-19,1585039159,10.673159837722778,5461.308043003082,2887,eclipse,137.195.211.213,5461.308043003082,2906400,519,28,28696714,0.0,0.0,0.0,11.703113802834231,0.9883763515156581,1.463901724580699,2856576,2906400,3278.199,7.214,7274.027,21.453,1.0125000476837158,4.999999873689376e-05,64605.21484375,-0.041521940380334854,64605.23828125,0.6987518668174744,0.01600595749914646,1.9990859031677246,0.0
2405.437191893036,-199.52520084385552,975.6206422059809,100.0,56,5600,False,2912000,29120,520,73b03aedc11d4733ad70480dfb5e4900,2020-03-24_08-39-29,1585039169,10.636220932006836,5471.944263935089,2887,eclipse,137.195.211.213,5471.944263935089,2912000,520,28,28696714,0.0,0.0,0.0,11.704045733087835,0.9883584232707449,1.4638481653898885,2862080,2912000,3272.396,7.243,7276.495,21.301,1.0125000476837158,4.999999873689376e-05,54748.5703125,-0.039541974663734436,54748.5859375,0.7632553577423096,0.018634654581546783,2.1969289779663086,0.0
2405.437191893036,-68.24444068197784,1048.4302385288377,100.0,56,5600,False,2917600,29176,521,73b03aedc11d4733ad70480dfb5e4900,2020-03-24_08-39-40,1585039180,10.730184316635132,5482.674448251724,2887,eclipse,137.195.211.213,5482.674448251724,2917600,521,28,28696714,0.0,0.0,0.0,11.705216580563228,0.9883363642723643,1.4637865057708859,2867584,2917600,3278.812,7.391,7281.064,20.331,1.0125000476837158,4.999999873689376e-05,50884.9609375,-0.04216477647423744,50884.98828125,0.7543522119522095,0.014746553264558315,2.0904362201690674,0.0
2259.641094962117,-374.9029436471428,1195.3324695869433,100.0,56,5600,False,2923200,29232,522,73b03aedc11d4733ad70480dfb5e4900,2020-03-24_08-39-51,1585039191,10.681635618209839,5493.356083869934,2887,eclipse,137.195.211.213,5493.356083869934,2923200,522,28,28696714,0.02,0.0,1.0,11.706999606918039,0.9883489627427204,1.4637451542789102,2873088,2923200,3279.062,7.401,7273.962,20.111,1.0125000476837158,4.999999873689376e-05,65540.125,-0.04853096604347229,65540.1640625,0.7341724634170532,0.018374871462583542,1.8651138544082642,0.0
2259.641094962117,-165.69267165528436,1125.8464374391904,100.0,56,5600,False,2928800,29288,523,73b03aedc11d4733ad70480dfb5e4900,2020-03-24_08-40-02,1585039202,10.665162563323975,5504.021246433258,2887,eclipse,137.195.211.213,5504.021246433258,2928800,523,28,28696714,0.02,0.0,1.0,11.708776714846472,0.9883580787504304,1.463781817965286,2878592,2928800,3282.916,7.392,7274.935,19.799,1.0125000476837158,4.999999873689376e-05,63281.07421875,-0.03957391530275345,63281.09375,0.6981513500213623,0.016741402447223663,1.7275627851486206,0.0
2216.1896148687365,-61.38610144654445,1134.4192218154851,100.0,56,5600,False,2934400,29344,524,73b03aedc11d4733ad70480dfb5e4900,2020-03-24_08-40-12,1585039212,10.404113292694092,5514.425359725952,2887,eclipse,137.195.211.213,5514.425359725952,2934400,524,28,28696714,0.0,0.0,0.0,11.710501046743284,0.9883518496196108,1.4638144226873047,2884096,2934400,3299.025,7.048,7230.163,18.879,1.0125000476837158,4.999999873689376e-05,62624.39453125,-0.037599001079797745,62624.41796875,0.6928310990333557,0.015140498988330364,1.8621597290039062,0.0
2487.2995740726583,-70.28218450905737,1103.2744399038256,100.0,56,5600,False,2940000,29400,525,73b03aedc11d4733ad70480dfb5e4900,2020-03-24_08-40-23,1585039223,10.939057111740112,5525.364416837692,2887,eclipse,137.195.211.213,5525.364416837692,2940000,525,28,28696714,0.02,0.0,1.0,11.71286910326364,0.9884302423104541,1.4640612523548868,2889600,2940000,3341.476,6.94,7219.39,18.425,1.0125000476837158,4.999999873689376e-05,92966.125,-0.03453653305768967,92966.140625,0.5679525136947632,0.015733234584331512,1.7516319751739502,0.0
2487.2995740726583,-59.019994101850216,972.6241502246187,100.0,56,5600,False,2945600,29456,526,73b03aedc11d4733ad70480dfb5e4900,2020-03-24_08-40-34,1585039234,10.5653395652771,5535.929756402969,2887,eclipse,137.195.211.213,5535.929756402969,2945600,526,28,28696714,0.02,0.0,1.0,11.714718127928915,0.9884989586701555,1.4642741246928301,2895104,2945600,3339.922,6.613,7220.663,18.623,1.0125000476837158,4.999999873689376e-05,57013.1640625,-0.044081009924411774,57013.1796875,0.7258538007736206,0.01794246956706047,2.1093204021453857,0.0
2333.1979950453137,-73.73286549965478,943.3933764498469,100.0,56,5600,False,2951200,29512,527,73b03aedc11d4733ad70480dfb5e4900,2020-03-24_08-40-44,1585039244,10.6040358543396,5546.533792257309,2887,eclipse,137.195.211.213,5546.533792257309,2951200,527,28,28696714,0.0,0.0,0.0,11.715429135632561,0.9885202690212708,1.4642468829784503,2900608,2951200,3332.464,6.558,7225.246,18.707,1.0125000476837158,4.999999873689376e-05,77952.390625,-0.03482356294989586,77952.40625,0.6538429260253906,0.015047990716993809,2.165117025375366,0.0
2333.1979950453137,-73.73286549965478,994.598868395419,100.0,56,5600,False,2956800,29568,528,73b03aedc11d4733ad70480dfb5e4900,2020-03-24_08-40-55,1585039255,10.630038738250732,5557.16383099556,2887,eclipse,137.195.211.213,5557.16383099556,2956800,528,28,28696714,0.0,0.0,0.0,11.716304007368715,0.9885239034396005,1.464208459633786,2906112,2956800,3335.828,6.661,7218.575,18.509,1.0125000476837158,4.999999873689376e-05,51745.66796875,-0.03385892137885094,51745.6875,0.7585980892181396,0.014930065721273422,2.063886880874634,0.0
2203.625175666013,-343.09197440266536,992.5555524769952,100.0,56,5600,False,2962400,29624,529,73b03aedc11d4733ad70480dfb5e4900,2020-03-24_08-41-06,1585039266,10.5670747756958,5567.7309057712555,2887,eclipse,137.195.211.213,5567.7309057712555,2962400,529,28,28696714,0.0,0.0,0.0,11.71745081311863,0.9885111086159304,1.4641501277307043,2911616,2962400,3319.867,6.498,7225.508,18.487,1.0125000476837158,4.999999873689376e-05,74587.28125,-0.04172547534108162,74587.3203125,0.6402468681335449,0.01672445237636566,1.973706841468811,0.0
2227.7571083847733,-187.346028371761,1124.8137673678486,100.0,56,5600,False,2968000,29680,530,73b03aedc11d4733ad70480dfb5e4900,2020-03-24_08-41-16,1585039276,10.666834115982056,5578.397739887238,2887,eclipse,137.195.211.213,5578.397739887238,2968000,530,28,28696714,0.0,0.0,0.0,11.71882334239394,0.9885102625446831,1.464101946270099,2917120,2968000,3327.526,6.528,7220.88,17.923,1.0125000476837158,4.999999873689376e-05,69029.1328125,-0.03865605220198631,69029.15625,0.6944408416748047,0.013220477849245071,1.9382950067520142,0.0
2438.814907921801,-427.02024401257,1215.2539785542315,100.0,56,5600,False,2973600,29736,531,73b03aedc11d4733ad70480dfb5e4900,2020-03-24_08-41-27,1585039287,10.725711822509766,5589.123451709747,2887,eclipse,137.195.211.213,5589.123451709747,2973600,531,28,28696714,0.0,0.0,0.0,11.720364914466098,0.9885240293970124,1.4640661380325588,2922624,2973600,3329.218,6.336,7218.948,18.694,1.0125000476837158,4.999999873689376e-05,62591.1328125,-0.03882373869419098,62591.1640625,0.7219637632369995,0.01538758259266615,1.8440685272216797,0.0
2438.814907921801,-427.02024401257,1058.9300124459346,100.0,56,5600,False,2979200,29792,532,73b03aedc11d4733ad70480dfb5e4900,2020-03-24_08-41-38,1585039298,10.683801651000977,5599.807253360748,2887,eclipse,137.195.211.213,5599.807253360748,2979200,532,28,28696714,0.0,0.0,0.0,11.721434637576744,0.9885200373676806,1.464051889590362,2928128,2979200,3328.79,6.681,7219.904,19.207,1.0125000476837158,4.999999873689376e-05,72323.2578125,-0.0385928750038147,72323.2890625,0.6775487661361694,0.01464028935879469,1.7293626070022583,0.0
2328.384057424469,-78.35506302224577,960.48347844921,100.0,56,5600,False,2984800,29848,533,73b03aedc11d4733ad70480dfb5e4900,2020-03-24_08-41-48,1585039308,10.592931985855103,5610.400185346603,2887,eclipse,137.195.211.213,5610.400185346603,2984800,533,28,28696714,0.0,0.0,0.0,11.722241085824871,0.9884936574789939,1.4640080190731535,2933632,2984800,3317.944,6.552,7221.841,19.713,1.0125000476837158,4.999999873689376e-05,49494.92578125,-0.037988897413015366,49494.953125,0.7797681093215942,0.013715437613427639,2.294346570968628,0.0
2240.7452483772963,-401.283962236025,1051.8210723421305,100.0,56,5600,False,2990400,29904,534,73b03aedc11d4733ad70480dfb5e4900,2020-03-24_08-41-59,1585039319,10.705379247665405,5621.105564594269,2887,eclipse,137.195.211.213,5621.105564594269,2990400,534,28,28696714,0.0,0.0,0.0,11.723348519525906,0.9884495633897137,1.4639402475473025,2939136,2990400,3307.752,6.632,7260.433,20.418,1.0125000476837158,4.999999873689376e-05,67614.1953125,-0.03867342323064804,67614.21875,0.7102082967758179,0.01676061749458313,2.098898410797119,0.0
2279.502060302561,-420.2089128910289,1107.652072214118,100.0,56,5600,False,2996000,29960,535,73b03aedc11d4733ad70480dfb5e4900,2020-03-24_08-42-10,1585039330,10.804543018341064,5631.91010761261,2887,eclipse,137.195.211.213,5631.91010761261,2996000,535,28,28696714,0.0,0.0,0.0,11.724936484366264,0.9884130631732078,1.46389771229169,2944640,2996000,3279.75,6.544,7274.388,20.397,1.0125000476837158,4.999999873689376e-05,54692.2734375,-0.04595426470041275,54692.30078125,0.7655343413352966,0.01502461452037096,2.0612261295318604,0.0
2279.502060302561,-223.73324643817406,1039.8437297854298,100.0,56,5600,False,3001600,30016,536,73b03aedc11d4733ad70480dfb5e4900,2020-03-24_08-42-21,1585039341,10.708064794540405,5642.61817240715,2887,eclipse,137.195.211.213,5642.61817240715,3001600,536,28,28696714,0.0,0.0,0.0,11.726247204329956,0.9883958199132808,1.4638533180070206,2950144,3001600,3293.639,6.857,7273.818,20.348,1.0125000476837158,4.999999873689376e-05,60627.34765625,-0.03684093803167343,60627.37109375,0.7350409030914307,0.013431708328425884,2.098677158355713,0.0
2261.405476603911,-330.8996371959786,972.8829310102533,100.0,56,5600,False,3007200,30072,537,73b03aedc11d4733ad70480dfb5e4900,2020-03-24_08-42-31,1585039351,10.587969779968262,5653.2061421871185,2887,eclipse,137.195.211.213,5653.2061421871185,3007200,537,28,28696714,0.01,0.0,1.0,11.727313664560304,0.9883753217337821,1.463792120560265,2955648,3007200,3296.06,6.574,7271.291,19.203,1.0125000476837158,4.999999873689376e-05,58011.67578125,-0.04381466284394264,58011.69921875,0.694159209728241,0.015817789360880852,1.9590603113174438,0.0
4211.008321358543,-330.8996371959786,990.6077828332449,100.0,56,5600,False,3012800,30128,538,73b03aedc11d4733ad70480dfb5e4900,2020-03-24_08-42-42,1585039362,10.641462087631226,5663.84760427475,2887,eclipse,137.195.211.213,5663.84760427475,3012800,538,28,28696714,0.02,0.0,1.0,11.72842950687687,0.9883734461985934,1.4637559171132926,2961152,3012800,3298.277,6.511,7270.286,19.537,1.0125000476837158,4.999999873689376e-05,139474.703125,-0.035991642624139786,139474.734375,0.5158659815788269,0.017381027340888977,1.8927481174468994,0.0
4371.466196976296,-347.8581192934403,999.500462990279,100.0,56,5600,False,3018400,30184,539,73b03aedc11d4733ad70480dfb5e4900,2020-03-24_08-42-53,1585039373,10.555166721343994,5674.402770996094,2887,eclipse,137.195.211.213,5674.402770996094,3018400,539,28,28696714,0.03,0.0,1.0,11.729124135783675,0.9883686623204446,1.463702315645459,2966656,3018400,3301.947,6.574,7265.246,18.634,1.0125000476837158,4.999999873689376e-05,158379.875,-0.020807670429348946,158379.859375,0.4660843312740326,0.030713576823472977,2.0803892612457275,0.0
4371.466196976296,-347.8581192934403,931.5355966047028,100.0,56,5600,False,3024000,30240,540,73b03aedc11d4733ad70480dfb5e4900,2020-03-24_08-43-03,1585039383,10.655624151229858,5685.058395147324,2887,eclipse,137.195.211.213,5685.058395147324,3024000,540,28,28696714,0.01,0.0,1.0,11.72985697152561,0.9883518253753177,1.4636629473237184,2972160,3024000,3299.029,6.608,7267.714,19.312,1.5187499523162842,4.999999873689376e-05,78893.8984375,-0.03781023249030113,78893.921875,0.6143218874931335,0.010048826225101948,2.091334581375122,0.0
2344.7534631379585,-267.14764575915564,1006.888896533823,100.0,56,5600,False,3029600,30296,541,73b03aedc11d4733ad70480dfb5e4900,2020-03-24_08-43-14,1585039394,10.678219556808472,5695.736614704132,2887,eclipse,137.195.211.213,5695.736614704132,3029600,541,28,28696714,0.0,0.0,0.0,11.731136652142116,0.9883665381476843,1.4636421334356182,2977664,3029600,3295.976,6.42,7265.297,19.329,1.5187499523162842,4.999999873689376e-05,61761.44140625,-0.039694737643003464,61761.453125,0.6897634863853455,0.010617654770612717,1.9024261236190796,0.0
2247.8056335702604,-267.43252304347806,969.8744798564362,100.0,56,5600,False,3035200,30352,542,73b03aedc11d4733ad70480dfb5e4900,2020-03-24_08-43-25,1585039405,10.80159878730774,5706.53821349144,2887,eclipse,137.195.211.213,5706.53821349144,3035200,542,28,28696714,0.01,0.0,1.0,11.733128083487156,0.9885126174378575,1.4639181623481576,2983168,3035200,3319.744,5.975,7255.427,18.929,1.5187499523162842,4.999999873689376e-05,74613.96875,-0.035887476056814194,74613.9921875,0.6764299273490906,0.009872390888631344,1.988391637802124,0.0
2415.0641927473853,-228.10805286221367,987.6902048431822,100.0,56,5600,False,3040800,30408,543,73b03aedc11d4733ad70480dfb5e4900,2020-03-24_08-43-36,1585039416,10.723905563354492,5717.262119054794,2887,eclipse,137.195.211.213,5717.262119054794,3040800,543,28,28696714,0.0,0.0,0.0,11.73506888676027,0.988575966841626,1.4641164227933194,2988672,3040800,3330.554,5.95,7258.169,18.286,1.5187499523162842,4.999999873689376e-05,48429.06640625,-0.03458583354949951,48429.0859375,0.7792525887489319,0.009618879295885563,1.9944945573806763,0.0
2415.0641927473853,-368.05910960722304,1026.0326830309712,100.0,56,5600,False,3046400,30464,544,73b03aedc11d4733ad70480dfb5e4900,2020-03-24_08-43-46,1585039426,10.652911901473999,5727.915030956268,2887,eclipse,137.195.211.213,5727.915030956268,3046400,544,28,28696714,0.0,0.0,0.0,11.73649756532312,0.9885788561575828,1.4640798857453121,2994176,3046400,3330.623,5.813,7254.792,18.124,1.5187499523162842,4.999999873689376e-05,64005.98828125,-0.03905803710222244,64006.00390625,0.6704147458076477,0.012105966918170452,1.9159125089645386,0.0
2279.7286550461654,-64.08499577070056,1238.8178943188652,100.0,56,5600,False,3052000,30520,545,73b03aedc11d4733ad70480dfb5e4900,2020-03-24_08-43-57,1585039437,10.765848875045776,5738.680879831314,2887,eclipse,137.195.211.213,5738.680879831314,3052000,545,28,28696714,0.0,0.0,0.0,11.73853393106221,0.9886049093199775,1.464047557055208,2999680,3052000,3324.304,5.889,7259.133,18.297,1.5187499523162842,4.999999873689376e-05,50181.890625,-0.03474293649196625,50181.9140625,0.761226236820221,0.009892478585243225,2.003474473953247,0.0
2263.2913822607334,-73.93476001730087,1121.3565049013089,100.0,56,5600,False,3057600,30576,546,73b03aedc11d4733ad70480dfb5e4900,2020-03-24_08-44-08,1585039448,10.655903339385986,5749.3367831707,2887,eclipse,137.195.211.213,5749.3367831707,3057600,546,28,28696714,0.0,0.0,0.0,11.740070086203541,0.9886163275862581,1.4640178635340009,3005184,3057600,3316.156,5.721,7258.62,18.274,1.5187499523162842,4.999999873689376e-05,72480.671875,-0.03520442545413971,72480.703125,0.6370561122894287,0.010456393472850323,2.0781190395355225,0.0
2476.69120161812,-61.85977089168304,1064.4510865363823,100.0,56,5600,False,3063200,30632,547,73b03aedc11d4733ad70480dfb5e4900,2020-03-24_08-44-19,1585039459,10.611322164535522,5759.948105335236,2887,eclipse,137.195.211.213,5759.948105335236,3063200,547,28,28696714,0.02,0.0,1.0,11.741329809940504,0.9886051116455365,1.4639898261488344,3010688,3063200,3324.286,6.017,7251.916,18.365,1.5187499523162842,4.999999873689376e-05,73601.6484375,-0.03788185119628906,73601.6796875,0.670032262802124,0.012157334946095943,1.9221010208129883,0.0
2476.69120161812,-65.50655161459458,1073.6760493357642,100.0,56,5600,False,3068800,30688,548,73b03aedc11d4733ad70480dfb5e4900,2020-03-24_08-44-29,1585039469,10.777824878692627,5770.725930213928,2887,eclipse,137.195.211.213,5770.725930213928,3068800,548,28,28696714,0.04,0.0,1.0,11.742593792740411,0.9886005022651767,1.4639587430254701,3016192,3068800,3329.723,5.843,7260.008,17.605,1.5187499523162842,4.999999873689376e-05,53686.92578125,-0.036258455365896225,53686.94140625,0.7491838932037354,0.013038805685937405,2.216278553009033,0.0
2347.4389135673323,-233.9121330645495,963.7409620973193,100.0,56,5600,False,3074400,30744,549,73b03aedc11d4733ad70480dfb5e4900,2020-03-24_08-44-40,1585039480,10.50875973701477,5781.234689950943,2887,eclipse,137.195.211.213,5781.234689950943,3074400,549,28,28696714,0.02,0.0,1.0,11.74351672215444,0.9886255145910112,1.4639406554724743,3021696,3074400,3335.659,5.769,7249.088,18.469,1.5187499523162842,4.999999873689376e-05,74224.0546875,-0.033786799758672714,74224.078125,0.6541126370429993,0.011680490337312222,2.012213706970215,0.0
2245.1882779439984,-233.9121330645495,962.6279746179223,100.0,56,5600,False,3080000,30800,550,73b03aedc11d4733ad70480dfb5e4900,2020-03-24_08-44-51,1585039491,10.802651405334473,5792.0373413562775,2887,eclipse,137.195.211.213,5792.0373413562775,3080000,550,28,28696714,0.0,0.0,0.0,11.744353693799884,0.9886610327019397,1.46390048925668,3027200,3080000,3345.415,5.702,7254.236,18.379,1.5187499523162842,4.999999873689376e-05,48005.08203125,-0.03405073285102844,48005.09765625,0.797727644443512,0.009727038443088531,2.158705711364746,0.0
2245.1882779439984,-65.86072764565388,1014.3290138480895,100.0,56,5600,False,3085600,30856,551,73b03aedc11d4733ad70480dfb5e4900,2020-03-24_08-45-02,1585039502,10.69032073020935,5802.727662086487,2887,eclipse,137.195.211.213,5802.727662086487,3085600,551,28,28696714,0.0,0.0,0.0,11.745309608978818,0.9886743891642757,1.4638874046801313,3032704,3085600,3352.29,6.118,7248.719,18.555,1.5187499523162842,4.999999873689376e-05,47556.109375,-0.03705762326717377,47556.12890625,0.7728129625320435,0.012030649930238724,1.8782769441604614,0.0
2248.5704407910716,-101.24807191334324,1044.4586807218584,100.0,56,5600,False,3091200,30912,552,73b03aedc11d4733ad70480dfb5e4900,2020-03-24_08-45-12,1585039512,10.307320833206177,5813.034982919693,2887,eclipse,137.195.211.213,5813.034982919693,3091200,552,28,28696714,0.0,0.0,0.0,11.746250497041597,0.9886741499957155,1.4638549588537189,3038208,3091200,3333.116,6.316,7216.677,18.778,1.5187499523162842,4.999999873689376e-05,66521.828125,-0.0415276475250721,66521.859375,0.6937595009803772,0.012230407446622849,1.9879626035690308,0.0
2248.5704407910716,-282.9203703990381,1040.2642344077435,100.0,56,5600,False,3096800,30968,553,73b03aedc11d4733ad70480dfb5e4900,2020-03-24_08-45-23,1585039523,11.431227445602417,5824.466210365295,2887,eclipse,137.195.211.213,5824.466210365295,3096800,553,28,28696714,0.0,0.0,0.0,11.748193119027153,0.9887553365288282,1.4640508134369974,3043712,3096800,3409.414,6.399,7209.763,18.664,1.5187499523162842,4.999999873689376e-05,60770.64453125,-0.03848753869533539,60770.6640625,0.7340037822723389,0.011398646049201488,2.1966755390167236,0.0
2246.232846497186,-282.9203703990381,1035.751000845274,100.0,56,5600,False,3102400,31024,554,73b03aedc11d4733ad70480dfb5e4900,2020-03-24_08-45-34,1585039534,10.758370637893677,5835.224581003189,2887,eclipse,137.195.211.213,5835.224581003189,3102400,554,28,28696714,0.0,0.0,0.0,11.750098938471602,0.9888158991065186,1.464213273135482,3049216,3102400,3410.075,6.452,7217.887,19.013,1.5187499523162842,4.999999873689376e-05,56979.765625,-0.038222771137952805,56979.77734375,0.7469210028648376,0.0122907729819417,2.1340835094451904,0.0
2212.1711465623416,-85.65581298837087,1094.4579708933693,100.0,56,5600,False,3108000,31080,555,73b03aedc11d4733ad70480dfb5e4900,2020-03-24_08-45-45,1585039545,10.707450866699219,5845.932031869888,2887,eclipse,137.195.211.213,5845.932031869888,3108000,555,28,28696714,0.0,0.0,0.0,11.751392742425269,0.9888081950603967,1.4641631115810319,3054720,3108000,3408.483,6.367,7212.769,18.904,1.5187499523162842,4.999999873689376e-05,44266.60546875,-0.03691156953573227,44266.625,0.7956359386444092,0.011130791157484055,2.025197982788086,0.0
2261.3691102054104,-63.086485237388146,1156.8102902731475,100.0,56,5600,False,3113600,31136,556,73b03aedc11d4733ad70480dfb5e4900,2020-03-24_08-45-56,1585039556,10.68396282196045,5856.615994691849,2887,eclipse,137.195.211.213,5856.615994691849,3113600,556,28,28696714,0.01,0.0,1.0,11.752647195981957,0.9888087455400799,1.4641086143399469,3060224,3113600,3410.191,6.378,7217.561,18.176,1.5187499523162842,4.999999873689376e-05,34361.8359375,-0.045491788536310196,34361.86328125,0.8554626107215881,0.01015429012477398,2.236809730529785,0.0
2375.585822518153,-596.2998223425528,1136.3528205838638,100.0,56,5600,False,3119200,31192,557,73b03aedc11d4733ad70480dfb5e4900,2020-03-24_08-46-06,1585039566,10.65653681755066,5867.272531509399,2887,eclipse,137.195.211.213,5867.272531509399,3119200,557,28,28696714,0.02,0.0,1.0,11.753698769267817,0.9888061073313971,1.4640571715440314,3065728,3119200,3404.394,6.335,7228.057,18.266,1.5187499523162842,4.999999873689376e-05,79061.796875,-0.03604428842663765,79061.8203125,0.7011789083480835,0.01210202556103468,2.097130060195923,0.0
2231.6137739154597,-596.2998223425528,1049.6870700857266,100.0,56,5600,False,3124800,31248,558,73b03aedc11d4733ad70480dfb5e4900,2020-03-24_08-46-17,1585039577,10.707804441452026,5877.980335950851,2887,eclipse,137.195.211.213,5877.980335950851,3124800,558,28,28696714,0.03,0.0,1.0,11.754642564884731,0.9888008428677967,1.463994940983318,3071232,3124800,3398.994,6.61,7226.69,18.596,1.5187499523162842,4.999999873689376e-05,68114.4375,-0.03787776082754135,68114.453125,0.7038753628730774,0.010576481930911541,2.4460256099700928,0.0
2225.5623125768125,-474.2952827689162,974.3747032534905,100.0,56,5600,False,3130400,31304,559,73b03aedc11d4733ad70480dfb5e4900,2020-03-24_08-46-28,1585039588,10.644618034362793,5888.624953985214,2887,eclipse,137.195.211.213,5888.624953985214,3130400,559,28,28696714,0.02,0.0,1.0,11.75565915058893,0.9888086447798912,1.463927510737081,3076736,3130400,3397.619,6.67,7239.938,18.071,1.5187499523162842,4.999999873689376e-05,62675.859375,-0.038192268460989,62675.87890625,0.7368916869163513,0.011233145371079445,2.315985918045044,0.0
2317.95260946776,-417.47557467926407,1092.7970464495454,100.0,56,5600,False,3136000,31360,560,73b03aedc11d4733ad70480dfb5e4900,2020-03-24_08-46-39,1585039599,10.708653688430786,5899.333607673645,2887,eclipse,137.195.211.213,5899.333607673645,3136000,560,28,28696714,0.0,0.0,0.0,11.756944780231198,0.9887957149477284,1.4639008471636565,3082240,3136000,3394.252,6.836,7233.176,17.941,1.5187499523162842,4.999999873689376e-05,54791.27734375,-0.03224209323525429,54791.296875,0.753631055355072,0.010257584042847157,2.0827856063842773,0.0
2382.1546769543947,-465.1384495691433,1012.6019467865584,100.0,56,5600,False,3141600,31416,561,73b03aedc11d4733ad70480dfb5e4900,2020-03-24_08-46-49,1585039609,10.664453506469727,5909.998061180115,2887,eclipse,137.195.211.213,5909.998061180115,3141600,561,28,28696714,0.01,0.0,1.0,11.758062369278,0.9887742488947427,1.4638785098331266,3087744,3141600,3383.095,6.783,7242.446,17.734,1.5187499523162842,4.999999873689376e-05,63026.59765625,-0.041912373155355453,63026.6171875,0.7144571542739868,0.009898826479911804,2.2218499183654785,0.0
2382.1546769543947,-465.1384495691433,1061.9413869442083,100.0,56,5600,False,3147200,31472,562,73b03aedc11d4733ad70480dfb5e4900,2020-03-24_08-47-00,1585039620,10.611311674118042,5920.609372854233,2887,eclipse,137.195.211.213,5920.609372854233,3147200,562,28,28696714,0.02,0.0,1.0,11.759219673970312,0.9887504028747182,1.463840629415476,3093248,3147200,3376.93,6.851,7278.512,17.331,1.5187499523162842,4.999999873689376e-05,46714.60546875,-0.03443791717290878,46714.6171875,0.781665563583374,0.012939964421093464,2.0706818103790283,0.0
2301.357041264145,-62.06513981966876,1105.9975560014195,100.0,56,5600,False,3152800,31528,563,73b03aedc11d4733ad70480dfb5e4900,2020-03-24_08-47-11,1585039631,10.58543610572815,5931.194808959961,2887,eclipse,137.195.211.213,5931.194808959961,3152800,563,28,28696714,0.01,0.0,1.0,11.760394755913712,0.9887429814492538,1.4638029088633095,3098752,3152800,3295.572,6.855,7277.648,18.321,1.5187499523162842,4.999999873689376e-05,60958.390625,-0.03915047273039818,60958.41796875,0.7448563575744629,0.011131277307868004,2.2418909072875977,0.0
2301.357041264145,-62.06513981966876,1140.2744580101269,100.0,56,5600,False,3158400,31584,564,73b03aedc11d4733ad70480dfb5e4900,2020-03-24_08-47-21,1585039641,10.735132217407227,5941.929941177368,2887,eclipse,137.195.211.213,5941.929941177368,3158400,564,28,28696714,0.01,0.0,1.0,11.761611626285196,0.9887373116978437,1.4637787893099183,3104256,3158400,3289.937,6.686,7282.22,17.528,1.5187499523162842,4.999999873689376e-05,58095.9609375,-0.03620098531246185,58095.9765625,0.7214444279670715,0.013046574778854847,1.8522132635116577,0.0
2269.0201872258053,-503.2185487628109,1123.7961049888636,100.0,56,5600,False,3164000,31640,565,73b03aedc11d4733ad70480dfb5e4900,2020-03-24_08-47-32,1585039652,10.767478227615356,5952.6974194049835,2887,eclipse,137.195.211.213,5952.6974194049835,3164000,565,28,28696714,0.01,0.0,1.0,11.763009846758372,0.9887309554481466,1.4637401838236588,3109760,3164000,3289.998,6.859,7286.329,17.824,1.5187499523162842,4.999999873689376e-05,62760.49609375,-0.03837407007813454,62760.51171875,0.7189732789993286,0.01133735477924347,2.0297563076019287,0.0
2231.394758962998,-62.34155400824326,1066.9636880287806,100.0,56,5600,False,3169600,31696,566,73b03aedc11d4733ad70480dfb5e4900,2020-03-24_08-47-43,1585039663,10.753429412841797,5963.450848817825,2887,eclipse,137.195.211.213,5963.450848817825,3169600,566,28,28696714,0.0,0.0,0.0,11.76432150845182,0.9887050774225881,1.4637039951300406,3115264,3169600,3287.727,6.889,7291.23,18.562,1.5187499523162842,4.999999873689376e-05,58849.09765625,-0.03958245366811752,58849.1171875,0.7095783352851868,0.011836688034236431,2.0605902671813965,0.0
2214.8072364570407,-59.938703277894334,1109.274125882572,100.0,56,5600,False,3175200,31752,567,73b03aedc11d4733ad70480dfb5e4900,2020-03-24_08-47-54,1585039674,10.61528468132019,5974.0661334991455,2887,eclipse,137.195.211.213,5974.0661334991455,3175200,567,28,28696714,0.0,0.0,0.0,11.7656313429401,0.9886639094416241,1.4636436895772025,3120768,3175200,3292.731,7.014,7281.276,19.29,1.5187499523162842,4.999999873689376e-05,49088.39453125,-0.03751969709992409,49088.41796875,0.782686173915863,0.011033233255147934,2.435790777206421,0.0
2214.8072364570407,-65.35356985769586,1022.0741672018547,100.0,56,5600,False,3180800,31808,568,73b03aedc11d4733ad70480dfb5e4900,2020-03-24_08-48-04,1585039684,10.68342900276184,5984.749562501907,2887,eclipse,137.195.211.213,5984.749562501907,3180800,568,28,28696714,0.0,0.0,0.0,11.766557153060326,0.9886424290037493,1.4635773818832154,3126272,3180800,3285.337,6.683,7284.62,19.638,1.5187499523162842,4.999999873689376e-05,48267.6171875,-0.04052847623825073,48267.640625,0.7901740074157715,0.012539117597043514,2.176203727722168,0.0
2264.5701575586654,-65.35356985769586,973.5753024929265,100.0,56,5600,False,3186400,31864,569,73b03aedc11d4733ad70480dfb5e4900,2020-03-24_08-48-15,1585039695,10.622764110565186,5995.3723266124725,2887,eclipse,137.195.211.213,5995.3723266124725,3186400,569,28,28696714,0.0,0.0,0.0,11.767197845915492,0.9886443040370471,1.463503030190437,3131776,3186400,3286.199,6.963,7281.586,20.303,1.5187499523162842,4.999999873689376e-05,71139.515625,-0.03975101187825203,71139.5390625,0.6207610368728638,0.013254491612315178,2.144716739654541,0.0
2264.5701575586654,-495.69593853433577,1030.3072143791414,100.0,56,5600,False,3192000,31920,570,73b03aedc11d4733ad70480dfb5e4900,2020-03-24_08-48-26,1585039706,10.674928903579712,6006.047255516052,2887,eclipse,137.195.211.213,6006.047255516052,3192000,570,28,28696714,0.02,0.0,1.0,11.768071189621686,0.9886320501318725,1.4634601829867464,3137280,3192000,3279.433,6.803,7283.851,20.613,1.5187499523162842,4.999999873689376e-05,79638.421875,-0.039370179176330566,79638.4453125,0.6585382223129272,0.01250213012099266,2.1784510612487793,0.0
2252.0812341446895,-496.67788142093104,945.8404055375131,100.0,56,5600,False,3197600,31976,571,73b03aedc11d4733ad70480dfb5e4900,2020-03-24_08-48-36,1585039716,10.609739065170288,6016.6569945812225,2887,eclipse,137.195.211.213,6016.6569945812225,3197600,571,28,28696714,0.02,0.0,1.0,11.768983696588803,0.9886276910789796,1.463431966923602,3142784,3197600,3285.929,6.816,7273.692,20.108,1.5187499523162842,4.999999873689376e-05,74804.8359375,-0.03918826952576637,74804.859375,0.6036738753318787,0.011500034481287003,2.2138350009918213,0.0
2304.8330183948524,-496.67788142093104,1083.6346913596112,100.0,56,5600,False,3203200,32032,572,73b03aedc11d4733ad70480dfb5e4900,2020-03-24_08-48-47,1585039727,10.702573299407959,6027.3595678806305,2887,eclipse,137.195.211.213,6027.3595678806305,3203200,572,28,28696714,0.01,0.0,1.0,11.770098580875274,0.9886213445654071,1.4633826604018514,3148288,3203200,3289.144,6.737,7279.674,20.154,1.5187499523162842,4.999999873689376e-05,67868.7265625,-0.03902736306190491,67868.75,0.6916083693504333,0.012438089586794376,1.898552417755127,0.0
2363.9294747375307,-62.27850468164682,1289.0439593248118,100.0,56,5600,False,3208800,32088,573,73b03aedc11d4733ad70480dfb5e4900,2020-03-24_08-48-58,1585039738,10.696988821029663,6038.05655670166,2887,eclipse,137.195.211.213,6038.05655670166,3208800,573,28,28696714,0.0,0.0,0.0,11.771744361047793,0.988597821907282,1.4633302097086371,3153792,3208800,3293.005,6.631,7286.697,20.249,1.5187499523162842,4.999999873689376e-05,55847.07421875,-0.03803190961480141,55847.09765625,0.7694763541221619,0.009492369368672371,1.983463168144226,0.0
2299.0686526316435,-325.0591654330949,1178.8624851795585,100.0,56,5600,False,3214400,32144,574,73b03aedc11d4733ad70480dfb5e4900,2020-03-24_08-49-08,1585039748,10.353234767913818,6048.409791469574,2887,eclipse,137.195.211.213,6048.409791469574,3214400,574,28,28696714,0.0,0.0,0.0,11.773234032567984,0.9885939318648055,1.4632840663745759,3159296,3214400,3289.499,6.792,7253.925,20.142,1.5187499523162842,4.999999873689376e-05,80155.7109375,-0.041935406625270844,80155.7421875,0.580314040184021,0.01096003595739603,1.881845474243164,0.0
2297.270795059619,-297.12335104427046,1076.1266976777742,100.0,56,5600,False,3220000,32200,575,73b03aedc11d4733ad70480dfb5e4900,2020-03-24_08-49-19,1585039759,10.5693941116333,6058.979185581207,2887,eclipse,137.195.211.213,6058.979185581207,3220000,575,28,28696714,0.0,0.0,0.0,11.77463954724947,0.9886541391548795,1.4634171580345898,3164800,3220000,3306.891,6.334,7217.729,19.734,1.5187499523162842,4.999999873689376e-05,72259.546875,-0.03664351627230644,72259.578125,0.7096604108810425,0.01057558786123991,2.1001527309417725,0.0
2386.0803185387813,-77.3427780488537,1110.8169380842658,100.0,56,5600,False,3225600,32256,576,73b03aedc11d4733ad70480dfb5e4900,2020-03-24_08-49-29,1585039769,10.655534744262695,6069.63472032547,2887,eclipse,137.195.211.213,6069.63472032547,3225600,576,28,28696714,0.0,0.0,0.0,11.775971778007754,0.9886991562035523,1.4635123299350763,3170304,3225600,3306.271,6.476,7211.716,19.706,1.5187499523162842,4.999999873689376e-05,70018.5859375,-0.04080462083220482,70018.6015625,0.701062023639679,0.0104722511023283,2.1253838539123535,0.0
2386.0803185387813,-536.9288407279527,1034.4476911812737,100.0,56,5600,False,3231200,32312,577,73b03aedc11d4733ad70480dfb5e4900,2020-03-24_08-49-40,1585039780,10.68012261390686,6080.314842939377,2887,eclipse,137.195.211.213,6080.314842939377,3231200,577,28,28696714,0.0,0.0,0.0,11.77704279866536,0.9886961157137045,1.4635167916555258,3175808,3231200,3307.302,6.411,7215.451,19.765,1.5187499523162842,4.999999873689376e-05,72773.1953125,-0.038953110575675964,72773.203125,0.6573771834373474,0.012067190371453762,1.9501514434814453,0.0
2274.3156940347894,-536.9288407279527,1008.4400975933532,100.0,56,5600,False,3236800,32368,578,73b03aedc11d4733ad70480dfb5e4900,2020-03-24_08-49-51,1585039791,10.63651704788208,6090.951359987259,2887,eclipse,137.195.211.213,6090.951359987259,3236800,578,28,28696714,0.0,0.0,0.0,11.777999625559533,0.9886952916792247,1.4634861438843847,3181312,3236800,3308.652,6.623,7209.518,19.709,1.5187499523162842,4.999999873689376e-05,68155.7734375,-0.03402109071612358,68155.78125,0.7006772756576538,0.013797637075185776,2.2680654525756836,0.0
2362.71560350807,-531.6699311146407,1063.8092029466197,100.0,56,5600,False,3242400,32424,579,73b03aedc11d4733ad70480dfb5e4900,2020-03-24_08-50-02,1585039802,10.774412870407104,6101.725772857666,2887,eclipse,137.195.211.213,6101.725772857666,3242400,579,28,28696714,0.0,0.0,0.0,11.779121634567487,0.9886847390913482,1.4634278950670736,3186816,3242400,3320.607,6.367,7212.854,19.53,1.5187499523162842,4.999999873689376e-05,65858.6484375,-0.03971869871020317,65858.671875,0.656664252281189,0.010921484790742397,1.8063400983810425,0.0
2362.71560350807,-141.5752168228071,1089.3636465210793,100.0,56,5600,False,3248000,32480,580,73b03aedc11d4733ad70480dfb5e4900,2020-03-24_08-50-12,1585039812,10.297494649887085,6112.023267507553,2887,eclipse,137.195.211.213,6112.023267507553,3248000,580,28,28696714,0.0,0.0,0.0,11.780428180750587,0.9886834701370651,1.4634131344126002,3192320,3248000,3325.976,6.461,7172.666,18.814,1.5187499523162842,4.999999873689376e-05,73884.2421875,-0.04320157319307327,73884.25,0.5972234010696411,0.012791911140084267,1.715559720993042,0.0
2266.1224286304814,-440.4939303509713,1139.8309506216433,100.0,56,5600,False,3253600,32536,581,73b03aedc11d4733ad70480dfb5e4900,2020-03-24_08-50-23,1585039823,10.835010051727295,6122.85827755928,2887,eclipse,137.195.211.213,6122.85827755928,3253600,581,28,28696714,0.01,0.0,1.0,11.782518812676734,0.9887737406535257,1.4635664142044833,3197824,3253600,3349.317,6.317,7167.994,19.383,1.5187499523162842,4.999999873689376e-05,68870.453125,-0.031285546720027924,68870.46875,0.6728723049163818,0.010986833833158016,1.9470785856246948,0.0
2266.1224286304814,-440.4939303509713,1107.2296393538675,100.0,56,5600,False,3259200,32592,582,73b03aedc11d4733ad70480dfb5e4900,2020-03-24_08-50-34,1585039834,10.696896314620972,6133.555173873901,2887,eclipse,137.195.211.213,6133.555173873901,3259200,582,28,28696714,0.04,0.0,1.0,11.784285290008704,0.9888437575319763,1.4636938403289312,3203328,3259200,3357.329,6.475,7161.172,18.529,1.5187499523162842,4.999999873689376e-05,64139.15625,-0.04022791609168053,64139.17578125,0.7141315340995789,0.011439229361712933,2.2049245834350586,0.0
2318.715099587825,-73.42740128621493,1056.628711636746,100.0,56,5600,False,3264800,32648,583,73b03aedc11d4733ad70480dfb5e4900,2020-03-24_08-50-44,1585039844,10.676021575927734,6144.231195449829,2887,eclipse,137.195.211.213,6144.231195449829,3264800,583,28,28696714,0.02,0.0,1.0,11.785149791390099,0.9888347150234228,1.4636915388217364,3208832,3264800,3358.278,6.647,7157.978,18.542,1.5187499523162842,4.999999873689376e-05,62536.3828125,-0.038914501667022705,62536.4140625,0.7509716153144836,0.010550237260758877,1.8509910106658936,0.0
2288.1549390101486,-307.30192586955707,1192.2713908894355,100.0,56,5600,False,3270400,32704,584,73b03aedc11d4733ad70480dfb5e4900,2020-03-24_08-50-55,1585039855,10.741297483444214,6154.972492933273,2887,eclipse,137.195.211.213,6154.972492933273,3270400,584,28,28696714,0.01,0.0,1.0,11.786494194458669,0.9888438443276796,1.4636683585745163,3214336,3270400,3368.107,6.74,7185.26,18.872,1.5187499523162842,4.999999873689376e-05,68200.609375,-0.037774708122015,68200.6171875,0.7061447501182556,0.012338598258793354,1.754936695098877,0.0
2287.4333435443805,-611.8517539128702,1178.0930847967584,100.0,56,5600,False,3276000,32760,585,73b03aedc11d4733ad70480dfb5e4900,2020-03-24_08-51-06,1585039866,10.565255641937256,6165.537748575211,2887,eclipse,137.195.211.213,6165.537748575211,3276000,585,28,28696714,0.0,0.0,0.0,11.787735202391435,0.9888453636522427,1.4636170368457908,3219840,3276000,3340.695,7.162,7214.338,18.681,1.5187499523162842,4.999999873689376e-05,71152.78125,-0.04488334432244301,71152.8046875,0.7005213499069214,0.010898283682763577,1.937807321548462,0.0
2223.6716099903965,-456.4965037225466,1052.8878572936455,100.0,56,5600,False,3281600,32816,586,73b03aedc11d4733ad70480dfb5e4900,2020-03-24_08-51-16,1585039876,10.643747329711914,6176.1814959049225,2887,eclipse,137.195.211.213,6176.1814959049225,3281600,586,28,28696714,0.0,0.0,0.0,11.788671799037735,0.9888532548729995,1.4635801386372334,3225344,3281600,3336.303,7.154,7216.963,18.644,1.5187499523162842,4.999999873689376e-05,70413.0234375,-0.0353257991373539,70413.0390625,0.6592596769332886,0.011516506783664227,1.8441725969314575,0.0
2189.0698462473883,-456.4965037225466,862.4790691857082,100.0,56,5600,False,3287200,32872,587,73b03aedc11d4733ad70480dfb5e4900,2020-03-24_08-51-27,1585039887,10.54878044128418,6186.730276346207,2887,eclipse,137.195.211.213,6186.730276346207,3287200,587,28,28696714,0.0,0.0,0.0,11.789451598212572,0.9888411583214737,1.46356093834519,3230848,3287200,3329.26,7.269,7212.078,17.982,1.5187499523162842,4.999999873689376e-05,48932.25,-0.03995193541049957,48932.265625,0.7377221584320068,0.01277325302362442,2.2881500720977783,0.0
2140.65034464655,-154.97648938683153,813.3552190371672,100.0,56,5600,False,3292800,32928,588,73b03aedc11d4733ad70480dfb5e4900,2020-03-24_08-51-38,1585039898,10.55265212059021,6197.282928466797,2887,eclipse,137.195.211.213,6197.282928466797,3292800,588,28,28696714,0.0,0.0,0.0,11.789956493225969,0.988804801409685,1.4635321977112148,3236352,3292800,3323.358,7.06,7210.881,16.965,1.5187499523162842,4.999999873689376e-05,53819.12109375,-0.03803366422653198,53819.14453125,0.7512286901473999,0.01046485174447298,2.1935064792633057,0.0
2205.875633264517,-401.42958285954643,1118.0057858287391,100.0,56,5600,False,3298400,32984,589,73b03aedc11d4733ad70480dfb5e4900,2020-03-24_08-51-48,1585039908,10.64723825454712,6207.930166721344,2887,eclipse,137.195.211.213,6207.930166721344,3298400,589,28,28696714,0.02,0.0,1.0,11.791139033207296,0.9887815898928557,1.4634976261441779,3241856,3298400,3314.694,7.304,7209.218,16.223,1.5187499523162842,4.999999873689376e-05,67442.2421875,-0.04478444904088974,67442.2734375,0.7226327657699585,0.01066370215266943,2.1775197982788086,0.0
2265.930508167562,-391.5128235083112,1124.4674814834837,100.0,56,5600,False,3304000,33040,590,73b03aedc11d4733ad70480dfb5e4900,2020-03-24_08-51-59,1585039919,10.673047304153442,6218.603214025497,2887,eclipse,137.195.211.213,6218.603214025497,3304000,590,28,28696714,0.02,0.0,1.0,11.792300130273029,0.988765966662906,1.4634490954653752,3247360,3304000,3315.808,7.308,7243.25,17.129,1.5187499523162842,4.999999873689376e-05,77943.1484375,-0.04121232032775879,77943.171875,0.5888349413871765,0.011981607414782047,1.973271369934082,0.0
2265.930508167562,-407.5511941260071,1006.4370056114467,100.0,56,5600,False,3309600,33096,591,73b03aedc11d4733ad70480dfb5e4900,2020-03-24_08-52-10,1585039930,10.715308427810669,6229.318522453308,2887,eclipse,137.195.211.213,6229.318522453308,3309600,591,28,28696714,0.0,0.0,0.0,11.793236797101422,0.9887590708718952,1.4634142706960211,3252864,3309600,3289.54,7.264,7258.498,17.095,1.5187499523162842,4.999999873689376e-05,80430.7109375,-0.03359423577785492,80430.7265625,0.632132887840271,0.010736392810940742,2.0716490745544434,0.0
2171.0416694724986,-407.5511941260071,1099.105297492864,100.0,56,5600,False,3315200,33152,592,73b03aedc11d4733ad70480dfb5e4900,2020-03-24_08-52-20,1585039940,10.654540061950684,6239.973062515259,2887,eclipse,137.195.211.213,6239.973062515259,3315200,592,28,28696714,0.0,0.0,0.0,11.794362897677589,0.9887381276344693,1.4633800170826257,3258368,3315200,3279.66,7.253,7262.828,18.189,1.5187499523162842,4.999999873689376e-05,52090.08203125,-0.035822439938783646,52090.09765625,0.7520940899848938,0.011144205927848816,1.8254510164260864,0.0
2218.1373579565134,-436.14076599000833,1215.3289786741395,100.0,56,5600,False,3320800,33208,593,73b03aedc11d4733ad70480dfb5e4900,2020-03-24_08-52-31,1585039951,10.649661302566528,6250.622723817825,2887,eclipse,137.195.211.213,6250.622723817825,3320800,593,28,28696714,0.0,0.0,0.0,11.795898048436015,0.9887203485935586,1.4633298510080954,3263872,3320800,3285.185,7.104,7254.851,17.62,1.5187499523162842,4.999999873689376e-05,52169.8125,-0.04152626171708107,52169.84375,0.7948125004768372,0.010514101013541222,2.050769567489624,0.0
2443.6646760574963,-507.15840515365153,1225.6257735500271,100.0,56,5600,False,3326400,33264,594,73b03aedc11d4733ad70480dfb5e4900,2020-03-24_08-52-42,1585039962,10.62071681022644,6261.243440628052,2887,eclipse,137.195.211.213,6261.243440628052,3326400,594,28,28696714,0.0,0.0,0.0,11.797406945975741,0.9886970373572719,1.4632912365786341,3269376,3326400,3283.122,6.9,7246.652,17.382,1.5187499523162842,4.999999873689376e-05,73407.8671875,-0.039724767208099365,73407.8828125,0.7013944387435913,0.011173821054399014,2.0883514881134033,0.0
2443.6646760574963,-507.15840515365153,1049.5108195747123,100.0,56,5600,False,3332000,33320,595,73b03aedc11d4733ad70480dfb5e4900,2020-03-24_08-52-52,1585039972,10.491312026977539,6271.734752655029,2887,eclipse,137.195.211.213,6271.734752655029,3332000,595,28,28696714,0.0,0.0,0.0,11.79832440584154,0.9886900855510163,1.4632600916826193,3274880,3332000,3283.181,6.582,7238.956,17.701,1.5187499523162842,4.999999873689376e-05,62375.7734375,-0.03834257274866104,62375.7890625,0.6918611526489258,0.01083849836140871,1.7919867038726807,0.0
2213.441026082274,-67.22048600343821,963.2549844102581,100.0,56,5600,False,3337600,33376,596,73b03aedc11d4733ad70480dfb5e4900,2020-03-24_08-53-03,1585039983,10.610941648483276,6282.345694303513,2887,eclipse,137.195.211.213,6282.345694303513,3337600,596,28,28696714,0.01,0.0,1.0,11.798985038149794,0.9886896471318823,1.4632148903805446,3280384,3337600,3280.355,6.453,7238.559,17.929,1.5187499523162842,4.999999873689376e-05,56967.359375,-0.036411579698324203,56967.37890625,0.740323543548584,0.012618721462786198,2.151369094848633,0.0
2231.84617381892,-199.203198623609,969.9061788115166,100.0,56,5600,False,3343200,33432,597,73b03aedc11d4733ad70480dfb5e4900,2020-03-24_08-53-14,1585039994,10.766170263290405,6293.111864566803,2887,eclipse,137.195.211.213,6293.111864566803,3343200,597,28,28696714,0.01,0.0,1.0,11.799712484093511,0.9886810734134107,1.4631939351302674,3285888,3343200,3298.771,6.359,7243.163,18.424,1.5187499523162842,4.999999873689376e-05,64135.6796875,-0.04169006273150444,64135.7109375,0.721408486366272,0.011959793977439404,2.227928876876831,0.0
2313.929005577539,-314.2991447234346,1111.476895382416,100.0,56,5600,False,3348800,33488,598,73b03aedc11d4733ad70480dfb5e4900,2020-03-24_08-53-25,1585040005,10.632787704467773,6303.744652271271,2887,eclipse,137.195.211.213,6303.744652271271,3348800,598,28,28696714,0.0,0.0,0.0,11.800892483816801,0.9886766319630291,1.4631675819070245,3291392,3348800,3308.005,6.519,7242.956,19.284,1.5187499523162842,4.999999873689376e-05,66808.3046875,-0.038716260343790054,66808.3125,0.7106215357780457,0.014498353004455566,1.785710334777832,0.0
2219.2924145854467,-314.2991447234346,1171.789467998646,100.0,56,5600,False,3354400,33544,599,73b03aedc11d4733ad70480dfb5e4900,2020-03-24_08-53-35,1585040015,10.653074741363525,6314.397727012634,2887,eclipse,137.195.211.213,6314.397727012634,3354400,599,28,28696714,0.0,0.0,0.0,11.80219923063365,0.9886893425158635,1.4631406198225756,3296896,3354400,3305.225,6.201,7245.896,19.428,1.5187499523162842,4.999999873689376e-05,65319.19140625,-0.038077667355537415,65319.22265625,0.6566969156265259,0.0119700962677598,1.7603099346160889,0.0
2219.2924145854467,-62.33996271206213,1088.8261677740918,100.0,56,5600,False,3360000,33600,600,73b03aedc11d4733ad70480dfb5e4900,2020-03-24_08-53-46,1585040026,10.573542594909668,6324.971269607544,2887,eclipse,137.195.211.213,6324.971269607544,3360000,600,28,28696714,0.0,0.0,0.0,11.80333901306125,0.9886671598483646,1.4631105877601442,3302400,3360000,3294.879,5.984,7247.231,18.66,1.5187499523162842,4.999999873689376e-05,73310.6796875,-0.03986641392111778,73310.7109375,0.6525642275810242,0.010882575996220112,1.943163275718689,0.0
2245.5573724129904,-98.52574716007992,1109.8880863977981,100.0,56,5600,False,3365600,33656,601,73b03aedc11d4733ad70480dfb5e4900,2020-03-24_08-53-56,1585040036,10.561952114105225,6335.533221721649,2887,eclipse,137.195.211.213,6335.533221721649,3365600,601,28,28696714,0.0,0.0,0.0,11.804465293395838,0.9886453464159153,1.4630745326562413,3307904,3365600,3292.357,6.004,7235.765,17.743,1.5187499523162842,4.999999873689376e-05,69935.6875,-0.03594711422920227,69935.6953125,0.7076932787895203,0.011231678538024426,1.9837802648544312,0.0
2219.0909773471035,-453.5342588313875,1072.9150706170453,100.0,56,5600,False,3371200,33712,602,73b03aedc11d4733ad70480dfb5e4900,2020-03-24_08-54-07,1585040047,10.551565885543823,6346.084787607193,2887,eclipse,137.195.211.213,6346.084787607193,3371200,602,28,28696714,0.0,0.0,0.0,11.805443105825507,0.9886394250187794,1.4630296440790205,3313408,3371200,3291.365,6.037,7226.378,17.064,1.5187499523162842,4.999999873689376e-05,73689.90625,-0.04072985798120499,73689.9296875,0.6686720252037048,0.011622479185461998,1.8704520463943481,0.0
2309.0755167483376,-540.0057225500074,1079.2477451586192,100.0,56,5600,False,3376800,33768,603,73b03aedc11d4733ad70480dfb5e4900,2020-03-24_08-54-18,1585040058,10.655372381210327,6356.740159988403,2887,eclipse,137.195.211.213,6356.740159988403,3376800,603,28,28696714,0.0,0.0,0.0,11.806513167209662,0.9886377345547234,1.4629924842438091,3318912,3376800,3283.175,6.001,7234.984,17.351,1.5187499523162842,4.999999873689376e-05,62167.90625,-0.03602847829461098,62167.92578125,0.7577669620513916,0.0115932896733284,2.3077926635742188,0.0
2309.0755167483376,-540.0057225500074,1126.3079058376504,100.0,56,5600,False,3382400,33824,604,73b03aedc11d4733ad70480dfb5e4900,2020-03-24_08-54-28,1585040068,10.694210767745972,6367.434370756149,2887,eclipse,137.195.211.213,6367.434370756149,3382400,604,28,28696714,0.0,0.0,0.0,11.807722107171793,0.9886403384621824,1.4629422658907703,3324416,3382400,3280.512,6.173,7243.271,18.289,1.5187499523162842,4.999999873689376e-05,68523.140625,-0.041251424700021744,68523.171875,0.6299567818641663,0.012593703344464302,1.6586915254592896,0.0
2248.9539201907005,-59.74910019280476,1036.5995229657785,100.0,56,5600,False,3388000,33880,605,73b03aedc11d4733ad70480dfb5e4900,2020-03-24_08-54-39,1585040079,10.636497020721436,6378.070867776871,2887,eclipse,137.195.211.213,6378.070867776871,3388000,605,28,28696714,0.0,0.0,0.0,11.808642226707839,0.9886401661426251,1.4629013480355417,3329920,3388000,3288.656,6.516,7250.096,18.421,1.5187499523162842,4.999999873689376e-05,77208.828125,-0.03886716440320015,77208.859375,0.6365806460380554,0.010126364417374134,1.975542426109314,0.0
2234.6584024130793,-287.2945287238929,1007.7917831341008,100.0,56,5600,False,3393600,33936,606,73b03aedc11d4733ad70480dfb5e4900,2020-03-24_08-54-50,1585040090,10.737930536270142,6388.808798313141,2887,eclipse,137.195.211.213,6388.808798313141,3393600,606,28,28696714,0.0,0.0,0.0,11.809629221950864,0.9886340837177587,1.4628900407134031,3335424,3393600,3301.259,6.668,7249.608,17.988,1.5187499523162842,4.999999873689376e-05,84593.1484375,-0.037987902760505676,84593.171875,0.5968162417411804,0.011278927326202393,1.8677997589111328,0.0
2294.9623773304406,-287.2945287238929,1051.4733635146304,100.0,56,5600,False,3399200,33992,607,73b03aedc11d4733ad70480dfb5e4900,2020-03-24_08-55-00,1585040100,10.519845724105835,6399.328644037247,2887,eclipse,137.195.211.213,6399.328644037247,3399200,607,28,28696714,0.0,0.0,0.0,11.81059000065226,0.9886249236604248,1.4628657766773119,3340928,3399200,3277.796,6.844,7247.34,18.234,1.5187499523162842,4.999999873689376e-05,78035.3359375,-0.037003640085458755,78035.3515625,0.6579774618148804,0.012569453567266464,2.2139947414398193,0.0
2294.9623773304406,-72.98576461429558,1129.4012531043265,100.0,56,5600,False,3404800,34048,608,73b03aedc11d4733ad70480dfb5e4900,2020-03-24_08-55-11,1585040111,10.310030937194824,6409.6386749744415,2887,eclipse,137.195.211.213,6409.6386749744415,3404800,608,28,28696714,0.0,0.0,0.0,11.81179900272482,0.9886114104979317,1.4628341316051396,3346432,3404800,3283.02,6.585,7210.556,17.562,1.5187499523162842,4.999999873689376e-05,58956.52734375,-0.03789149969816208,58956.55859375,0.7334296107292175,0.009723951108753681,2.29775333404541,0.0
2249.6829636456237,-72.98576461429558,1176.0143739136538,100.0,56,5600,False,3410400,34104,609,73b03aedc11d4733ad70480dfb5e4900,2020-03-24_08-55-22,1585040122,10.94746732711792,6420.586142301559,2887,eclipse,137.195.211.213,6420.586142301559,3410400,609,28,28696714,0.0,0.0,0.0,11.814357193881028,0.9886870147723847,1.463166178220751,3351936,3410400,3328.134,6.907,7192.843,17.748,1.5187499523162842,4.999999873689376e-05,62791.34765625,-0.04317639023065567,62791.37109375,0.692193865776062,0.011449899524450302,2.0063610076904297,0.0
2289.4809957773346,-556.109331133273,1092.0910954910123,100.0,56,5600,False,3416000,34160,610,73b03aedc11d4733ad70480dfb5e4900,2020-03-24_08-55-33,1585040133,10.94060206413269,6431.526744365692,2887,eclipse,137.195.211.213,6431.526744365692,3416000,610,28,28696714,0.01,0.0,1.0,11.817035765364253,0.9887830569047381,1.4636283802207064,3357440,3416000,3367.941,7.042,7188.784,17.984,1.5187499523162842,4.999999873689376e-05,74743.6640625,-0.04034797474741936,74743.6875,0.662314236164093,0.011290397495031357,2.0211431980133057,0.0
2289.4809957773346,-587.5720950234346,1021.7338068310424,100.0,56,5600,False,3421600,34216,611,73b03aedc11d4733ad70480dfb5e4900,2020-03-24_08-55-43,1585040143,10.641345024108887,6442.168089389801,2887,eclipse,137.195.211.213,6442.168089389801,3421600,611,28,28696714,0.01,0.0,1.0,11.8185914713911,0.9888104350552939,1.4637384336651909,3362944,3421600,3370.285,7.052,7193.639,19.07,1.5187499523162842,4.999999873689376e-05,91085.578125,-0.03965400159358978,91085.6015625,0.5844016075134277,0.012657025828957558,2.0028793811798096,0.0
2208.7187744850667,-587.5720950234346,969.0461334398437,100.0,56,5600,False,3427200,34272,612,73b03aedc11d4733ad70480dfb5e4900,2020-03-24_08-55-54,1585040154,10.768268585205078,6452.936357975006,2887,eclipse,137.195.211.213,6452.936357975006,3427200,612,28,28696714,0.0,0.0,0.0,11.819342653873038,0.9888303057043133,1.4636945822090914,3368448,3427200,3377.467,6.796,7208.795,19.417,1.5187499523162842,4.999999873689376e-05,74738.3671875,-0.041380658745765686,74738.3984375,0.6600719094276428,0.011267314665019512,2.1456053256988525,0.0
2223.8056986237734,-463.25383174379783,1066.1249910391482,100.0,56,5600,False,3432800,34328,613,73b03aedc11d4733ad70480dfb5e4900,2020-03-24_08-56-05,1585040165,10.583279132843018,6463.519637107849,2887,eclipse,137.195.211.213,6463.519637107849,3432800,613,28,28696714,0.0,0.0,0.0,11.820281318058482,0.9888092819777872,1.463666449534882,3373952,3432800,3375.049,6.874,7204.608,19.285,1.5187499523162842,4.999999873689376e-05,63794.55078125,-0.040210746228694916,63794.57421875,0.7282309532165527,0.011793259531259537,2.221400022506714,0.0
2242.2390232235603,-481.30970387174654,1149.2720416434752,100.0,56,5600,False,3438400,34384,614,73b03aedc11d4733ad70480dfb5e4900,2020-03-24_08-56-16,1585040176,10.762701272964478,6474.282338380814,2887,eclipse,137.195.211.213,6474.282338380814,3438400,614,28,28696714,0.0,0.0,0.0,11.8214654001501,0.98878649804737,1.4636510213002563,3379456,3438400,3378.653,6.735,7208.266,18.218,1.5187499523162842,4.999999873689376e-05,67214.453125,-0.03626491129398346,67214.46875,0.7057356834411621,0.01440877839922905,1.8837662935256958,0.0
2453.4454052156116,-481.30970387174654,1199.6534705750582,100.0,56,5600,False,3444000,34440,615,73b03aedc11d4733ad70480dfb5e4900,2020-03-24_08-56-26,1585040186,10.688290119171143,6484.970628499985,2887,eclipse,137.195.211.213,6484.970628499985,3444000,615,28,28696714,0.0,0.0,0.0,11.822835402817223,0.9887800565040819,1.4636176725172823,3384960,3444000,3380.99,6.65,7210.28,17.744,1.5187499523162842,4.999999873689376e-05,66060.1484375,-0.03661886230111122,66060.171875,0.7036256790161133,0.011028819717466831,1.9707961082458496,0.0
2453.4454052156116,-43.350920264382765,1268.191110996339,100.0,56,5600,False,3449600,34496,616,73b03aedc11d4733ad70480dfb5e4900,2020-03-24_08-56-37,1585040197,10.690820693969727,6495.6614491939545,2887,eclipse,137.195.211.213,6495.6614491939545,3449600,616,28,28696714,0.0,0.0,0.0,11.82432039215829,0.9887571266020544,1.463584292046334,3390464,3449600,3378.35,6.432,7209.802,17.687,1.5187499523162842,4.999999873689376e-05,70798.28125,-0.03796011209487915,70798.3046875,0.6912941336631775,0.011862387880682945,1.771283745765686,0.0
2233.9164029995477,-54.43763270524585,1169.9697972929553,100.0,56,5600,False,3455200,34552,617,73b03aedc11d4733ad70480dfb5e4900,2020-03-24_08-56-48,1585040208,10.584423542022705,6506.245872735977,2887,eclipse,137.195.211.213,6506.245872735977,3455200,617,28,28696714,0.0,0.0,0.0,11.825587978741845,0.9887515683522125,1.4635611590829434,3395968,3455200,3391.219,6.291,7203.893,16.98,1.5187499523162842,4.999999873689376e-05,55354.109375,-0.041615135967731476,55354.1328125,0.6821863055229187,0.011580615304410458,1.8241267204284668,0.0
2354.8142983317334,-525.4771422914617,1087.5858530378507,100.0,56,5600,False,3460800,34608,618,73b03aedc11d4733ad70480dfb5e4900,2020-03-24_08-56-58,1585040218,10.447601556777954,6516.693474292755,2887,eclipse,137.195.211.213,6516.693474292755,3460800,618,28,28696714,0.0,0.0,0.0,11.82663847503804,0.9887356943278123,1.4635398711125651,3401472,3460800,3380.731,6.622,7227.604,17.655,1.5187499523162842,4.999999873689376e-05,61953.51171875,-0.0430825874209404,61953.52734375,0.751086413860321,0.012724137865006924,2.237166166305542,0.0
2354.8142983317334,-417.4847475346568,1185.605007271326,100.0,56,5600,False,3466400,34664,619,73b03aedc11d4733ad70480dfb5e4900,2020-03-24_08-57-09,1585040229,10.61137318611145,6527.304847478867,2887,eclipse,137.195.211.213,6527.304847478867,3466400,619,28,28696714,0.0,0.0,0.0,11.827964638769927,0.9887184436206806,1.463502467230768,3406976,3466400,3334.564,6.375,7241.168,17.723,1.5187499523162842,4.999999873689376e-05,71536.3984375,-0.03817932680249214,71536.421875,0.657345175743103,0.012059384025633335,1.9999632835388184,0.0
2266.005853496836,-417.4847475346568,1119.7285081517173,100.0,56,5600,False,3472000,34720,620,73b03aedc11d4733ad70480dfb5e4900,2020-03-24_08-57-19,1585040239,10.475407600402832,6537.780255079269,2887,eclipse,137.195.211.213,6537.780255079269,3472000,620,28,28696714,0.0,0.0,0.0,11.82911522755287,0.9887102747084137,1.4634611674110514,3412480,3472000,3293.493,6.412,7237.074,17.999,1.5187499523162842,4.999999873689376e-05,63530.8828125,-0.04208475351333618,63530.9140625,0.6769919991493225,0.012584161944687366,2.1143100261688232,0.0
2304.0212396376896,-305.447773463666,1095.6862279968764,100.0,56,5600,False,3477600,34776,621,73b03aedc11d4733ad70480dfb5e4900,2020-03-24_08-57-30,1585040250,10.728788614273071,6548.5090436935425,2887,eclipse,137.195.211.213,6548.5090436935425,3477600,621,28,28696714,0.01,0.0,1.0,11.830065603730587,0.9887018431156411,1.4634197158388584,3417984,3477600,3297.454,6.376,7242.634,17.255,1.5187499523162842,4.999999873689376e-05,83015.3046875,-0.03878726437687874,83015.3203125,0.6269252300262451,0.012892169877886772,1.8613144159317017,0.0
2304.0212396376896,-305.447773463666,923.6692628813925,100.0,56,5600,False,3483200,34832,622,73b03aedc11d4733ad70480dfb5e4900,2020-03-24_08-57-41,1585040261,10.561114072799683,6559.070157766342,2887,eclipse,137.195.211.213,6559.070157766342,3483200,622,28,28696714,0.02,0.0,1.0,11.830468960457091,0.9886969540897965,1.463386701592052,3423488,3483200,3290.937,6.514,7227.035,17.623,1.5187499523162842,4.999999873689376e-05,70529.78125,-0.039478544145822525,70529.796875,0.7052962183952332,0.011634054593741894,2.1082990169525146,0.0
2240.8516373855323,-202.96636526525137,1104.2216887058166,100.0,56,5600,False,3488800,34888,623,73b03aedc11d4733ad70480dfb5e4900,2020-03-24_08-57-52,1585040272,10.612777709960938,6569.682935476303,2887,eclipse,137.195.211.213,6569.682935476303,3488800,623,28,28696714,0.03,0.0,1.0,11.831388397040913,0.9887023876845233,1.4633511075941568,3428992,3488800,3294.283,6.496,7226.083,17.006,1.5187499523162842,4.999999873689376e-05,69852.609375,-0.040465813130140305,69852.640625,0.6176061034202576,0.010929372161626816,1.7938015460968018,0.0
2240.8516373855323,-56.29049856101207,1161.0948327722615,100.0,56,5600,False,3494400,34944,624,73b03aedc11d4733ad70480dfb5e4900,2020-03-24_08-58-02,1585040282,10.64511513710022,6580.328050613403,2887,eclipse,137.195.211.213,6580.328050613403,3494400,624,28,28696714,0.02,0.0,1.0,11.832675788168089,0.9887200314365922,1.46334722646884,3434496,3494400,3294.515,6.542,7214.819,17.978,1.5187499523162842,4.999999873689376e-05,56434.41796875,-0.03725190460681915,56434.4375,0.758880078792572,0.011830068193376064,2.0520517826080322,0.0
2165.4808592684603,-108.15415528611443,1032.4121084938715,100.0,56,5600,False,3500000,35000,625,73b03aedc11d4733ad70480dfb5e4900,2020-03-24_08-58-13,1585040293,10.671862125396729,6590.9999127388,2887,eclipse,137.195.211.213,6590.9999127388,3500000,625,28,28696714,0.0,0.0,0.0,11.83369375598465,0.9887275154960585,1.4633589486601528,3440000,3500000,3291.544,6.392,7214.661,18.166,1.5187499523162842,4.999999873689376e-05,66988.6484375,-0.040408339351415634,66988.6796875,0.6367003917694092,0.012276825495064259,2.1014299392700195,0.0
2184.178673027901,-108.15415528611443,1035.5942973470528,100.0,56,5600,False,3505600,35056,626,73b03aedc11d4733ad70480dfb5e4900,2020-03-24_08-58-24,1585040304,10.623394250869751,6601.62330698967,2887,eclipse,137.195.211.213,6601.62330698967,3505600,626,28,28696714,0.0,0.0,0.0,11.834660048829686,0.9887344167338205,1.4633353154829074,3445504,3505600,3288.116,6.75,7211.371,18.363,1.5187499523162842,4.999999873689376e-05,64471.796875,-0.04118289425969124,64471.82421875,0.7120789289474487,0.012773936614394188,1.9119549989700317,0.0
2220.9774907001943,-343.8581204708158,1125.7424909286506,100.0,56,5600,False,3511200,35112,627,73b03aedc11d4733ad70480dfb5e4900,2020-03-24_08-58-34,1585040314,10.62992000579834,6612.253226995468,2887,eclipse,137.195.211.213,6612.253226995468,3511200,627,28,28696714,0.0,0.0,0.0,11.835603385566142,0.9887286450326533,1.4633173751479744,3451008,3511200,3281.702,6.581,7219.729,18.178,1.5187499523162842,4.999999873689376e-05,57982.77734375,-0.03861607238650322,57982.796875,0.7546036243438721,0.01169228833168745,2.1686339378356934,0.0
2220.9774907001943,-302.44042283036447,1146.550310083176,100.0,56,5600,False,3516800,35168,628,73b03aedc11d4733ad70480dfb5e4900,2020-03-24_08-58-45,1585040325,10.722793817520142,6622.976020812988,2887,eclipse,137.195.211.213,6622.976020812988,3516800,628,28,28696714,0.0,0.0,0.0,11.836777176017817,0.9887215442540526,1.4632986614992876,3456512,3516800,3290.972,6.631,7236.869,18.058,1.5187499523162842,4.999999873689376e-05,85190.578125,-0.038849424570798874,85190.6015625,0.5764597654342651,0.01182702649384737,1.9063552618026733,0.0
2325.6641652725357,-468.6942530811664,1148.3951299101975,100.0,56,5600,False,3522400,35224,629,73b03aedc11d4733ad70480dfb5e4900,2020-03-24_08-58-56,1585040336,10.546327352523804,6633.522348165512,2887,eclipse,137.195.211.213,6633.522348165512,3522400,629,28,28696714,0.0,0.0,0.0,11.837889328102946,0.988727235637089,1.4632744679875356,3462016,3522400,3290.688,6.36,7230.216,18.428,1.5187499523162842,4.999999873689376e-05,59958.82421875,-0.04057907685637474,59958.84375,0.7345707416534424,0.012516137212514877,1.7867006063461304,0.0
2325.6641652725357,-468.6942530811664,1308.200869381374,100.0,56,5600,False,3528000,35280,630,73b03aedc11d4733ad70480dfb5e4900,2020-03-24_08-59-06,1585040346,10.636066675186157,6644.158414840698,2887,eclipse,137.195.211.213,6644.158414840698,3528000,630,28,28696714,0.0,0.0,0.0,11.839519112733921,0.9887353723267895,1.4632737881331428,3467520,3528000,3298.986,6.39,7239.619,17.679,1.5187499523162842,4.999999873689376e-05,60246.15234375,-0.03404843062162399,60246.1640625,0.6962286233901978,0.011815544217824936,1.9611318111419678,0.0
2198.4732540873924,-374.75590269372566,1247.7159378300087,100.0,56,5600,False,3533600,35336,631,73b03aedc11d4733ad70480dfb5e4900,2020-03-24_08-59-17,1585040357,10.690022468566895,6654.848437309265,2887,eclipse,137.195.211.213,6654.848437309265,3533600,631,28,28696714,0.01,0.0,1.0,11.840941791906232,0.9887385160410623,1.4632668225666061,3473024,3533600,3298.022,6.544,7234.876,18.476,1.5187499523162842,4.999999873689376e-05,88430.34375,-0.04196673631668091,88430.3515625,0.6010594964027405,0.012450302951037884,1.790533185005188,0.0
2198.4732540873924,-374.75590269372566,1221.122380014869,100.0,56,5600,False,3539200,35392,632,73b03aedc11d4733ad70480dfb5e4900,2020-03-24_08-59-28,1585040368,10.761378288269043,6665.609815597534,2887,eclipse,137.195.211.213,6665.609815597534,3539200,632,28,28696714,0.01,0.0,1.0,11.842222938725518,0.9887443321322955,1.4632478902779917,3478528,3539200,3304.204,6.704,7249.041,17.929,1.5187499523162842,4.999999873689376e-05,60768.65625,-0.03506988659501076,60768.67578125,0.7271820306777954,0.010049888864159584,1.8923074007034302,0.0
2184.298784984427,-57.967291153994466,1068.4983678401768,100.0,56,5600,False,3544800,35448,633,73b03aedc11d4733ad70480dfb5e4900,2020-03-24_08-59-39,1585040379,10.562229633331299,6676.1720452308655,2887,eclipse,137.195.211.213,6676.1720452308655,3544800,633,28,28696714,0.0,0.0,0.0,11.843108382478405,0.988752033299871,1.4632408227315614,3484032,3544800,3295.194,6.838,7252.91,18.372,1.5187499523162842,4.999999873689376e-05,54428.84765625,-0.04060183838009834,54428.87109375,0.7729249000549316,0.0114055210724473,2.013545036315918,0.0
2184.298784984427,-57.967291153994466,944.4849627068933,100.0,56,5600,False,3550400,35504,634,73b03aedc11d4733ad70480dfb5e4900,2020-03-24_08-59-49,1585040389,10.61420202255249,6686.786247253418,2887,eclipse,137.195.211.213,6686.786247253418,3550400,634,28,28696714,0.0,0.0,0.0,11.843556841406487,0.9887558319965842,1.4632400978848563,3489536,3550400,3289.185,6.731,7254.011,18.078,1.5187499523162842,4.999999873689376e-05,60219.08203125,-0.03494604304432869,60219.109375,0.7209828495979309,0.01137380488216877,2.0587027072906494,0.0
2205.5568404369114,-59.892928954889406,1091.1601170661609,100.0,56,5600,False,3556000,35560,635,73b03aedc11d4733ad70480dfb5e4900,2020-03-24_09-00-00,1585040400,10.701521158218384,6697.487768411636,2887,eclipse,137.195.211.213,6697.487768411636,3556000,635,28,28696714,0.0,0.0,0.0,11.844359390601808,0.988743167190261,1.4632308166009136,3495040,3556000,3286.696,6.925,7259.113,18.152,1.5187499523162842,4.999999873689376e-05,64176.796875,-0.03902402147650719,64176.82421875,0.7236250042915344,0.010500799864530563,2.1891369819641113,0.0
2205.5568404369114,-64.5287269727262,1168.8646809080487,100.0,56,5600,False,3561600,35616,636,73b03aedc11d4733ad70480dfb5e4900,2020-03-24_09-00-10,1585040410,10.210803031921387,6707.698571443558,2887,eclipse,137.195.211.213,6707.698571443558,3561600,636,28,28696714,0.0,0.0,0.0,11.845462172820012,0.9887374732404999,1.4632329581662273,3500544,3561600,3276.15,6.665,7228.772,17.937,1.5187499523162842,4.999999873689376e-05,63632.40625,-0.04122410714626312,63632.42578125,0.7198476791381836,0.0127419950440526,1.9193508625030518,0.0
2083.759074168205,-54.92661448054433,1091.102696094747,100.0,56,5600,False,3567200,35672,637,73b03aedc11d4733ad70480dfb5e4900,2020-03-24_09-00-21,1585040421,10.581948518753052,6718.280519962311,2887,eclipse,137.195.211.213,6718.280519962311,3567200,637,28,28696714,0.0,0.0,0.0,11.846513069884246,0.9887564428955921,1.4632806817045014,3506048,3567200,3291.739,6.887,7211.618,17.636,1.5187499523162842,4.999999873689376e-05,55324.94921875,-0.039420317858457565,55324.96484375,0.7621701955795288,0.010655715130269527,2.0344700813293457,0.0
2174.889778942846,-306.893194414,999.1256764078313,100.0,56,5600,False,3572800,35728,638,73b03aedc11d4733ad70480dfb5e4900,2020-03-24_09-00-32,1585040432,10.854537725448608,6729.135057687759,2887,eclipse,137.195.211.213,6729.135057687759,3572800,638,28,28696714,0.0,0.0,0.0,11.847561244977415,0.9887737567023429,1.463368388581628,3511552,3572800,3293.949,6.64,7221.795,17.461,1.5187499523162842,4.999999873689376e-05,82606.46875,-0.039072491228580475,82606.4921875,0.6011928915977478,0.010838777758181095,2.0860564708709717,0.0
2174.889778942846,-306.893194414,1187.402860461431,100.0,56,5600,False,3578400,35784,639,73b03aedc11d4733ad70480dfb5e4900,2020-03-24_09-00-42,1585040442,10.58648943901062,6739.72154712677,2887,eclipse,137.195.211.213,6739.72154712677,3578400,639,28,28696714,0.0,0.0,0.0,11.84892486257328,0.9887736348452825,1.4634049768711173,3517056,3578400,3289.916,7.557,7229.606,17.447,1.5187499523162842,4.999999873689376e-05,53261.00390625,-0.041582442820072174,53261.02734375,0.7474631667137146,0.01258573867380619,1.9353625774383545,0.0
2348.454145830349,-165.83840678004034,1247.0655426732137,100.0,56,5600,False,3584000,35840,640,73b03aedc11d4733ad70480dfb5e4900,2020-03-24_09-00-53,1585040453,10.70123839378357,6750.422785520554,2887,eclipse,137.195.211.213,6750.422785520554,3584000,640,28,28696714,0.0,0.0,0.0,11.850124622543586,0.988761165415493,1.4633894754270347,3522560,3584000,3291.669,7.558,7232.793,18.497,1.5187499523162842,4.999999873689376e-05,62460.890625,-0.043694622814655304,62460.91796875,0.7118702530860901,0.010701610706746578,1.7701271772384644,0.0
2348.454145830349,-222.80607826536462,1089.248718885684,100.0,56,5600,False,3589600,35896,641,73b03aedc11d4733ad70480dfb5e4900,2020-03-24_09-01-04,1585040464,10.754106998443604,6761.176892518997,2887,eclipse,137.195.211.213,6761.176892518997,3589600,641,28,28696714,0.0,0.0,0.0,11.851158496988004,0.9887399543115876,1.4634136613648272,3528064,3589600,3291.885,7.432,7239.999,17.676,1.5187499523162842,4.999999873689376e-05,81859.1015625,-0.0398201085627079,81859.109375,0.6072719693183899,0.011447764001786709,1.957241177558899,0.0
2321.690700867288,-440.40963660561926,1036.5481085232648,100.0,56,5600,False,3595200,35952,642,73b03aedc11d4733ad70480dfb5e4900,2020-03-24_09-01-15,1585040475,10.680171966552734,6771.85706448555,2887,eclipse,137.195.211.213,6771.85706448555,3595200,642,28,28696714,0.0,0.0,0.0,11.8521414743181,0.9887182259196373,1.4634336021050904,3533568,3595200,3287.037,7.324,7239.509,17.691,1.5187499523162842,4.999999873689376e-05,53484.5625,-0.04260091856122017,53484.5859375,0.7626568078994751,0.013494026847183704,2.2489817142486572,0.0
2603.0201706705334,-440.40963660561926,1054.3220453957572,100.0,56,5600,False,3600800,36008,643,73b03aedc11d4733ad70480dfb5e4900,2020-03-24_09-01-25,1585040485,10.604552745819092,6782.461617231369,2887,eclipse,137.195.211.213,6782.461617231369,3600800,643,28,28696714,0.0,0.0,0.0,11.852996142063033,0.9886832585203865,1.46341555943049,3539072,3600800,3287.408,7.135,7243.897,17.896,1.5187499523162842,4.999999873689376e-05,84444.5078125,-0.03821059316396713,84444.5234375,0.548084020614624,0.011915969662368298,1.8220003843307495,0.0
2295.40417307988,-498.0147429019114,1121.9553528784666,100.0,56,5600,False,3606400,36064,644,73b03aedc11d4733ad70480dfb5e4900,2020-03-24_09-01-36,1585040496,10.697195768356323,6793.158812999725,2887,eclipse,137.195.211.213,6793.158812999725,3606400,644,28,28696714,0.0,0.0,0.0,11.853975248276111,0.9886620453051799,1.4633921582824718,3544576,3606400,3292.575,7.332,7249.416,17.703,1.5187499523162842,4.999999873689376e-05,59023.25,-0.03873567283153534,59023.2734375,0.7545996308326721,0.011833111755549908,2.052258253097534,0.0
2086.884066112374,-498.0147429019114,1085.8044853514493,100.0,56,5600,False,3612000,36120,645,73b03aedc11d4733ad70480dfb5e4900,2020-03-24_09-01-47,1585040507,10.626635074615479,6803.785448074341,2887,eclipse,137.195.211.213,6803.785448074341,3612000,645,28,28696714,0.0,0.0,0.0,11.854833067953862,0.988658473352553,1.4633613727653454,3550080,3612000,3293.186,7.234,7244.746,17.583,1.5187499523162842,4.999999873689376e-05,60475.53515625,-0.03746941685676575,60475.546875,0.7345765829086304,0.011446639895439148,1.991161584854126,0.0
2309.377660646881,-370.9421366415344,1134.8573101008662,100.0,56,5600,False,3617600,36176,646,73b03aedc11d4733ad70480dfb5e4900,2020-03-24_09-01-57,1585040517,10.679665565490723,6814.4651136398315,2887,eclipse,137.195.211.213,6814.4651136398315,3617600,646,28,28696714,0.02,0.0,1.0,11.855805577277765,0.9886568273445363,1.4633442167330293,3555584,3617600,3312.796,7.282,7273.412,17.677,1.5187499523162842,4.999999873689376e-05,58669.40625,-0.04324750974774361,58669.4296875,0.7327502369880676,0.010903104208409786,1.922033667564392,0.0
2309.377660646881,-63.27473771523365,1130.9197712578325,100.0,56,5600,False,3623200,36232,647,73b03aedc11d4733ad70480dfb5e4900,2020-03-24_09-02-08,1585040528,10.610483884811401,6825.075597524643,2887,eclipse,137.195.211.213,6825.075597524643,3623200,647,28,28696714,0.02,0.0,1.0,11.856850772581135,0.9886477274173261,1.463314293141934,3561088,3623200,3298.454,7.124,7289.191,18.417,1.5187499523162842,4.999999873689376e-05,67940.8828125,-0.040365833789110184,67940.9140625,0.6353859305381775,0.013592815957963467,1.8524327278137207,0.0
2224.09334455496,-64.65088864073451,1116.9481262486684,100.0,56,5600,False,3628800,36288,648,73b03aedc11d4733ad70480dfb5e4900,2020-03-24_09-02-19,1585040539,10.665043354034424,6835.740640878677,2887,eclipse,137.195.211.213,6835.740640878677,3628800,648,28,28696714,0.0,0.0,0.0,11.858011809336176,0.9886416451997847,1.4633004475918938,3566592,3628800,3297.109,7.123,7274.193,18.538,1.5187499523162842,4.999999873689376e-05,66710.6796875,-0.0401359423995018,66710.7109375,0.6756226420402527,0.013207648880779743,1.8611191511154175,0.0
2269.7154750982054,-64.65088864073451,1141.3582659350143,100.0,56,5600,False,3634400,36344,649,73b03aedc11d4733ad70480dfb5e4900,2020-03-24_09-02-29,1585040549,10.607617378234863,6846.348258256912,2887,eclipse,137.195.211.213,6846.348258256912,3634400,649,28,28696714,0.0,0.0,0.0,11.8591202471481,0.9886498357882074,1.4632845089808861,3572096,3634400,3302.114,6.518,7271.584,18.21,1.5187499523162842,4.999999873689376e-05,67387.953125,-0.03659893944859505,67387.9765625,0.6758642196655273,0.012326150201261044,1.9397001266479492,0.0
2353.928556949595,-67.13315275085844,1134.2967340606292,100.0,56,5600,False,3640000,36400,650,73b03aedc11d4733ad70480dfb5e4900,2020-03-24_09-02-40,1585040560,10.653378248214722,6857.001636505127,2887,eclipse,137.195.211.213,6857.001636505127,3640000,650,28,28696714,0.0,0.0,0.0,11.860050751964275,0.9886359330409737,1.4632565699981523,3577600,3640000,3298.557,6.541,7271.447,17.525,1.5187499523162842,4.999999873689376e-05,48419.765625,-0.03610691428184509,48419.78515625,0.7720402479171753,0.012072228826582432,1.9675312042236328,0.0
2353.928556949595,-499.2516242250353,1078.4695817543861,100.0,56,5600,False,3645600,36456,651,73b03aedc11d4733ad70480dfb5e4900,2020-03-24_09-02-51,1585040571,10.654695987701416,6867.656332492828,2887,eclipse,137.195.211.213,6867.656332492828,3645600,651,28,28696714,0.0,0.0,0.0,11.86102259408441,0.9886280546155392,1.4632471251197299,3583104,3645600,3297.026,6.541,7265.576,17.217,1.5187499523162842,4.999999873689376e-05,73713.0078125,-0.035801295191049576,73713.0234375,0.6272343993186951,0.011969250626862049,1.739180088043213,0.0
2137.465925979553,-499.2516242250353,1114.5142457021,100.0,56,5600,False,3651200,36512,652,73b03aedc11d4733ad70480dfb5e4900,2020-03-24_09-03-01,1585040581,10.641769886016846,6878.298102378845,2887,eclipse,137.195.211.213,6878.298102378845,3651200,652,28,28696714,0.02,0.0,1.0,11.862048426720083,0.9886208582233956,1.4632389005833841,3588608,3651200,3296.835,6.534,7260.812,17.723,1.5187499523162842,4.999999873689376e-05,73483.5546875,-0.03649188578128815,73483.5703125,0.665687084197998,0.014181176200509071,1.8804200887680054,0.0
2231.3422907101167,-560.7582104401216,1101.568644106722,100.0,56,5600,False,3656800,36568,653,73b03aedc11d4733ad70480dfb5e4900,2020-03-24_09-03-12,1585040592,10.53576922416687,6888.833871603012,2887,eclipse,137.195.211.213,6888.833871603012,3656800,653,28,28696714,0.0,0.0,0.0,11.862796284751449,0.9886070019092926,1.4632087337229347,3594112,3656800,3295.082,6.482,7255.311,18.028,1.5187499523162842,4.999999873689376e-05,66541.2734375,-0.030229615047574043,66541.28125,0.6997951865196228,0.01139004249125719,1.975738525390625,0.0
2231.3422907101167,-57.20309364358349,1121.2346003577652,100.0,56,5600,False,3662400,36624,654,73b03aedc11d4733ad70480dfb5e4900,2020-03-24_09-03-23,1585040603,10.753259897232056,6899.587131500244,2887,eclipse,137.195.211.213,6899.587131500244,3662400,654,28,28696714,0.0,0.0,0.0,11.863772204750862,0.9885925504817555,1.463202978262841,3599616,3662400,3299.996,6.638,7254.537,18.077,1.5187499523162842,4.999999873689376e-05,64512.9140625,-0.03492157533764839,64512.92578125,0.6802321672439575,0.011745722964406013,1.907697081565857,0.0
2121.6839563979956,-57.86100672997201,1140.9115726630653,100.0,56,5600,False,3668000,36680,655,73b03aedc11d4733ad70480dfb5e4900,2020-03-24_09-03-34,1585040614,10.715524673461914,6910.302656173706,2887,eclipse,137.195.211.213,6910.302656173706,3668000,655,28,28696714,0.0,0.0,0.0,11.864890267266514,0.9885916137757401,1.4631870784136316,3605120,3668000,3304.276,6.778,7255.718,18.624,1.5187499523162842,4.999999873689376e-05,55146.796875,-0.03674594312906265,55146.8125,0.7279728055000305,0.01156615000218153,1.9237110614776611,0.0
2280.744616653317,-63.71239337366212,1194.6860437966839,100.0,56,5600,False,3673600,36736,656,73b03aedc11d4733ad70480dfb5e4900,2020-03-24_09-03-44,1585040624,10.605101346969604,6920.907757520676,2887,eclipse,137.195.211.213,6920.907757520676,3673600,656,28,28696714,0.0,0.0,0.0,11.86612848301856,0.9886023716248803,1.4631808964947952,3610624,3673600,3298.569,6.631,7253.305,18.136,1.5187499523162842,4.999999873689376e-05,48715.578125,-0.03771302476525307,48715.59765625,0.7460517287254333,0.013589958660304546,1.9102357625961304,0.0
2280.744616653317,-66.6951816657897,1145.31263892057,100.0,56,5600,False,3679200,36792,657,73b03aedc11d4733ad70480dfb5e4900,2020-03-24_09-03-55,1585040635,10.645448446273804,6931.5532059669495,2887,eclipse,137.195.211.213,6931.5532059669495,3679200,657,28,28696714,0.0,0.0,0.0,11.867051116668081,0.9886055067590729,1.4631559063320814,3616128,3679200,3298.7,6.695,7258.259,18.291,1.5187499523162842,4.999999873689376e-05,56215.9375,-0.04363349825143814,56215.9609375,0.7521429657936096,0.011581329628825188,2.0375444889068604,0.0
2216.8781154021062,-241.62456237581088,1128.145419588321,100.0,56,5600,False,3684800,36848,658,73b03aedc11d4733ad70480dfb5e4900,2020-03-24_09-04-06,1585040646,10.553219318389893,6942.106425285339,2887,eclipse,137.195.211.213,6942.106425285339,3684800,658,28,28696714,0.0,0.0,0.0,11.867841876275124,0.9886167424092401,1.4631465473722474,3621632,3684800,3289.28,6.695,7255.557,18.619,1.5187499523162842,4.999999873689376e-05,68012.46875,-0.03617651015520096,68012.4921875,0.68673175573349,0.011065336875617504,1.8326889276504517,0.0
2214.7788971769496,-241.62456237581088,1246.8893675063498,100.0,56,5600,False,3690400,36904,659,73b03aedc11d4733ad70480dfb5e4900,2020-03-24_09-04-16,1585040656,10.597107410430908,6952.70353269577,2887,eclipse,137.195.211.213,6952.70353269577,3690400,659,28,28696714,0.0,0.0,0.0,11.869063533635876,0.9886312705926553,1.4631455366777546,3627136,3690400,3298.842,6.82,7245.319,18.808,1.5187499523162842,4.999999873689376e-05,47500.77734375,-0.03562725707888603,47500.7890625,0.7843008041381836,0.012191792950034142,2.0426440238952637,0.0
2213.235825378753,-59.780589876096144,1136.1988918235586,100.0,56,5600,False,3696000,36960,660,73b03aedc11d4733ad70480dfb5e4900,2020-03-24_09-04-27,1585040667,10.679596900939941,6963.38312959671,2887,eclipse,137.195.211.213,6963.38312959671,3696000,660,28,28696714,0.0,0.0,0.0,11.87004342652272,0.9886375440351864,1.4631299922361563,3632640,3696000,3296.256,6.701,7249.35,19.042,1.5187499523162842,4.999999873689376e-05,99131.046875,-0.044380057603120804,99131.0703125,0.4708975851535797,0.012855109758675098,1.5980348587036133,0.0
2213.235825378753,-56.39596227516814,1082.069225269211,100.0,56,5600,False,3701600,37016,661,73b03aedc11d4733ad70480dfb5e4900,2020-03-24_09-04-38,1585040678,10.774708271026611,6974.157837867737,2887,eclipse,137.195.211.213,6974.157837867737,3701600,661,28,28696714,0.01,0.0,1.0,11.87078364842256,0.9886476778330681,1.4631293390033389,3638144,3701600,3299.65,6.824,7256.173,19.394,1.5187499523162842,4.999999873689376e-05,70781.3046875,-0.03841008245944977,70781.3203125,0.692844808101654,0.010293151251971722,1.6790223121643066,0.0
2237.282428263969,-62.06005072935137,948.4951774808194,100.0,56,5600,False,3707200,37072,662,73b03aedc11d4733ad70480dfb5e4900,2020-03-24_09-04-48,1585040688,10.64508581161499,6984.802923679352,2887,eclipse,137.195.211.213,6984.802923679352,3707200,662,28,28696714,0.01,0.0,1.0,11.871371840930019,0.9886459966276355,1.4631108060403284,3643648,3707200,3295.907,6.766,7260.615,18.958,1.5187499523162842,4.999999873689376e-05,69392.4453125,-0.04324120283126831,69392.46875,0.6076926589012146,0.012021997943520546,2.0214974880218506,0.0
2237.282428263969,-135.1190398107671,1014.5740195495813,100.0,56,5600,False,3712800,37128,663,73b03aedc11d4733ad70480dfb5e4900,2020-03-24_09-04-59,1585040699,10.635159015655518,6995.438082695007,2887,eclipse,137.195.211.213,6995.438082695007,3712800,663,28,28696714,0.0,0.0,0.0,11.87203713465236,0.9886402517269911,1.4630691060299101,3649152,3712800,3304.189,6.94,7261.714,18.895,1.5187499523162842,4.999999873689376e-05,73880.796875,-0.038962315768003464,73880.8203125,0.6585893630981445,0.011651388369500637,1.6839349269866943,0.0
2157.590700605311,-135.1190398107671,1086.952125293587,100.0,56,5600,False,3718400,37184,664,73b03aedc11d4733ad70480dfb5e4900,2020-03-24_09-05-10,1585040710,10.351263761520386,7005.789346456528,2887,eclipse,137.195.211.213,7005.789346456528,3718400,664,28,28696714,0.0,0.0,0.0,11.872852024053099,0.9886340301833534,1.463031938310757,3654656,3718400,3293.331,6.815,7233.844,19.461,1.5187499523162842,4.999999873689376e-05,60149.1640625,-0.04467760771512985,60149.1875,0.7244114279747009,0.011573201976716518,1.9643237590789795,0.0
2285.4746212353034,-63.83972228973288,1161.4948296008472,100.0,56,5600,False,3724000,37240,665,73b03aedc11d4733ad70480dfb5e4900,2020-03-24_09-05-20,1585040720,10.540138483047485,7016.329484939575,2887,eclipse,137.195.211.213,7016.329484939575,3724000,665,28,28696714,0.0,0.0,0.0,11.873982190329544,0.988649086095862,1.4630610648697364,3660160,3724000,3294.789,6.786,7215.921,19.163,1.5187499523162842,4.999999873689376e-05,65102.8125,-0.03638100624084473,65102.83203125,0.7057470083236694,0.011794127523899078,1.7575730085372925,0.0
2285.4746212353034,-529.8287089191413,1237.9951501048586,100.0,56,5600,False,3729600,37296,666,73b03aedc11d4733ad70480dfb5e4900,2020-03-24_09-05-31,1585040731,10.759284973144531,7027.08876991272,2887,eclipse,137.195.211.213,7027.08876991272,3729600,666,28,28696714,0.0,0.0,0.0,11.875555095043197,0.9886570923319546,1.463152225087181,3665664,3729600,3298.609,6.563,7227.23,19.536,1.5187499523162842,4.999999873689376e-05,59895.62890625,-0.03838526830077171,59895.64453125,0.7414671182632446,0.012380421161651611,1.9792741537094116,0.0
2251.3138985758073,-529.8287089191413,1157.2235237661869,100.0,56,5600,False,3735200,37352,667,73b03aedc11d4733ad70480dfb5e4900,2020-03-24_09-05-42,1585040742,10.60900592803955,7037.697775840759,2887,eclipse,137.195.211.213,7037.697775840759,3735200,667,28,28696714,0.0,0.0,0.0,11.876811603475321,0.988652903849267,1.4631947914805872,3671168,3735200,3296.248,6.55,7224.761,19.769,1.5187499523162842,4.999999873689376e-05,63671.24609375,-0.03970332816243172,63671.265625,0.695175051689148,0.011075622402131557,1.7834196090698242,0.0
2251.3138985758073,-254.78221087323826,1120.5719006527574,100.0,56,5600,False,3740800,37408,668,73b03aedc11d4733ad70480dfb5e4900,2020-03-24_09-05-52,1585040752,10.6330246925354,7048.330800533295,2887,eclipse,137.195.211.213,7048.330800533295,3740800,668,28,28696714,0.0,0.0,0.0,11.877712240542607,0.9886411925826567,1.4631966609120521,3676672,3740800,3293.679,6.578,7232.965,19.647,1.5187499523162842,4.999999873689376e-05,70807.1484375,-0.04099996015429497,70807.1875,0.6642129421234131,0.011705218814313412,1.867926001548767,0.0
2122.6403836697204,-431.7933562475138,1046.9265626276292,100.0,56,5600,False,3746400,37464,669,73b03aedc11d4733ad70480dfb5e4900,2020-03-24_09-06-03,1585040763,10.665360450744629,7058.996160984039,2887,eclipse,137.195.211.213,7058.996160984039,3746400,669,28,28696714,0.0,0.0,0.0,11.87847701369387,0.9886396777722021,1.4631833468626487,3682176,3746400,3287.748,6.613,7247.423,19.112,1.5187499523162842,4.999999873689376e-05,57257.515625,-0.04176963120698929,57257.53515625,0.7542285323143005,0.011042981408536434,2.130084753036499,0.0
2180.448271331196,-431.7933562475138,1066.5057184440122,100.0,56,5600,False,3752000,37520,670,73b03aedc11d4733ad70480dfb5e4900,2020-03-24_09-06-14,1585040774,10.69630217552185,7069.692463159561,2887,eclipse,137.195.211.213,7069.692463159561,3752000,670,28,28696714,0.0,0.0,0.0,11.879195384738345,0.9886454179831645,1.4631610969500877,3687680,3752000,3291.261,7.072,7244.52,19.146,1.5187499523162842,4.999999873689376e-05,91567.9765625,-0.041730232536792755,91568.0,0.574196994304657,0.013012108393013477,1.813836932182312,0.0
2216.1280693700523,-67.00236912048432,1238.8605684327079,100.0,56,5600,False,3757600,37576,671,73b03aedc11d4733ad70480dfb5e4900,2020-03-24_09-06-24,1585040784,10.733404874801636,7080.425868034363,2887,eclipse,137.195.211.213,7080.425868034363,3757600,671,28,28696714,0.0,0.0,0.0,11.880348650201443,0.9886278900954781,1.4631375780049414,3693184,3757600,3294.198,6.959,7238.0,19.412,1.5187499523162842,4.999999873689376e-05,75670.578125,-0.03803228214383125,75670.6015625,0.6325560808181763,0.012128961272537708,1.731241226196289,0.0
2384.6430392315774,-255.51287606078714,1170.767940177162,100.0,56,5600,False,3763200,37632,672,73b03aedc11d4733ad70480dfb5e4900,2020-03-24_09-06-35,1585040795,10.686616897583008,7091.112484931946,2887,eclipse,137.195.211.213,7091.112484931946,3763200,672,28,28696714,0.02,0.0,1.0,11.88131880233952,0.9886126390278569,1.4631042642730563,3698688,3763200,3300.164,6.941,7235.007,20.157,1.5187499523162842,4.999999873689376e-05,67896.46875,-0.044498201459646225,67896.484375,0.70598304271698,0.013944419100880623,1.8079009056091309,0.0
2384.6430392315774,-255.51287606078714,1154.3066712352538,100.0,56,5600,False,3768800,37688,673,73b03aedc11d4733ad70480dfb5e4900,2020-03-24_09-06-46,1585040806,10.705910682678223,7101.818395614624,2887,eclipse,137.195.211.213,7101.818395614624,3768800,673,28,28696714,0.02,0.0,1.0,11.882265672354938,0.9885918758695814,1.46307406054017,3704192,3768800,3303.166,6.923,7239.447,20.255,1.5187499523162842,4.999999873689376e-05,59339.9765625,-0.04326565936207771,59340.0,0.7476451992988586,0.012066137045621872,1.860318899154663,0.0
2204.735589026957,-557.4079474451537,1145.6576438522295,100.0,56,5600,False,3774400,37744,674,73b03aedc11d4733ad70480dfb5e4900,2020-03-24_09-06-57,1585040817,10.673246145248413,7112.491641759872,2887,eclipse,137.195.211.213,7112.491641759872,3774400,674,28,28696714,0.0,0.0,0.0,11.883301460396197,0.988558830245414,1.4630426669704832,3709696,3774400,3306.275,6.844,7268.495,19.779,1.5187499523162842,4.999999873689376e-05,68663.7734375,-0.04186246916651726,68663.7890625,0.6880598068237305,0.01140296645462513,2.0969297885894775,0.0
2559.351179359176,-557.4079474451537,1139.1437388381416,100.0,56,5600,False,3780000,37800,675,73b03aedc11d4733ad70480dfb5e4900,2020-03-24_09-07-07,1585040827,10.661850690841675,7123.153492450714,2887,eclipse,137.195.211.213,7123.153492450714,3780000,675,28,28696714,0.01,0.0,1.0,11.884301945860592,0.9885507965021573,1.463027387114804,3715200,3780000,3297.63,6.683,7289.279,19.625,1.5187499523162842,4.999999873689376e-05,89009.9453125,-0.0412086546421051,89009.96875,0.5987730026245117,0.013116839341819286,1.8960931301116943,0.0
2559.351179359176,-63.991371437252944,1096.6688374746075,100.0,56,5600,False,3785600,37856,676,73b03aedc11d4733ad70480dfb5e4900,2020-03-24_09-07-18,1585040838,10.399125099182129,7133.552617549896,2887,eclipse,137.195.211.213,7133.552617549896,3785600,676,28,28696714,0.01,0.0,1.0,11.885078828448197,0.9885554817224278,1.4630127448100996,3720704,3785600,3286.614,7.097,7264.041,19.735,1.5187499523162842,4.999999873689376e-05,62595.7109375,-0.03982744365930557,62595.7265625,0.7204427719116211,0.012246263213455677,1.8057105541229248,0.0
2255.176615062696,-114.4157361734799,1060.6784110678868,100.0,56,5600,False,3791200,37912,677,73b03aedc11d4733ad70480dfb5e4900,2020-03-24_09-07-28,1585040848,10.330705881118774,7143.883323431015,2887,eclipse,137.195.211.213,7143.883323431015,3791200,677,28,28696714,0.0,0.0,0.0,11.885753706032482,0.9885552667704589,1.4629729760167396,3726208,3791200,3287.929,6.987,7236.765,19.323,1.5187499523162842,4.999999873689376e-05,84702.59375,-0.03299344331026077,84702.6015625,0.6055722236633301,0.014706507325172424,1.5433992147445679,0.0
2255.176615062696,-114.4157361734799,1202.8833946582436,100.0,56,5600,False,3796800,37968,678,73b03aedc11d4733ad70480dfb5e4900,2020-03-24_09-07-39,1585040859,10.601623296737671,7154.484946727753,2887,eclipse,137.195.211.213,7154.484946727753,3796800,678,28,28696714,0.0,0.0,0.0,11.88677492668309,0.9885437894232544,1.4629538762088652,3731712,3796800,3291.997,7.059,7233.114,19.063,1.5187499523162842,4.999999873689376e-05,52771.50390625,-0.043799709528684616,52771.52734375,0.7771770358085632,0.010491522029042244,1.8298717737197876,0.0
2268.464609180913,-205.59970227745106,1295.3566162920872,100.0,56,5600,False,3802400,38024,679,73b03aedc11d4733ad70480dfb5e4900,2020-03-24_09-07-50,1585040870,10.719160318374634,7165.204107046127,2887,eclipse,137.195.211.213,7165.204107046127,3802400,679,28,28696714,0.0,0.0,0.0,11.88796313107216,0.9885410987720112,1.4629398245446463,3737216,3802400,3295.244,6.886,7233.374,18.78,1.5187499523162842,4.999999873689376e-05,58277.12109375,-0.03854386508464813,58277.15234375,0.7289138436317444,0.010508808307349682,1.9585191011428833,0.0
2271.2950333309077,-205.59970227745106,1226.8998286043734,100.0,56,5600,False,3808000,38080,680,73b03aedc11d4733ad70480dfb5e4900,2020-03-24_09-08-00,1585040880,10.735705375671387,7175.939812421799,2887,eclipse,137.195.211.213,7175.939812421799,3808000,680,28,28696714,0.0,0.0,0.0,11.889066593000752,0.9885648969320389,1.4629284809755163,3742720,3808000,3298.159,6.651,7234.435,18.842,1.5187499523162842,4.999999873689376e-05,67093.296875,-0.038931116461753845,67093.3125,0.7103203535079956,0.012320991605520248,1.7804707288742065,0.0
2272.638910326626,-413.32334614344876,1144.1426537429872,100.0,56,5600,False,3813600,38136,681,73b03aedc11d4733ad70480dfb5e4900,2020-03-24_09-08-11,1585040891,10.56543779373169,7186.50525021553,2887,eclipse,137.195.211.213,7186.50525021553,3813600,681,28,28696714,0.0,0.0,0.0,11.889946603037847,0.9885776111461433,1.4629211578573507,3748224,3813600,3285.583,6.844,7230.4,18.897,1.5187499523162842,4.999999873689376e-05,73468.203125,-0.037193987518548965,73468.2109375,0.6811338663101196,0.014940690249204636,2.021972417831421,0.0
2279.0246921725484,-499.2861928040633,1130.5200012060322,100.0,56,5600,False,3819200,38192,682,73b03aedc11d4733ad70480dfb5e4900,2020-03-24_09-08-22,1585040902,10.682106494903564,7197.187356710434,2887,eclipse,137.195.211.213,7197.187356710434,3819200,682,28,28696714,0.0,0.0,0.0,11.890821718463508,0.9885647883725384,1.4629002703016474,3753728,3819200,3285.837,6.685,7230.17,18.302,1.5187499523162842,4.999999873689376e-05,70657.453125,-0.04497698321938515,70657.46875,0.7221018075942993,0.012466439045965672,1.957382321357727,0.0
2279.0246921725484,-499.2861928040633,1149.5379113202964,100.0,56,5600,False,3824800,38248,683,73b03aedc11d4733ad70480dfb5e4900,2020-03-24_09-08-32,1585040912,10.705982685089111,7207.893339395523,2887,eclipse,137.195.211.213,7207.893339395523,3824800,683,28,28696714,0.0,0.0,0.0,11.891624356671143,0.9885509180972764,1.4628688904633114,3759232,3824800,3287.868,6.734,7227.848,18.059,1.5187499523162842,4.999999873689376e-05,77632.2890625,-0.03769778087735176,77632.3203125,0.6883206963539124,0.010758266784250736,1.8262073993682861,0.0
2284.221942847859,-355.20942254481554,1145.260397049306,100.0,56,5600,False,3830400,38304,684,73b03aedc11d4733ad70480dfb5e4900,2020-03-24_09-08-43,1585040923,10.714634418487549,7218.607973814011,2887,eclipse,137.195.211.213,7218.607973814011,3830400,684,28,28696714,0.0,0.0,0.0,11.892415716071136,0.9885479983586527,1.462851919157779,3764736,3830400,3284.823,6.527,7234.029,18.239,1.5187499523162842,4.999999873689376e-05,65105.2734375,-0.04013686627149582,65105.296875,0.6597647070884705,0.012686037458479404,1.5695420503616333,0.0
2284.221942847859,-159.4607987216638,1215.0371745177456,100.0,56,5600,False,3836000,38360,685,73b03aedc11d4733ad70480dfb5e4900,2020-03-24_09-08-54,1585040934,10.762333631515503,7229.370307445526,2887,eclipse,137.195.211.213,7229.370307445526,3836000,685,28,28696714,0.0,0.0,0.0,11.893463513530921,0.9885566483131946,1.462840311832183,3770240,3836000,3296.115,6.634,7234.657,17.699,1.5187499523162842,4.999999873689376e-05,78559.5703125,-0.04172244295477867,78559.6015625,0.6564927697181702,0.010626385919749737,1.7627261877059937,0.0
2348.084396104882,-57.196935200889484,1279.5656106899019,100.0,56,5600,False,3841600,38416,686,73b03aedc11d4733ad70480dfb5e4900,2020-03-24_09-09-05,1585040945,10.56786847114563,7239.938175916672,2887,eclipse,137.195.211.213,7239.938175916672,3841600,686,28,28696714,0.01,0.0,1.0,11.89460190423481,0.988571415815468,1.4628099332976217,3775744,3841600,3294.737,6.468,7251.966,17.72,1.5187499523162842,4.999999873689376e-05,67571.2421875,-0.04216539114713669,67571.265625,0.7047877311706543,0.012719003483653069,1.6754696369171143,0.0
2348.084396104882,-53.303485806026245,1345.1718856689633,100.0,56,5600,False,3847200,38472,687,73b03aedc11d4733ad70480dfb5e4900,2020-03-24_09-09-15,1585040955,10.72934627532959,7250.667522192001,2887,eclipse,137.195.211.213,7250.667522192001,3847200,687,28,28696714,0.02,0.0,1.0,11.896000104502436,0.9885783311104607,1.4627718506817693,3781248,3847200,3301.283,6.716,7283.139,18.046,1.5187499523162842,4.999999873689376e-05,63775.2890625,-0.044966619461774826,63775.3125,0.6919053196907043,0.012599295936524868,1.6705561876296997,0.0
2278.741910064952,-36.025935448203356,1283.2020379925111,100.0,56,5600,False,3852800,38528,688,73b03aedc11d4733ad70480dfb5e4900,2020-03-24_09-09-26,1585040966,10.659196376800537,7261.326718568802,2887,eclipse,137.195.211.213,7261.326718568802,3852800,688,28,28696714,0.01,0.0,1.0,11.897442724818015,0.9885556404999474,1.462773731827168,3786752,3852800,3306.031,6.667,7281.57,18.437,1.5187499523162842,4.999999873689376e-05,62854.37890625,-0.045403361320495605,62854.40625,0.6698935031890869,0.010941293090581894,1.6369680166244507,0.0
2340.573288416761,-62.46682160811277,1208.8334796176648,100.0,56,5600,False,3858400,38584,689,73b03aedc11d4733ad70480dfb5e4900,2020-03-24_09-09-37,1585040977,10.72685170173645,7272.053570270538,2887,eclipse,137.195.211.213,7272.053570270538,3858400,689,28,28696714,0.0,0.0,0.0,11.898604067230785,0.9885371598134215,1.4627720756352443,3792256,3858400,3302.96,7.059,7284.898,18.99,1.5187499523162842,4.999999873689376e-05,63779.3203125,-0.04038968309760094,63779.3359375,0.6802661418914795,0.010990122333168983,1.9399772882461548,0.0
2250.3290941708347,-60.48976368919909,1225.0877467297753,100.0,56,5600,False,3864000,38640,690,73b03aedc11d4733ad70480dfb5e4900,2020-03-24_09-09-48,1585040988,10.690783262252808,7282.744353532791,2887,eclipse,137.195.211.213,7282.744353532791,3864000,690,28,28696714,0.0,0.0,0.0,11.899518555055074,0.98854531831906,1.462740274198023,3797760,3864000,3298.404,7.025,7286.302,19.141,1.5187499523162842,4.999999873689376e-05,62924.09375,-0.03866015002131462,62924.10546875,0.74045729637146,0.012014037929475307,1.7929831743240356,0.0
2282.953702834065,-61.81396392010614,1142.5909837318382,100.0,56,5600,False,3869600,38696,691,73b03aedc11d4733ad70480dfb5e4900,2020-03-24_09-09-58,1585040998,10.542338132858276,7293.286691665649,2887,eclipse,137.195.211.213,7293.286691665649,3869600,691,28,28696714,0.01,0.0,1.0,11.900375672767904,0.9885516546896875,1.4627235088449118,3803264,3869600,3304.879,6.701,7276.878,19.637,1.5187499523162842,4.999999873689376e-05,52572.6796875,-0.04294084012508392,52572.69921875,0.7345467209815979,0.011903238482773304,1.7040749788284302,0.0
2282.953702834065,-58.47401856102574,1067.5904166167677,100.0,56,5600,False,3875200,38752,692,73b03aedc11d4733ad70480dfb5e4900,2020-03-24_09-10-09,1585041009,10.490200519561768,7303.776892185211,2887,eclipse,137.195.211.213,7303.776892185211,3875200,692,28,28696714,0.01,0.0,1.0,11.901336077092001,0.9885723418236709,1.462761096662743,3808768,3875200,3318.392,6.773,7243.7,19.679,1.5187499523162842,4.999999873689376e-05,61130.64453125,-0.03329019248485565,61130.65625,0.7205038070678711,0.015557065606117249,1.7695127725601196,0.0
2259.833578455525,-544.4762550563116,1084.682076444546,100.0,56,5600,False,3880800,38808,693,73b03aedc11d4733ad70480dfb5e4900,2020-03-24_09-10-19,1585041019,10.633837223052979,7314.410729408264,2887,eclipse,137.195.211.213,7314.410729408264,3880800,693,28,28696714,0.0,0.0,0.0,11.902524032303972,0.988619110493861,1.4628432871418453,3814272,3880800,3335.737,6.733,7219.875,20.04,1.5187499523162842,4.999999873689376e-05,72171.21875,-0.04236362501978874,72171.25,0.6799432635307312,0.012284732423722744,1.6767334938049316,0.0
2224.9403181698553,-428.7076630450389,1100.4944217595344,100.0,56,5600,False,3886400,38864,694,73b03aedc11d4733ad70480dfb5e4900,2020-03-24_09-10-30,1585041030,10.496522903442383,7324.9072523117065,2887,eclipse,137.195.211.213,7324.9072523117065,3886400,694,28,28696714,0.0,0.0,0.0,11.903938938318559,0.988643674761442,1.4629454440709486,3819776,3886400,3343.545,6.703,7192.153,18.798,1.5187499523162842,4.999999873689376e-05,72152.0625,-0.0409272201359272,72152.09375,0.69526207447052,0.010754957795143127,1.9266554117202759,0.0
2224.9403181698553,-428.7076630450389,1067.6988054896738,100.0,56,5600,False,3892000,38920,695,73b03aedc11d4733ad70480dfb5e4900,2020-03-24_09-10-41,1585041041,10.682821035385132,7335.590073347092,2887,eclipse,137.195.211.213,7335.590073347092,3892000,695,28,28696714,0.0,0.0,0.0,11.905001650548638,0.9886386103754635,1.4629667228142182,3825280,3892000,3338.635,6.541,7189.052,18.602,1.5187499523162842,4.999999873689376e-05,61871.96484375,-0.03924286365509033,61871.98828125,0.7335046529769897,0.014870747923851013,1.7378960847854614,0.0
2551.7274352255536,-348.14163947347004,1194.845485674754,100.0,56,5600,False,3897600,38976,696,73b03aedc11d4733ad70480dfb5e4900,2020-03-24_09-10-51,1585041051,10.646536827087402,7346.236610174179,2887,eclipse,137.195.211.213,7346.236610174179,3897600,696,28,28696714,0.01,0.0,1.0,11.90613030568869,0.9886230971157809,1.462930461964089,3830784,3897600,3344.426,6.705,7191.38,18.442,1.5187499523162842,4.999999873689376e-05,61144.97265625,-0.03807191923260689,61144.99609375,0.7121018767356873,0.011538871563971043,1.725294828414917,0.0
2551.7274352255536,-58.866661647102035,1238.0849687192915,100.0,56,5600,False,3903200,39032,697,73b03aedc11d4733ad70480dfb5e4900,2020-03-24_09-11-02,1585041062,10.604195594787598,7356.840805768967,2887,eclipse,137.195.211.213,7356.840805768967,3903200,697,28,28696714,0.02,0.0,1.0,11.907327034463071,0.9886200736679132,1.4629044609451523,3836288,3903200,3339.668,6.501,7185.159,18.251,1.5187499523162842,4.999999873689376e-05,60219.40234375,-0.037004467099905014,60219.41796875,0.7034255862236023,0.012448301538825035,1.5408680438995361,0.0
2221.110213594346,-63.03414771529243,985.1074283850725,100.0,56,5600,False,3908800,39088,698,73b03aedc11d4733ad70480dfb5e4900,2020-03-24_09-11-13,1585041073,10.586937189102173,7367.427742958069,2887,eclipse,137.195.211.213,7367.427742958069,3908800,698,28,28696714,0.01,0.0,1.0,11.907853729996978,0.9886303059181811,1.4628983587103483,3841792,3908800,3331.271,6.441,7188.254,17.715,1.5187499523162842,4.999999873689376e-05,62320.59765625,-0.0423373244702816,62320.62890625,0.7114197611808777,0.012264913879334927,1.736892580986023,0.0
2443.3778261237126,-63.03414771529243,1039.0857739489036,100.0,56,5600,False,3914400,39144,699,73b03aedc11d4733ad70480dfb5e4900,2020-03-24_09-11-23,1585041083,10.698099851608276,7378.125842809677,2887,eclipse,137.195.211.213,7378.125842809677,3914400,699,28,28696714,0.0,0.0,0.0,11.90847753525512,0.9886272929460093,1.4628747731103147,3847296,3914400,3332.996,5.945,7184.999,17.365,1.5187499523162842,4.999999873689376e-05,64122.765625,-0.04208586737513542,64122.7890625,0.7050107717514038,0.014361988753080368,1.7180278301239014,0.0
2443.3778261237126,-60.57282672715498,1239.2484302488901,100.0,56,5600,False,3920000,39200,700,73b03aedc11d4733ad70480dfb5e4900,2020-03-24_09-11-34,1585041094,10.677374362945557,7388.803217172623,2887,eclipse,137.195.211.213,7388.803217172623,3920000,700,28,28696714,0.0,0.0,0.0,11.909565475645358,0.9886058187289503,1.4628429601840347,3852800,3920000,3335.409,5.795,7180.515,17.193,1.5187499523162842,4.999999873689376e-05,65123.05078125,-0.040367528796195984,65123.07421875,0.6772285103797913,0.01283188909292221,1.6185327768325806,0.0
2283.748337984147,-428.92374342908687,1212.5524272021546,100.0,56,5600,False,3925600,39256,701,73b03aedc11d4733ad70480dfb5e4900,2020-03-24_09-11-45,1585041105,10.79468035697937,7399.597897529602,2887,eclipse,137.195.211.213,7399.597897529602,3925600,701,28,28696714,0.0,0.0,0.0,11.910579437620745,0.9885898233310343,1.4628208400511051,3858304,3925600,3345.555,5.928,7195.263,16.537,1.5187499523162842,4.999999873689376e-05,76435.7578125,-0.037697602063417435,76435.7890625,0.6888766884803772,0.01056398544460535,1.7482714653015137,0.0
2240.782132438054,-563.7873924871833,1197.133806316089,100.0,56,5600,False,3931200,39312,702,73b03aedc11d4733ad70480dfb5e4900,2020-03-24_09-11-56,1585041116,10.597043514251709,7410.194941043854,2887,eclipse,137.195.211.213,7410.194941043854,3931200,702,28,28696714,0.0,0.0,0.0,11.911597645618325,0.9885794679982345,1.4627946286846438,3863808,3931200,3329.545,5.942,7222.582,16.665,1.5187499523162842,4.999999873689376e-05,91335.4296875,-0.040485672652721405,91335.46875,0.551276683807373,0.011561728082597256,1.612298607826233,0.0
2236.3681206336587,-563.7873924871833,1212.0894588980077,100.0,56,5600,False,3936800,39368,703,73b03aedc11d4733ad70480dfb5e4900,2020-03-24_09-12-07,1585041127,10.858389854431152,7421.053330898285,2887,eclipse,137.195.211.213,7421.053330898285,3936800,703,28,28696714,0.0,0.0,0.0,11.91323401002687,0.9886021472586612,1.4629528897667714,3869312,3936800,3337.997,6.013,7237.755,16.191,1.5187499523162842,4.999999873689376e-05,68405.6015625,-0.03159431740641594,68405.625,0.7236149907112122,0.012243074364960194,1.6099995374679565,0.0
2236.3681206336587,-335.44925957802474,1208.387105695047,100.0,56,5600,False,3942400,39424,704,73b03aedc11d4733ad70480dfb5e4900,2020-03-24_09-12-18,1585041138,11.203375816345215,7432.25670671463,2887,eclipse,137.195.211.213,7432.25670671463,3942400,704,28,28696714,0.0,0.0,0.0,11.915664339811233,0.9886724193638128,1.4633097328808926,3874816,3942400,3389.354,6.044,7256.991,17.118,1.5187499523162842,4.999999873689376e-05,71423.4453125,-0.03881560266017914,71423.453125,0.670920193195343,0.012409771792590618,1.728839635848999,0.0
2323.1892403572956,-335.44925957802474,1137.0758884625964,100.0,56,5600,False,3948000,39480,705,73b03aedc11d4733ad70480dfb5e4900,2020-03-24_09-12-29,1585041149,10.681543111801147,7442.938249826431,2887,eclipse,137.195.211.213,7442.938249826431,3948000,705,28,28696714,0.0,0.0,0.0,11.917335605003425,0.9887315446203061,1.4635089285867013,3880320,3948000,3398.895,6.072,7248.605,17.365,1.5187499523162842,4.999999873689376e-05,57708.77734375,-0.04295111075043678,57708.80078125,0.742640495300293,0.011973773129284382,1.8076677322387695,0.0
2323.1892403572956,-484.7861212854889,1155.8688481023994,100.0,56,5600,False,3953600,39536,706,73b03aedc11d4733ad70480dfb5e4900,2020-03-24_09-12-39,1585041159,10.694643020629883,7453.632892847061,2887,eclipse,137.195.211.213,7453.632892847061,3953600,706,28,28696714,0.0,0.0,0.0,11.918076152359612,0.9887301175473558,1.4634635194556753,3885824,3953600,3400.257,5.88,7252.993,17.591,1.5187499523162842,4.999999873689376e-05,85264.2578125,-0.04206360876560211,85264.2734375,0.5988587737083435,0.01296771690249443,1.8072282075881958,0.0
2397.9769148955006,-484.7861212854889,1097.5624955637988,100.0,56,5600,False,3959200,39592,707,73b03aedc11d4733ad70480dfb5e4900,2020-03-24_09-12-50,1585041170,10.602065324783325,7464.2349581718445,2887,eclipse,137.195.211.213,7464.2349581718445,3959200,707,28,28696714,0.0,0.0,0.0,11.918635328644127,0.9887300420873961,1.463418173820158,3891328,3959200,3394.813,5.561,7257.494,17.775,1.5187499523162842,4.999999873689376e-05,72168.7734375,-0.04361592233181,72168.8046875,0.71000736951828,0.012392666190862656,1.867019534111023,0.0
2397.9769148955006,-66.11828734423858,1060.1121098824867,100.0,56,5600,False,3964800,39648,708,73b03aedc11d4733ad70480dfb5e4900,2020-03-24_09-13-01,1585041181,10.6491379737854,7474.88409614563,2887,eclipse,137.195.211.213,7474.88409614563,3964800,708,28,28696714,0.0,0.0,0.0,11.919086565591627,0.9887215253685804,1.463386930398275,3896832,3964800,3402.404,5.615,7255.64,17.864,1.5187499523162842,4.999999873689376e-05,65939.3515625,-0.042586494237184525,65939.375,0.6970682144165039,0.012976015917956829,1.7869281768798828,0.0
2221.8511893561604,-550.7606011512368,1086.8236403371961,100.0,56,5600,False,3970400,39704,709,73b03aedc11d4733ad70480dfb5e4900,2020-03-24_09-13-11,1585041191,10.710827350616455,7485.594923496246,2887,eclipse,137.195.211.213,7485.594923496246,3970400,709,28,28696714,0.0,0.0,0.0,11.919649353786848,0.9887144616497747,1.4633743335668172,3902336,3970400,3405.017,5.599,7254.58,18.117,1.5187499523162842,4.999999873689376e-05,53572.9375,-0.03670421242713928,53572.94921875,0.7920998930931091,0.012889689765870571,1.9166285991668701,0.0
2197.233568380755,-550.7606011512368,1082.657642582842,100.0,56,5600,False,3976000,39760,710,73b03aedc11d4733ad70480dfb5e4900,2020-03-24_09-13-22,1585041202,10.576782464981079,7496.171705961227,2887,eclipse,137.195.211.213,7496.171705961227,3976000,710,28,28696714,0.0,0.0,0.0,11.920346149660622,0.9886868620287663,1.463330811624067,3907840,3976000,3397.005,5.586,7254.589,17.998,1.5187499523162842,4.999999873689376e-05,76014.796875,-0.038808416575193405,76014.8046875,0.6025662422180176,0.011107456870377064,1.8745579719543457,0.0
2822.243678785693,-58.955920456011306,1188.7734343226962,100.0,56,5600,False,3981600,39816,711,73b03aedc11d4733ad70480dfb5e4900,2020-03-24_09-13-33,1585041213,10.630555152893066,7506.8022611141205,2887,eclipse,137.195.211.213,7506.8022611141205,3981600,711,28,28696714,0.01,0.0,1.0,11.921357068309367,0.9886658628224788,1.4632965664413047,3913344,3981600,3384.002,5.645,7251.867,17.633,1.5187499523162842,4.999999873689376e-05,92723.5078125,-0.03936781734228134,92723.5234375,0.606229841709137,0.013332939706742764,1.6310118436813354,0.0
2246.628412355792,-52.54950014303946,1251.3090311600395,100.0,56,5600,False,3987200,39872,712,73b03aedc11d4733ad70480dfb5e4900,2020-03-24_09-13-43,1585041223,10.68105673789978,7517.48331785202,2887,eclipse,137.195.211.213,7517.48331785202,3987200,712,28,28696714,0.02,0.0,1.0,11.922442077212215,0.988664025067188,1.4632653932606001,3918848,3987200,3390.045,5.785,7252.955,17.963,1.5187499523162842,4.999999873689376e-05,62076.7109375,-0.0479695089161396,62076.74609375,0.741098165512085,0.011723178438842297,1.9087597131729126,0.0
2246.628412355792,-54.23115650278209,1177.8574634487659,100.0,56,5600,False,3992800,39928,713,73b03aedc11d4733ad70480dfb5e4900,2020-03-24_09-13-54,1585041234,10.64332914352417,7528.126646995544,2887,eclipse,137.195.211.213,7528.126646995544,3992800,713,28,28696714,0.0,0.0,0.0,11.923133342029406,0.988676301247595,1.4632212425154996,3924352,3992800,3362.047,5.58,7259.551,17.775,1.5187499523162842,4.999999873689376e-05,64266.7265625,-0.039192475378513336,64266.75,0.7115940451622009,0.01608903706073761,1.7263400554656982,0.0
2177.608838171446,-56.22953398472739,1133.3500676321557,100.0,56,5600,False,3998400,39984,714,73b03aedc11d4733ad70480dfb5e4900,2020-03-24_09-14-05,1585041245,10.64149022102356,7538.768137216568,2887,eclipse,137.195.211.213,7538.768137216568,3998400,714,28,28696714,0.0,0.0,0.0,11.923816500511613,0.9886786873831755,1.4631905398942746,3929856,3998400,3307.627,5.532,7256.668,17.478,1.5187499523162842,4.999999873689376e-05,58073.30859375,-0.03986275568604469,58073.32421875,0.7305728793144226,0.013413682579994202,1.6295526027679443,0.0
2231.1537230625577,-238.33762710024305,1068.3747392477921,100.0,56,5600,False,4004000,40040,715,73b03aedc11d4733ad70480dfb5e4900,2020-03-24_09-14-15,1585041255,10.663272380828857,7549.431409597397,2887,eclipse,137.195.211.213,7549.431409597397,4004000,715,28,28696714,0.0,0.0,0.0,11.924475250934588,0.9886791293335938,1.4631704064594906,3935360,4004000,3300.057,5.519,7260.973,17.999,1.5187499523162842,4.999999873689376e-05,55159.296875,-0.03749566152691841,55159.32421875,0.7436473965644836,0.012280063703656197,1.818734049797058,0.0
2231.1537230625577,-433.42357144364775,1115.625087422529,100.0,56,5600,False,4009600,40096,716,73b03aedc11d4733ad70480dfb5e4900,2020-03-24_09-14-26,1585041266,10.637283325195312,7560.068692922592,2887,eclipse,137.195.211.213,7560.068692922592,4009600,716,28,28696714,0.0,0.0,0.0,11.925313420223828,0.9886819186984507,1.4631400399248826,3940864,4009600,3296.767,5.272,7258.666,17.236,1.5187499523162842,4.999999873689376e-05,62521.77734375,-0.04295078665018082,62521.80078125,0.7053009867668152,0.013953817076981068,1.685015320777893,0.0
2271.5938050313257,-433.42357144364775,1174.3451735428507,100.0,56,5600,False,4015200,40152,717,73b03aedc11d4733ad70480dfb5e4900,2020-03-24_09-14-37,1585041277,10.633370161056519,7570.702063083649,2887,eclipse,137.195.211.213,7570.702063083649,4015200,717,28,28696714,0.0,0.0,0.0,11.926217463447795,0.9886861976746695,1.463107231132342,3946368,4015200,3301.316,5.504,7257.532,16.613,1.5187499523162842,4.999999873689376e-05,94634.2578125,-0.03913833200931549,94634.28125,0.601875901222229,0.012741557322442532,1.6924880743026733,0.0
2271.5938050313257,-278.59940599967786,1193.3113103856138,100.0,56,5600,False,4020800,40208,718,73b03aedc11d4733ad70480dfb5e4900,2020-03-24_09-14-47,1585041287,10.473024368286133,7581.175087451935,2887,eclipse,137.195.211.213,7581.175087451935,4020800,718,28,28696714,0.0,0.0,0.0,11.926976352166099,0.9886854824770271,1.463081463285446,3951872,4020800,3297.414,5.45,7244.105,16.781,1.5187499523162842,4.999999873689376e-05,65286.05078125,-0.040465500205755234,65286.0703125,0.7059762477874756,0.014684424735605717,1.4786090850830078,0.0
2418.9781721759914,-55.92791128707384,1183.0172984478875,100.0,56,5600,False,4026400,40264,719,73b03aedc11d4733ad70480dfb5e4900,2020-03-24_09-14-58,1585041298,10.569870471954346,7591.744957923889,2887,eclipse,137.195.211.213,7591.744957923889,4026400,719,28,28696714,0.0,0.0,0.0,11.92766616029242,0.9886805902920748,1.4630610270440518,3957376,4026400,3290.034,5.477,7236.136,16.865,1.5187499523162842,4.999999873689376e-05,56455.00390625,-0.03939184918999672,56455.0234375,0.7775052785873413,0.012740246020257473,1.8409078121185303,0.0
2268.8153902636336,-502.8006397713771,1296.100472514747,100.0,56,5600,False,4032000,40320,720,73b03aedc11d4733ad70480dfb5e4900,2020-03-24_09-15-08,1585041308,10.430370092391968,7602.175328016281,2887,eclipse,137.195.211.213,7602.175328016281,4032000,720,28,28696714,0.0,0.0,0.0,11.928861817983812,0.9886798715896503,1.4630305314854501,3962880,4032000,3298.07,5.417,7211.337,16.892,1.5187499523162842,4.999999873689376e-05,61001.44921875,-0.03702729940414429,61001.4609375,0.7064861059188843,0.014463827013969421,1.6433148384094238,0.0
2411.4554230295535,-108.7354623275302,1203.9743871431442,100.0,56,5600,False,4037600,40376,721,73b03aedc11d4733ad70480dfb5e4900,2020-03-24_09-15-19,1585041319,10.386484384536743,7612.561812400818,2887,eclipse,137.195.211.213,7612.561812400818,4037600,721,28,28696714,0.0,0.0,0.0,11.930107835188016,0.9886923676570659,1.4630715652426012,3968384,4037600,3300.416,5.439,7182.668,19.66,1.5187499523162842,4.999999873689376e-05,76418.0078125,-0.04186207801103592,76418.03125,0.6485390067100525,0.011748927645385265,1.6908340454101562,0.0
2411.4554230295535,-108.7354623275302,1178.1997278558329,100.0,56,5600,False,4043200,40432,722,73b03aedc11d4733ad70480dfb5e4900,2020-03-24_09-15-29,1585041329,10.623715162277222,7623.185527563095,2887,eclipse,137.195.211.213,7623.185527563095,4043200,722,28,28696714,0.0,0.0,0.0,11.931710994863483,0.9887281265410082,1.463245503971224,3973888,4043200,3319.307,5.205,7160.392,19.219,1.5187499523162842,4.999999873689376e-05,70062.7265625,-0.03606553003191948,70062.75,0.70566326379776,0.009734561666846275,1.6559702157974243,0.0
2239.122389880564,-53.3258370464049,1163.279752773513,100.0,56,5600,False,4048800,40488,723,73b03aedc11d4733ad70480dfb5e4900,2020-03-24_09-15-40,1585041340,10.661363124847412,7633.8468906879425,2887,eclipse,137.195.211.213,7633.8468906879425,4048800,723,28,28696714,0.0,0.0,0.0,11.933113216463752,0.9887462002515991,1.463337676350285,3979392,4048800,3324.835,5.205,7156.744,19.315,1.5187499523162842,4.999999873689376e-05,49264.359375,-0.04117211326956749,49264.390625,0.7418485283851624,0.011416598223149776,1.5768625736236572,0.0
2239.122389880564,-445.815028519824,1216.016659948113,100.0,56,5600,False,4054400,40544,724,73b03aedc11d4733ad70480dfb5e4900,2020-03-24_09-15-51,1585041351,10.673680782318115,7644.520571470261,2887,eclipse,137.195.211.213,7644.520571470261,4054400,724,28,28696714,0.0,0.0,0.0,11.934206089336962,0.9887311254968485,1.4633005180954317,3984896,4054400,3329.098,5.294,7154.951,19.585,1.5187499523162842,4.999999873689376e-05,50915.734375,-0.03264507278800011,50915.75,0.7536765933036804,0.013494474813342094,1.5990921258926392,0.0
2253.4519814216455,-445.815028519824,1231.9993820781942,100.0,56,5600,False,4060000,40600,725,73b03aedc11d4733ad70480dfb5e4900,2020-03-24_09-16-02,1585041362,10.804277181625366,7655.324848651886,2887,eclipse,137.195.211.213,7655.324848651886,4060000,725,28,28696714,0.0,0.0,0.0,11.935462516629318,0.9887279305501516,1.4633095017572288,3990400,4060000,3337.351,5.305,7159.33,19.614,1.5187499523162842,4.999999873689376e-05,66415.2578125,-0.03835576772689819,66415.28125,0.6740652322769165,0.011879528872668743,1.5781021118164062,0.0
2285.176935017593,-60.176721217233585,1227.8341852556548,100.0,56,5600,False,4065600,40656,726,73b03aedc11d4733ad70480dfb5e4900,2020-03-24_09-16-12,1585041372,10.600443601608276,7665.925292253494,2887,eclipse,137.195.211.213,7665.925292253494,4065600,726,28,28696714,0.01,0.0,1.0,11.936619076245538,0.9887328463065836,1.4633158172443093,3995904,4065600,3340.272,5.298,7154.885,19.504,1.5187499523162842,4.999999873689376e-05,46038.98828125,-0.04144664853811264,46039.0078125,0.8023017048835754,0.012033544480800629,1.8140149116516113,0.0
2285.176935017593,-60.176721217233585,1171.3499977008883,100.0,56,5600,False,4071200,40712,727,73b03aedc11d4733ad70480dfb5e4900,2020-03-24_09-16-23,1585041383,10.592304944992065,7676.517597198486,2887,eclipse,137.195.211.213,7676.517597198486,4071200,727,28,28696714,0.01,0.0,1.0,11.937397063691572,0.9887361882333638,1.4632809433039835,4001408,4071200,3338.138,5.324,7152.323,20.009,1.5187499523162842,4.999999873689376e-05,60427.6796875,-0.03695637732744217,60427.69921875,0.7323457598686218,0.014904762618243694,1.6101840734481812,0.0
2255.972914465401,-408.4967770320246,1149.092781151466,100.0,56,5600,False,4076800,40768,728,73b03aedc11d4733ad70480dfb5e4900,2020-03-24_09-16-34,1585041394,10.623156070709229,7687.140753269196,2887,eclipse,137.195.211.213,7687.140753269196,4076800,728,28,28696714,0.0,0.0,0.0,11.938204117667086,0.9887370350659711,1.4632517550025725,4006912,4076800,3339.765,5.285,7166.038,19.975,1.5187499523162842,4.999999873689376e-05,63016.8671875,-0.04316612333059311,63016.90234375,0.7056926488876343,0.010800451971590519,1.6395102739334106,0.0
2255.972914465401,-408.4967770320246,1119.1686643757653,100.0,56,5600,False,4082400,40824,729,73b03aedc11d4733ad70480dfb5e4900,2020-03-24_09-16-44,1585041404,10.700430154800415,7697.841183423996,2887,eclipse,137.195.211.213,7697.841183423996,4082400,729,28,28696714,0.0,0.0,0.0,11.938889984411494,0.9887280944610829,1.4632202398614742,4012416,4082400,3341.259,5.382,7178.002,19.917,1.5187499523162842,4.999999873689376e-05,64257.609375,-0.040013570338487625,64257.6328125,0.7352311611175537,0.012914623133838177,1.5933037996292114,0.0
2252.2645300214044,-62.29484680995768,1202.7337502097078,100.0,56,5600,False,4088000,40880,730,73b03aedc11d4733ad70480dfb5e4900,2020-03-24_09-16-55,1585041415,10.692175388336182,7708.533358812332,2887,eclipse,137.195.211.213,7708.533358812332,4088000,730,28,28696714,0.0,0.0,0.0,11.93981280682097,0.9887084091700169,1.4631848972005554,4017920,4088000,3344.46,5.646,7200.153,19.751,1.5187499523162842,4.999999873689376e-05,60719.78515625,-0.039287980645895004,60719.80078125,0.7225233912467957,0.011578294448554516,1.7342820167541504,0.0
2252.2645300214044,-56.80898859202555,1242.5881010174928,100.0,56,5600,False,4093600,40936,731,73b03aedc11d4733ad70480dfb5e4900,2020-03-24_09-17-06,1585041426,10.586894989013672,7719.120253801346,2887,eclipse,137.195.211.213,7719.120253801346,4093600,731,28,28696714,0.0,0.0,0.0,11.94076426918333,0.9887062831338624,1.4631535659242259,4023424,4093600,3345.805,5.492,7221.438,17.774,1.5187499523162842,4.999999873689376e-05,54429.27734375,-0.04019702970981598,54429.296875,0.7409980893135071,0.012275096960365772,1.5910042524337769,0.0
2239.671784949882,-411.6535733845065,1322.6103517978067,100.0,56,5600,False,4099200,40992,732,73b03aedc11d4733ad70480dfb5e4900,2020-03-24_09-17-17,1585041437,10.670575857162476,7729.790829658508,2887,eclipse,137.195.211.213,7729.790829658508,4099200,732,28,28696714,0.0,0.0,0.0,11.94188125807361,0.9887155493109564,1.4631136423224527,4028928,4099200,3321.253,5.489,7251.098,17.672,1.5187499523162842,4.999999873689376e-05,67671.8515625,-0.03842451795935631,67671.890625,0.6982872486114502,0.011455119587481022,1.5855756998062134,0.0
2239.671784949882,-648.7876415869797,1227.4626719806997,100.0,56,5600,False,4104800,41048,733,73b03aedc11d4733ad70480dfb5e4900,2020-03-24_09-17-27,1585041447,10.70144534111023,7740.4922749996185,2887,eclipse,137.195.211.213,7740.4922749996185,4104800,733,28,28696714,0.01,0.0,1.0,11.942821456648181,0.9887158559083252,1.463089464041698,4034432,4104800,3320.422,5.525,7255.968,17.044,1.5187499523162842,4.999999873689376e-05,85377.0078125,-0.04166121408343315,85377.03125,0.6582673192024231,0.013563034124672413,2.0548484325408936,0.0
2205.1491609634,-648.7876415869797,1145.057094518384,100.0,56,5600,False,4110400,41104,734,73b03aedc11d4733ad70480dfb5e4900,2020-03-24_09-17-38,1585041458,10.554773092269897,7751.047048091888,2887,eclipse,137.195.211.213,7751.047048091888,4110400,734,28,28696714,0.01,0.0,1.0,11.9436212721718,0.9887086907121858,1.4630609178615888,4039936,4110400,3318.188,5.56,7247.986,16.508,1.5187499523162842,4.999999873689376e-05,48450.234375,-0.042426977306604385,48450.2578125,0.7750415205955505,0.012556354515254498,1.7960143089294434,0.0
2205.1491609634,-52.30296324842869,1194.1156695231218,100.0,56,5600,False,4116000,41160,735,73b03aedc11d4733ad70480dfb5e4900,2020-03-24_09-17-48,1585041468,10.39296841621399,7761.440016508102,2887,eclipse,137.195.211.213,7761.440016508102,4116000,735,28,28696714,0.0,0.0,0.0,11.944553148891746,0.9887124599064994,1.4630318860266822,4045440,4116000,3307.808,5.644,7217.547,16.66,1.5187499523162842,4.999999873689376e-05,53492.9140625,-0.044804345816373825,53492.94921875,0.7419463992118835,0.011549379676580429,1.632047414779663,0.0
2198.2410099038657,-620.0760641329447,1110.166705850317,100.0,56,5600,False,4121600,41216,736,73b03aedc11d4733ad70480dfb5e4900,2020-03-24_09-17-59,1585041479,10.60650086402893,7772.046517372131,2887,eclipse,137.195.211.213,7772.046517372131,4121600,736,28,28696714,0.0,0.0,0.0,11.945347277362739,0.9887000995537224,1.4630096433513609,4050944,4121600,3304.25,6.01,7219.734,17.43,1.5187499523162842,4.999999873689376e-05,78051.9609375,-0.05018175020813942,78051.9921875,0.6370792984962463,0.012595568783581257,1.4434189796447754,0.0
2384.4269461451345,-620.0760641329447,1172.0944180845552,100.0,56,5600,False,4127200,41272,737,73b03aedc11d4733ad70480dfb5e4900,2020-03-24_09-18-10,1585041490,10.75814700126648,7782.804664373398,2887,eclipse,137.195.211.213,7782.804664373398,4127200,737,28,28696714,0.0,0.0,0.0,11.946317759520808,0.9887033174866039,1.4630147585763524,4056448,4127200,3315.383,5.992,7226.786,16.933,1.5187499523162842,4.999999873689376e-05,71464.625,-0.04137760400772095,71464.640625,0.6905253529548645,0.010927763767540455,1.6666325330734253,0.0
2384.4269461451345,-415.5370876622184,1306.534214136588,100.0,56,5600,False,4132800,41328,738,73b03aedc11d4733ad70480dfb5e4900,2020-03-24_09-18-20,1585041500,10.577732563018799,7793.382396936417,2887,eclipse,137.195.211.213,7793.382396936417,4132800,738,28,28696714,0.0,0.0,0.0,11.947481069814947,0.9887015496251172,1.4629928439195763,4061952,4132800,3320.543,5.928,7216.661,17.17,1.5187499523162842,4.999999873689376e-05,83800.0078125,-0.036466144025325775,83800.03125,0.6616984009742737,0.011715165339410305,1.6257363557815552,0.0
2199.170429695304,-415.5370876622184,1275.6670156990276,100.0,56,5600,False,4138400,41384,739,73b03aedc11d4733ad70480dfb5e4900,2020-03-24_09-18-31,1585041511,10.745507717132568,7804.127904653549,2887,eclipse,137.195.211.213,7804.127904653549,4138400,739,28,28696714,0.0,0.0,0.0,11.948574383076494,0.9886894543322872,1.4629498114667032,4067456,4138400,3330.311,5.854,7213.047,17.207,1.5187499523162842,4.999999873689376e-05,82606.640625,-0.044089023023843765,82606.6640625,0.6187231540679932,0.011076767928898335,1.4793075323104858,0.0
2121.5817046182156,-537.1822955634834,1079.7488166518772,100.0,56,5600,False,4144000,41440,740,73b03aedc11d4733ad70480dfb5e4900,2020-03-24_09-18-42,1585041522,10.586538314819336,7814.7144429683685,2887,eclipse,137.195.211.213,7814.7144429683685,4144000,740,28,28696714,0.0,0.0,0.0,11.949246349442532,0.9886843555675486,1.4629116930296555,4072960,4144000,3321.714,5.596,7213.785,17.234,1.5187499523162842,4.999999873689376e-05,60992.62890625,-0.045550476759672165,60992.6640625,0.7241911888122559,0.013480513356626034,1.5497757196426392,0.0
2141.3649992273595,-537.1822955634834,1114.5243169384676,100.0,56,5600,False,4149600,41496,741,73b03aedc11d4733ad70480dfb5e4900,2020-03-24_09-18-53,1585041533,10.666181087493896,7825.380624055862,2887,eclipse,137.195.211.213,7825.380624055862,4149600,741,28,28696714,0.0,0.0,0.0,11.950040703399855,0.9886901788831579,1.4628823607107662,4078464,4149600,3316.288,5.644,7226.546,17.18,1.5187499523162842,4.999999873689376e-05,65415.85546875,-0.040619418025016785,65415.8828125,0.6982173919677734,0.012980642728507519,1.6252262592315674,0.0
2346.8933481739186,-446.81962385078856,1219.3423566467575,100.0,56,5600,False,4155200,41552,742,73b03aedc11d4733ad70480dfb5e4900,2020-03-24_09-19-03,1585041543,10.698820352554321,7836.079444408417,2887,eclipse,137.195.211.213,7836.079444408417,4155200,742,28,28696714,0.0,0.0,0.0,11.95114466783567,0.9886928880189865,1.4628756528621836,4083968,4155200,3322.463,5.68,7222.29,17.11,1.5187499523162842,4.999999873689376e-05,52766.50390625,-0.042430579662323,52766.53515625,0.7749433517456055,0.011650352738797665,1.669480562210083,0.0
2246.2436850977456,-190.74056669433642,1193.0493337319608,100.0,56,5600,False,4160800,41608,743,73b03aedc11d4733ad70480dfb5e4900,2020-03-24_09-19-14,1585041554,10.658687114715576,7846.738131523132,2887,eclipse,137.195.211.213,7846.738131523132,4160800,743,28,28696714,0.0,0.0,0.0,11.952070495001053,0.9886851151347383,1.4628557404843645,4089472,4160800,3318.236,5.64,7221.777,17.585,1.5187499523162842,4.999999873689376e-05,66081.984375,-0.0412464365363121,66082.0078125,0.7158141136169434,0.013819257728755474,1.502317190170288,0.0
2246.2436850977456,-370.6345338219851,1154.1700492787263,100.0,56,5600,False,4166400,41664,744,73b03aedc11d4733ad70480dfb5e4900,2020-03-24_09-19-25,1585041565,10.571449756622314,7857.309581279755,2887,eclipse,137.195.211.213,7857.309581279755,4166400,744,28,28696714,0.0,0.0,0.0,11.952684888031529,0.9886770559430862,1.462816336865516,4094976,4166400,3312.6,5.528,7228.853,18.183,1.5187499523162842,4.999999873689376e-05,58743.77734375,-0.04337076470255852,58743.8125,0.7653778195381165,0.01106405258178711,1.8065545558929443,0.0
2251.092243181589,-370.6345338219851,1141.347917986781,100.0,56,5600,False,4172000,41720,745,73b03aedc11d4733ad70480dfb5e4900,2020-03-24_09-19-35,1585041575,10.733652353286743,7868.043233633041,2887,eclipse,137.195.211.213,7868.043233633041,4172000,745,28,28696714,0.0,0.0,0.0,11.953475284129636,0.9886632695041283,1.4627824723561371,4100480,4172000,3321.993,5.433,7254.41,17.988,1.5187499523162842,4.999999873689376e-05,73001.9140625,-0.04642745107412338,73001.9375,0.622127115726471,0.012419701553881168,1.6657118797302246,0.0
2251.092243181589,-123.20623912172769,1042.82042915951,100.0,56,5600,False,4177600,41776,746,73b03aedc11d4733ad70480dfb5e4900,2020-03-24_09-19-46,1585041586,10.534246921539307,7878.577480554581,2887,eclipse,137.195.211.213,7878.577480554581,4177600,746,28,28696714,0.0,0.0,0.0,11.954018537652896,0.9886409362575037,1.4627494775408412,4105984,4177600,3310.858,5.362,7257.946,17.867,1.5187499523162842,4.999999873689376e-05,76318.7578125,-0.04033682122826576,76318.7734375,0.6937956809997559,0.015363221988081932,1.7279256582260132,0.0
2245.091032562091,-123.20623912172769,950.8223415114024,100.0,56,5600,False,4183200,41832,747,73b03aedc11d4733ad70480dfb5e4900,2020-03-24_09-19-57,1585041597,10.625532627105713,7889.203013181686,2887,eclipse,137.195.211.213,7889.203013181686,4183200,747,28,28696714,0.0,0.0,0.0,11.95435801411885,0.9886356848339902,1.4627268646204061,4111488,4183200,3302.081,5.512,7251.764,18.164,1.5187499523162842,4.999999873689376e-05,56974.390625,-0.0362631119787693,56974.40234375,0.7434474229812622,0.012187525629997253,1.5937730073928833,0.0
2241.471616653833,-463.0567390134871,1109.9980434018878,100.0,56,5600,False,4188800,41888,748,73b03aedc11d4733ad70480dfb5e4900,2020-03-24_09-20-07,1585041607,10.584136724472046,7899.787149906158,2887,eclipse,137.195.211.213,7899.787149906158,4188800,748,28,28696714,0.0,0.0,0.0,11.9551929477304,0.9886184026030083,1.4626978911020014,4116992,4188800,3309.122,5.59,7245.025,18.077,1.5187499523162842,4.999999873689376e-05,56097.6171875,-0.040468912571668625,56097.64453125,0.7650085091590881,0.012674311175942421,1.5452615022659302,0.0
2262.123074354356,-258.2219642562296,1176.301802377235,100.0,56,5600,False,4194400,41944,749,73b03aedc11d4733ad70480dfb5e4900,2020-03-24_09-20-18,1585041618,10.399334907531738,7910.18648481369,2887,eclipse,137.195.211.213,7910.18648481369,4194400,749,28,28696714,0.0,0.0,0.0,11.956224832392401,0.9886262235052057,1.462742472413957,4122496,4194400,3308.251,5.356,7209.714,17.809,1.5187499523162842,4.999999873689376e-05,81108.59375,-0.04664896801114082,81108.625,0.6875979900360107,0.010964080691337585,1.7518807649612427,0.0
2262.123074354356,-445.05731904262575,1141.484699745203,100.0,56,5600,False,4200000,42000,750,73b03aedc11d4733ad70480dfb5e4900,2020-03-24_09-20-29,1585041629,10.794897317886353,7920.9813821315765,2887,eclipse,137.195.211.213,7920.9813821315765,4200000,750,28,28696714,0.0,0.0,0.0,11.958132728240935,0.9887031485509539,1.4630070822747243,4128000,4200000,3353.472,5.349,7183.949,17.927,1.5187499523162842,4.999999873689376e-05,47172.87890625,-0.042406171560287476,47172.90234375,0.7847117781639099,0.012460215017199516,1.7131001949310303,0.0
2300.375400293855,-445.05731904262575,1205.2208745464093,100.0,56,5600,False,4205600,42056,751,73b03aedc11d4733ad70480dfb5e4900,2020-03-24_09-20-40,1585041640,10.960783243179321,7931.942165374756,2887,eclipse,137.195.211.213,7931.942165374756,4205600,751,28,28696714,0.0,0.0,0.0,11.96049982037553,0.9888064908117598,1.463320904427667,4133504,4205600,3389.565,5.06,7178.174,17.275,1.5187499523162842,4.999999873689376e-05,63449.83203125,-0.037726182490587234,63449.85546875,0.6770032644271851,0.012611601501703262,1.535717248916626,0.0
2449.7001089704904,-268.7266515199398,1292.0787496394407,100.0,56,5600,False,4211200,42112,752,73b03aedc11d4733ad70480dfb5e4900,2020-03-24_09-20-50,1585041650,10.619032859802246,7942.561198234558,2887,eclipse,137.195.211.213,7942.561198234558,4211200,752,28,28696714,0.0,0.0,0.0,11.962169192123204,0.9888507269047889,1.463445390925139,4139008,4211200,3385.89,5.056,7173.533,16.679,1.5187499523162842,4.999999873689376e-05,56682.34375,-0.038571037352085114,56682.359375,0.7341344952583313,0.012408875860273838,1.650568962097168,0.0
2449.7001089704904,-522.6582124767571,1183.0185039659054,100.0,56,5600,False,4216800,42168,753,73b03aedc11d4733ad70480dfb5e4900,2020-03-24_09-21-01,1585041661,10.638930082321167,7953.200128316879,2887,eclipse,137.195.211.213,7953.200128316879,4216800,753,28,28696714,0.0,0.0,0.0,11.963187567357295,0.9888450673346285,1.4634617607217666,4144512,4216800,3384.905,4.988,7172.755,17.061,1.5187499523162842,4.999999873689376e-05,77424.7421875,-0.03936923295259476,77424.75,0.6097486615180969,0.011049604043364525,1.5184904336929321,0.0
2241.5897374760293,-522.6582124767571,1102.6917441601408,100.0,56,5600,False,4222400,42224,754,73b03aedc11d4733ad70480dfb5e4900,2020-03-24_09-21-12,1585041672,10.713277816772461,7963.913406133652,2887,eclipse,137.195.211.213,7963.913406133652,4222400,754,28,28696714,0.0,0.0,0.0,11.964105769963215,0.9888428893588298,1.4634468930117266,4150016,4222400,3390.282,4.767,7178.774,17.313,1.5187499523162842,4.999999873689376e-05,57552.15625,-0.04337991774082184,57552.1875,0.7555153369903564,0.011689840815961361,1.9786067008972168,0.0
2272.0308202087085,-559.9299173331863,1028.601100858352,100.0,56,5600,False,4228000,42280,755,73b03aedc11d4733ad70480dfb5e4900,2020-03-24_09-21-22,1585041682,10.616362810134888,7974.529768943787,2887,eclipse,137.195.211.213,7974.529768943787,4228000,755,28,28696714,0.0,0.0,0.0,11.964612166455574,0.9888321314815434,1.4634298851249008,4155520,4228000,3373.438,4.745,7184.348,16.789,1.5187499523162842,4.999999873689376e-05,80581.1875,-0.04042447358369827,80581.203125,0.6487082839012146,0.01416319701820612,1.6409425735473633,0.0
2272.0308202087085,-559.9299173331863,1051.528079186804,100.0,56,5600,False,4233600,42336,756,73b03aedc11d4733ad70480dfb5e4900,2020-03-24_09-21-33,1585041693,10.706420421600342,7985.236189365387,2887,eclipse,137.195.211.213,7985.236189365387,4233600,756,28,28696714,0.0,0.0,0.0,11.965202549562468,0.9888235481405389,1.4633978820646372,4161024,4233600,3389.576,4.992,7186.07,16.838,1.5187499523162842,4.999999873689376e-05,62593.94140625,-0.04825688898563385,62593.9765625,0.704399585723877,0.011244968511164188,1.5687241554260254,0.0
2391.8035122490714,-563.7537259739739,1110.1432486957426,100.0,56,5600,False,4239200,42392,757,73b03aedc11d4733ad70480dfb5e4900,2020-03-24_09-21-44,1585041704,10.824153423309326,7996.060342788696,2887,eclipse,137.195.211.213,7996.060342788696,4239200,757,28,28696714,0.0,0.0,0.0,11.966115611247053,0.9888215538989408,1.4633581654439831,4166528,4239200,3405.661,4.842,7189.432,16.29,1.5187499523162842,4.999999873689376e-05,63859.55859375,-0.034886471927165985,63859.58203125,0.6999819278717041,0.010799918323755264,1.6544228792190552,0.0
2391.8035122490714,-563.7537259739739,1222.6517153806196,100.0,56,5600,False,4244800,42448,758,73b03aedc11d4733ad70480dfb5e4900,2020-03-24_09-21-54,1585041714,10.504046440124512,8006.564389228821,2887,eclipse,137.195.211.213,8006.564389228821,4244800,758,28,28696714,0.0,0.0,0.0,11.967182895903857,0.9888236344288908,1.463322108620586,4172032,4244800,3397.655,4.876,7189.942,16.08,1.5187499523162842,4.999999873689376e-05,57840.19140625,-0.043103430420160294,57840.22265625,0.7303124666213989,0.012661078944802284,1.5809928178787231,0.0
2223.2247859389813,-85.18547818103512,1337.855930817358,100.0,56,5600,False,4250400,42504,759,73b03aedc11d4733ad70480dfb5e4900,2020-03-24_09-22-05,1585041725,10.69043755531311,8017.254826784134,2887,eclipse,137.195.211.213,8017.254826784134,4250400,759,28,28696714,0.0,0.0,0.0,11.968333496805007,0.9888244408523355,1.4632889871288746,4177536,4250400,3394.94,5.107,7221.435,16.342,1.5187499523162842,4.999999873689376e-05,60922.84765625,-0.042973484843969345,60922.87109375,0.7250124216079712,0.01340703945606947,1.5796785354614258,0.0
2441.2095312330944,-85.18547818103512,1338.1637687306493,100.0,56,5600,False,4256000,42560,760,73b03aedc11d4733ad70480dfb5e4900,2020-03-24_09-22-16,1585041736,10.705942869186401,8027.96076965332,2887,eclipse,137.195.211.213,8027.96076965332,4256000,760,28,28696714,0.0,0.0,0.0,11.969520531532789,0.9888156608870414,1.463259143659397,4183040,4256000,3358.326,5.134,7248.914,16.71,1.5187499523162842,4.999999873689376e-05,59495.265625,-0.04204395413398743,59495.2890625,0.7798222303390503,0.013129504397511482,1.4618536233901978,0.0
2441.2095312330944,-174.79996879456047,1190.4877404617139,100.0,56,5600,False,4261600,42616,761,73b03aedc11d4733ad70480dfb5e4900,2020-03-24_09-22-27,1585041747,10.602898836135864,8038.563668489456,2887,eclipse,137.195.211.213,8038.563668489456,4261600,761,28,28696714,0.0,0.0,0.0,11.970446579970403,0.9887939000149188,1.4632251309317406,4188544,4261600,3322.379,5.424,7249.611,16.332,1.5187499523162842,4.999999873689376e-05,67282.9140625,-0.04695819318294525,67282.9375,0.7217983603477478,0.01193638052791357,1.868437647819519,0.0
2418.149495681768,-174.79996879456047,1239.172881488154,100.0,56,5600,False,4267200,42672,762,73b03aedc11d4733ad70480dfb5e4900,2020-03-24_09-22-37,1585041757,10.84800124168396,8049.41166973114,2887,eclipse,137.195.211.213,8049.41166973114,4267200,762,28,28696714,0.01,0.0,1.0,11.97142903455017,0.9887836916364967,1.463188367743532,4194048,4267200,3334.152,5.448,7260.847,16.589,1.5187499523162842,4.999999873689376e-05,67566.28125,-0.04735761880874634,67566.3046875,0.6869370937347412,0.011719373986124992,1.5055153369903564,0.0
2418.149495681768,-508.64026988872047,1178.1596905854028,100.0,56,5600,False,4272800,42728,763,73b03aedc11d4733ad70480dfb5e4900,2020-03-24_09-22-48,1585041768,10.624274492263794,8060.035944223404,2887,eclipse,137.195.211.213,8060.035944223404,4272800,763,28,28696714,0.01,0.0,1.0,11.972230410597108,0.9887867047592545,1.4631646203811206,4199552,4272800,3332.707,5.541,7258.405,16.814,1.5187499523162842,4.999999873689376e-05,79055.6328125,-0.040147025138139725,79055.6484375,0.6591939330101013,0.012503888458013535,1.5454741716384888,0.0
2318.083553933582,-363.76106674068774,1036.6725543944826,100.0,56,5600,False,4278400,42784,764,73b03aedc11d4733ad70480dfb5e4900,2020-03-24_09-22-59,1585041779,10.690946578979492,8070.726890802383,2887,eclipse,137.195.211.213,8070.726890802383,4278400,764,28,28696714,0.0,0.0,0.0,11.972661014400101,0.9887720979190132,1.4631400456713992,4205056,4278400,3332.299,5.658,7259.574,15.914,1.5187499523162842,4.999999873689376e-05,46550.25,-0.04374532774090767,46550.27734375,0.7999280691146851,0.01185128465294838,1.7920578718185425,0.0
2348.2734471576923,-63.966484229428076,1038.9503561926542,100.0,56,5600,False,4284000,42840,765,73b03aedc11d4733ad70480dfb5e4900,2020-03-24_09-23-10,1585041790,10.63750696182251,8081.364397764206,2887,eclipse,137.195.211.213,8081.364397764206,4284000,765,28,28696714,0.0,0.0,0.0,11.973168369020136,0.9887688948092713,1.4631018976756665,4210560,4284000,3340.516,5.949,7252.718,15.925,1.5187499523162842,4.999999873689376e-05,73247.1171875,-0.03973379731178284,73247.1328125,0.6475544571876526,0.012392628937959671,1.4531502723693848,0.0
2348.2734471576923,-476.5699048915259,1033.4314528200819,100.0,56,5600,False,4289600,42896,766,73b03aedc11d4733ad70480dfb5e4900,2020-03-24_09-23-20,1585041800,10.576070785522461,8091.940468549728,2887,eclipse,137.195.211.213,8091.940468549728,4289600,766,28,28696714,0.0,0.0,0.0,11.973812492910916,0.9887793026660746,1.4630651080867865,4216064,4289600,3330.616,5.702,7249.157,16.439,1.5187499523162842,4.999999873689376e-05,76277.609375,-0.03760300576686859,76277.6328125,0.679047167301178,0.012505356222391129,1.6800148487091064,0.0
2372.479391507431,-476.5699048915259,1165.5334200444574,100.0,56,5600,False,4295200,42952,767,73b03aedc11d4733ad70480dfb5e4900,2020-03-24_09-23-31,1585041811,10.644176483154297,8102.584645032883,2887,eclipse,137.195.211.213,8102.584645032883,4295200,767,28,28696714,0.0,0.0,0.0,11.97472716366469,0.988780710664532,1.4630374280835374,4221568,4295200,3321.277,5.754,7243.7,16.431,1.5187499523162842,4.999999873689376e-05,47393.97265625,-0.04294564574956894,47393.99609375,0.7850074768066406,0.0118979811668396,1.5873860120773315,0.0
2439.9286928645693,-55.39751665435275,1186.0987725822674,100.0,56,5600,False,4300800,43008,768,73b03aedc11d4733ad70480dfb5e4900,2020-03-24_09-23-42,1585041822,10.693566799163818,8113.2782118320465,2887,eclipse,137.195.211.213,8113.2782118320465,4300800,768,28,28696714,0.0,0.0,0.0,11.97574421461534,0.9887712719423486,1.4630199435196465,4227072,4300800,3320.793,5.687,7262.997,15.905,1.5187499523162842,4.999999873689376e-05,66870.625,-0.043468937277793884,66870.6484375,0.7085003852844238,0.01276148296892643,1.5759550333023071,0.0
2196.805024945101,-371.1606970946594,1085.2145950659121,100.0,56,5600,False,4306400,43064,769,73b03aedc11d4733ad70480dfb5e4900,2020-03-24_09-23-52,1585041832,10.688559532165527,8123.966771364212,2887,eclipse,137.195.211.213,8123.966771364212,4306400,769,28,28696714,0.0,0.0,0.0,11.976691111353603,0.9887607782916581,1.463018510484324,4232576,4306400,3318.912,5.693,7265.168,16.571,1.5187499523162842,4.999999873689376e-05,69773.140625,-0.043621327728033066,69773.171875,0.68398517370224,0.011112836189568043,1.646825909614563,0.0
2217.442398793817,-69.77961570605122,1076.2721172665958,100.0,56,5600,False,4312000,43120,770,73b03aedc11d4733ad70480dfb5e4900,2020-03-24_09-24-03,1585041843,10.67328667640686,8134.640058040619,2887,eclipse,137.195.211.213,8134.640058040619,4312000,770,28,28696714,0.0,0.0,0.0,11.977343891193032,0.9887419128104665,1.4630062274608837,4238080,4312000,3315.639,5.699,7265.467,16.227,1.5187499523162842,4.999999873689376e-05,61826.62109375,-0.04087293520569801,61826.640625,0.7184898853302002,0.013452316634356976,1.6622158288955688,0.0
2405.892247013928,-61.81178725107107,1193.8100844484948,100.0,56,5600,False,4317600,43176,771,73b03aedc11d4733ad70480dfb5e4900,2020-03-24_09-24-14,1585041854,10.676384687423706,8145.316442728043,2887,eclipse,137.195.211.213,8145.316442728043,4317600,771,28,28696714,0.0,0.0,0.0,11.978105387397054,0.9887271979158941,1.4629701848984364,4243584,4317600,3320.375,5.68,7267.561,16.411,1.5187499523162842,4.999999873689376e-05,48127.6953125,-0.046697232872247696,48127.72265625,0.7955946922302246,0.012318534776568413,1.8401719331741333,0.0
2405.892247013928,-61.241625544146395,1241.0259640242355,100.0,56,5600,False,4323200,43232,772,73b03aedc11d4733ad70480dfb5e4900,2020-03-24_09-24-25,1585041865,10.883928537368774,8156.200371265411,2887,eclipse,137.195.211.213,8156.200371265411,4323200,772,28,28696714,0.0,0.0,0.0,11.979125016525527,0.9887249100114514,1.462945841723336,4249088,4323200,3328.024,5.635,7262.58,16.187,1.5187499523162842,4.999999873689376e-05,58221.234375,-0.03538712486624718,58221.25,0.7051585912704468,0.012537232600152493,1.3392894268035889,0.0
2346.2946810040994,-57.665011404720126,1214.0428344350132,100.0,56,5600,False,4328800,43288,773,73b03aedc11d4733ad70480dfb5e4900,2020-03-24_09-24-35,1585041875,10.644998550415039,8166.845369815826,2887,eclipse,137.195.211.213,8166.845369815826,4328800,773,28,28696714,0.0,0.0,0.0,11.980070814403781,0.988719070943722,1.4629196575639765,4254592,4328800,3330.543,5.8,7264.401,15.605,1.5187499523162842,4.999999873689376e-05,57048.46484375,-0.033584773540496826,57048.484375,0.7418920993804932,0.013467581942677498,1.531226396560669,0.0
2346.2946810040994,-57.665011404720126,1076.7396422634959,100.0,56,5600,False,4334400,43344,774,73b03aedc11d4733ad70480dfb5e4900,2020-03-24_09-24-46,1585041886,10.66281270980835,8177.508182525635,2887,eclipse,137.195.211.213,8177.508182525635,4334400,774,28,28696714,0.0,0.0,0.0,11.980622371298033,0.9887104261848421,1.4628859260285145,4260096,4334400,3324.477,6.121,7266.677,16.726,1.5187499523162842,4.999999873689376e-05,59646.66796875,-0.03730960190296173,59646.69140625,0.7199270725250244,0.011482175439596176,1.612327218055725,0.0
2352.9438888751392,-57.04174316631658,1165.5098553222174,100.0,56,5600,False,4340000,43400,775,73b03aedc11d4733ad70480dfb5e4900,2020-03-24_09-24-57,1585041897,10.67658019065857,8188.184762716293,2887,eclipse,137.195.211.213,8188.184762716293,4340000,775,28,28696714,0.0,0.0,0.0,11.981317161411688,0.9887195433917175,1.4628474970711298,4265600,4340000,3324.122,5.892,7269.293,17.248,1.5187499523162842,4.999999873689376e-05,64418.5703125,-0.03983336687088013,64418.5859375,0.7060526013374329,0.013354483991861343,1.3292917013168335,0.0
2352.9438888751392,-541.4443146077289,1242.9086774590119,100.0,56,5600,False,4345600,43456,776,73b03aedc11d4733ad70480dfb5e4900,2020-03-24_09-25-07,1585041907,10.542131662368774,8198.726894378662,2887,eclipse,137.195.211.213,8198.726894378662,4345600,776,28,28696714,0.0,0.0,0.0,11.982402306172144,0.9887297266485315,1.4628179010117355,4271104,4345600,3335.42,5.82,7254.334,16.978,1.5187499523162842,4.999999873689376e-05,81914.453125,-0.04261593148112297,81914.46875,0.5993770956993103,0.01274893432855606,1.5408871173858643,0.0
2187.5976136033937,-541.4443146077289,1136.8309178895533,100.0,56,5600,False,4351200,43512,777,73b03aedc11d4733ad70480dfb5e4900,2020-03-24_09-25-18,1585041918,10.77638030052185,8209.503274679184,2887,eclipse,137.195.211.213,8209.503274679184,4351200,777,28,28696714,0.0,0.0,0.0,11.98409614888866,0.9888020538081929,1.463019881006511,4276608,4351200,3371.304,5.827,7229.669,17.272,1.5187499523162842,4.999999873689376e-05,81482.9921875,-0.049514904618263245,81483.0234375,0.7122238278388977,0.01253786776214838,1.637101411819458,0.0
2318.073741134651,-519.1192490578536,1082.1795339839437,100.0,56,5600,False,4356800,43568,778,73b03aedc11d4733ad70480dfb5e4900,2020-03-24_09-25-30,1585041930,11.391223907470703,8220.894498586655,2887,eclipse,137.195.211.213,8220.894498586655,4356800,778,28,28696714,0.0,0.0,0.0,11.986945982670365,0.9890296447571848,1.4636640866387645,4282112,4356800,3466.07,5.936,7202.358,17.482,1.5187499523162842,4.999999873689376e-05,73724.34375,-0.04738842695951462,73724.359375,0.6295000910758972,0.012475200928747654,1.5621451139450073,0.0
2318.073741134651,-578.0384273797836,1208.0532368846864,100.0,56,5600,False,4362400,43624,779,73b03aedc11d4733ad70480dfb5e4900,2020-03-24_09-25-41,1585041941,10.919089555740356,8231.813588142395,2887,eclipse,137.195.211.213,8231.813588142395,4362400,779,28,28696714,0.0,0.0,0.0,11.989615771023205,0.9891587592274559,1.4641650284578263,4287616,4362400,3488.431,5.951,7203.941,16.515,1.5187499523162842,4.999999873689376e-05,75229.9140625,-0.045080844312906265,75229.9375,0.7136905789375305,0.011868911795318127,1.7748761177062988,0.0
2309.9567519055136,-529.9705280983992,1171.1802543094138,100.0,56,5600,False,4368000,43680,780,73b03aedc11d4733ad70480dfb5e4900,2020-03-24_09-25-51,1585041951,10.685104370117188,8242.498692512512,2887,eclipse,137.195.211.213,8242.498692512512,4368000,780,28,28696714,0.0,0.0,0.0,11.990911981924983,0.9891615217121439,1.464254534710148,4293120,4368000,3489.944,5.891,7204.917,15.956,1.5187499523162842,4.999999873689376e-05,66401.3828125,-0.04145665094256401,66401.4140625,0.680547297000885,0.01223285123705864,1.5384089946746826,0.0
2209.2769458003945,-49.87195982161507,1185.787623501962,100.0,56,5600,False,4373600,43736,781,73b03aedc11d4733ad70480dfb5e4900,2020-03-24_09-26-02,1585041962,10.682174682617188,8253.18086719513,2887,eclipse,137.195.211.213,8253.18086719513,4373600,781,28,28696714,0.0,0.0,0.0,11.991854000605517,0.9891568642986259,1.464229997549856,4298624,4373600,3489.209,5.614,7207.205,16.684,1.5187499523162842,4.999999873689376e-05,55350.9609375,-0.0453488864004612,55350.9765625,0.756249189376831,0.013346451334655285,1.5149928331375122,0.0
2331.2241051508668,-288.48595944034247,1041.2123968434025,100.0,56,5600,False,4379200,43792,782,73b03aedc11d4733ad70480dfb5e4900,2020-03-24_09-26-13,1585041973,10.638254642486572,8263.819121837616,2887,eclipse,137.195.211.213,8263.819121837616,4379200,782,28,28696714,0.0,0.0,0.0,11.992388810301913,0.9891361218714054,1.4642005076249525,4304128,4379200,3466.451,5.658,7204.71,17.137,1.5187499523162842,4.999999873689376e-05,60494.2890625,-0.049661945551633835,60494.32421875,0.7473379373550415,0.014432821422815323,1.7242125272750854,0.0
2331.2241051508668,-561.8137850288967,1022.7434984016706,100.0,56,5600,False,4384800,43848,783,73b03aedc11d4733ad70480dfb5e4900,2020-03-24_09-26-23,1585041983,10.66601848602295,8274.485140323639,2887,eclipse,137.195.211.213,8274.485140323639,4384800,783,28,28696714,0.0,0.0,0.0,11.992989015382307,0.989116547560208,1.4641748828290104,4309632,4384800,3469.614,5.715,7202.492,17.83,1.5187499523162842,4.999999873689376e-05,73011.4921875,-0.04346732795238495,73011.515625,0.6675665378570557,0.013514424674212933,1.594854712486267,0.0
2349.3775106979874,-299.2587570810649,1132.2188343672406,100.0,56,5600,False,4390400,43904,784,73b03aedc11d4733ad70480dfb5e4900,2020-03-24_09-26-34,1585041994,10.765506029129028,8285.250646352768,2887,eclipse,137.195.211.213,8285.250646352768,4390400,784,28,28696714,0.0,0.0,0.0,11.993613024895271,0.989113379519424,1.4641463739316651,4315136,4390400,3480.267,5.77,7202.024,17.532,1.5187499523162842,4.999999873689376e-05,63744.609375,-0.040219180285930634,63744.6328125,0.765235960483551,0.010942966677248478,1.7996503114700317,0.0
2366.593522768887,-330.42279058052134,1222.7752384632568,100.0,56,5600,False,4396000,43960,785,73b03aedc11d4733ad70480dfb5e4900,2020-03-24_09-26-45,1585042005,10.686142921447754,8295.936789274216,2887,eclipse,137.195.211.213,8295.936789274216,4396000,785,28,28696714,0.0,0.0,0.0,11.994391586567986,0.9891062655232693,1.4641124685345193,4320640,4396000,3477.223,5.979,7206.133,17.411,1.5187499523162842,4.999999873689376e-05,70775.78125,-0.04485606029629707,70775.8046875,0.6951558589935303,0.010917258448898792,1.479555606842041,0.0
2366.593522768887,-330.42279058052134,1176.7163613824393,100.0,56,5600,False,4401600,44016,786,73b03aedc11d4733ad70480dfb5e4900,2020-03-24_09-26-56,1585042016,10.811546087265015,8306.74833536148,2887,eclipse,137.195.211.213,8306.74833536148,4401600,786,28,28696714,0.0,0.0,0.0,11.99516885800825,0.9891027973565528,1.4640791766648846,4326144,4401600,3485.283,6.222,7225.789,16.191,1.5187499523162842,4.999999873689376e-05,45504.51953125,-0.04141987860202789,45504.5390625,0.8129796981811523,0.012457787990570068,1.6950829029083252,0.0
2359.5618316557234,-61.655111056025646,1187.683295370564,100.0,56,5600,False,4407200,44072,787,73b03aedc11d4733ad70480dfb5e4900,2020-03-24_09-27-07,1585042027,10.819243669509888,8317.56757903099,2887,eclipse,137.195.211.213,8317.56757903099,4407200,787,28,28696714,0.0,0.0,0.0,11.995862015623944,0.9891126827276725,1.4640544912793088,4331648,4407200,3454.283,6.68,7258.633,16.794,1.5187499523162842,4.999999873689376e-05,44839.99609375,-0.04135606065392494,44840.015625,0.8150553107261658,0.013674338348209858,1.5836000442504883,0.0
2359.5618316557234,-59.510780219423644,1135.8953558030728,100.0,56,5600,False,4412800,44128,788,73b03aedc11d4733ad70480dfb5e4900,2020-03-24_09-27-17,1585042037,10.594712734222412,8328.162291765213,2887,eclipse,137.195.211.213,8328.162291765213,4412800,788,28,28696714,0.0,0.0,0.0,11.99636403411464,0.989117996177947,1.4640323545689864,4337152,4412800,3356.349,6.769,7278.916,17.635,1.5187499523162842,4.999999873689376e-05,74280.03125,-0.041054654866456985,74280.0546875,0.6672013401985168,0.011223912239074707,1.4954975843429565,0.0
2312.796452734429,-523.7324468876151,1030.5741970313584,100.0,56,5600,False,4418400,44184,789,73b03aedc11d4733ad70480dfb5e4900,2020-03-24_09-27-28,1585042048,10.689148902893066,8338.851440668106,2887,eclipse,137.195.211.213,8338.851440668106,4418400,789,28,28696714,0.0,0.0,0.0,11.99667163486758,0.9891190254901838,1.4640153935937361,4342656,4418400,3327.732,6.82,7283.935,18.52,1.5187499523162842,4.999999873689376e-05,94275.5234375,-0.04785238951444626,94275.5546875,0.651425838470459,0.013451103121042252,1.8184688091278076,0.0
2312.796452734429,-523.7324468876151,1104.4365360548331,100.0,56,5600,False,4424000,44240,790,73b03aedc11d4733ad70480dfb5e4900,2020-03-24_09-27-39,1585042059,10.704314470291138,8349.555755138397,2887,eclipse,137.195.211.213,8349.555755138397,4424000,790,28,28696714,0.0,0.0,0.0,11.997171439196435,0.9891169606490038,1.4639893486899702,4348160,4424000,3327.912,6.912,7284.222,19.28,1.5187499523162842,4.999999873689376e-05,53581.24609375,-0.04514246806502342,53581.25390625,0.7478364706039429,0.013431748375296593,1.6018027067184448,0.0
2309.135080121492,-493.9599474824373,1129.5094173871855,100.0,56,5600,False,4429600,44296,791,73b03aedc11d4733ad70480dfb5e4900,2020-03-24_09-27-49,1585042069,10.60274052619934,8360.158495664597,2887,eclipse,137.195.211.213,8360.158495664597,4429600,791,28,28696714,0.0,0.0,0.0,11.997795819128669,0.9891071960010452,1.463976447484289,4353664,4429600,3322.299,7.034,7281.59,18.579,1.5187499523162842,4.999999873689376e-05,61684.91796875,-0.04483338072896004,61684.94140625,0.7479120492935181,0.012424987740814686,1.633690357208252,0.0
2206.830362337312,-493.9599474824373,1064.2300966154037,100.0,56,5600,False,4435200,44352,792,73b03aedc11d4733ad70480dfb5e4900,2020-03-24_09-28-00,1585042080,10.640208959579468,8370.798704624176,2887,eclipse,137.195.211.213,8370.798704624176,4435200,792,28,28696714,0.0,0.0,0.0,11.9985304037659,0.9891016488962978,1.463981548480627,4359168,4435200,3327.139,6.992,7279.126,18.674,1.5187499523162842,4.999999873689376e-05,86762.828125,-0.037832945585250854,86762.8515625,0.5707599520683289,0.012574371881783009,1.4635239839553833,0.0
2194.883607849336,-384.74015685018804,1169.6302082244522,100.0,56,5600,False,4440800,44408,793,73b03aedc11d4733ad70480dfb5e4900,2020-03-24_09-28-11,1585042091,10.713911771774292,8381.51261639595,2887,eclipse,137.195.211.213,8381.51261639595,4440800,793,28,28696714,0.0,0.0,0.0,11.999561362603481,0.9890961642754275,1.463970323287163,4364672,4440800,3328.966,6.569,7282.088,19.146,1.5187499523162842,4.999999873689376e-05,52387.00390625,-0.0384979210793972,52387.02734375,0.7651128768920898,0.01225543674081564,1.7299346923828125,0.0
2412.9126115218983,-57.25281524642393,1263.9371641880355,100.0,56,5600,False,4446400,44464,794,73b03aedc11d4733ad70480dfb5e4900,2020-03-24_09-28-22,1585042102,10.848294734954834,8392.360911130905,2887,eclipse,137.195.211.213,8392.360911130905,4446400,794,28,28696714,0.0,0.0,0.0,12.000556779367912,0.9890856814203258,1.4639419995416558,4370176,4446400,3340.467,6.356,7279.48,19.15,1.5187499523162842,4.999999873689376e-05,61158.2890625,-0.04680050164461136,61158.3125,0.7442002296447754,0.011837178841233253,1.7581325769424438,0.0
2503.4592208645754,-399.56418431518534,1350.3935911393048,100.0,56,5600,False,4452000,44520,795,73b03aedc11d4733ad70480dfb5e4900,2020-03-24_09-28-33,1585042113,10.663673877716064,8403.024585008621,2887,eclipse,137.195.211.213,8403.024585008621,4452000,795,28,28696714,0.0,0.0,0.0,12.001751532905367,0.9890947927269509,1.4639283866638326,4375680,4452000,3345.227,5.864,7276.098,18.383,1.5187499523162842,4.999999873689376e-05,57443.42578125,-0.042684752494096756,57443.44140625,0.7456652522087097,0.010842760093510151,1.7310328483581543,0.0
2503.4592208645754,-331.438579187929,1224.42050693495,100.0,56,5600,False,4457600,44576,796,73b03aedc11d4733ad70480dfb5e4900,2020-03-24_09-28-43,1585042123,10.632539510726929,8413.657124519348,2887,eclipse,137.195.211.213,8413.657124519348,4457600,796,28,28696714,0.0,0.0,0.0,12.00249893365999,0.9890897117110105,1.4639042983991402,4381184,4457600,3330.673,5.592,7273.593,18.928,1.5187499523162842,4.999999873689376e-05,70045.21875,-0.04485084116458893,70045.2421875,0.731113851070404,0.011681771837174892,1.6750619411468506,0.0
2261.894534015378,-331.438579187929,976.7132397232485,100.0,56,5600,False,4463200,44632,797,73b03aedc11d4733ad70480dfb5e4900,2020-03-24_09-28-54,1585042134,10.601598501205444,8424.258723020554,2887,eclipse,137.195.211.213,8424.258723020554,4463200,797,28,28696714,0.0,0.0,0.0,12.002752079024546,0.9890884750427524,1.4638808225559634,4386688,4463200,3320.22,4.832,7265.296,17.863,1.5187499523162842,4.999999873689376e-05,61523.25,-0.04489509388804436,61523.2734375,0.7080575227737427,0.012555931694805622,1.638298511505127,0.0
2296.4038354753575,-58.97392142057773,1097.3812851218295,100.0,56,5600,False,4468800,44688,798,73b03aedc11d4733ad70480dfb5e4900,2020-03-24_09-29-05,1585042145,10.668215274810791,8434.926938295364,2887,eclipse,137.195.211.213,8434.926938295364,4468800,798,28,28696714,0.0,0.0,0.0,12.003261448656326,0.9890893942824894,1.4638533397032967,4392192,4468800,3321.92,4.68,7271.004,17.268,1.5187499523162842,4.999999873689376e-05,51911.69140625,-0.04574593901634216,51911.71484375,0.798406720161438,0.01410968229174614,1.7428544759750366,0.0
2296.4038354753575,-393.3929056799794,1166.4443708587874,100.0,56,5600,False,4474400,44744,799,73b03aedc11d4733ad70480dfb5e4900,2020-03-24_09-29-15,1585042155,10.72978138923645,8445.6567196846,2887,eclipse,137.195.211.213,8445.6567196846,4474400,799,28,28696714,0.0,0.0,0.0,12.004032354409524,0.9890904497653265,1.4638311927053644,4397696,4474400,3332.446,4.687,7264.744,16.516,1.5187499523162842,4.999999873689376e-05,48241.92578125,-0.047934167087078094,48241.96484375,0.7845081686973572,0.01210688054561615,1.5871968269348145,0.0
2320.3398438957447,-393.3929056799794,1125.5218154094575,100.0,56,5600,False,4480000,44800,800,73b03aedc11d4733ad70480dfb5e4900,2020-03-24_09-29-26,1585042166,10.467496395111084,8456.124216079712,2887,eclipse,137.195.211.213,8456.124216079712,4480000,800,28,28696714,0.0,0.0,0.0,12.004814734224219,0.989087177018717,1.4638098753902011,4403200,4480000,3331.366,4.627,7242.387,15.64,1.5187499523162842,4.999999873689376e-05,62367.0703125,-0.04534035548567772,62367.09375,0.6911987066268921,0.011340409517288208,1.6680258512496948,0.0
2320.3398438957447,-63.42378099750352,1218.652600269251,100.0,56,5600,False,4485600,44856,801,73b03aedc11d4733ad70480dfb5e4900,2020-03-24_09-29-37,1585042177,10.778539180755615,8466.902755260468,2887,eclipse,137.195.211.213,8466.902755260468,4485600,801,28,28696714,0.0,0.0,0.0,12.005893356079971,0.9891190661464109,1.463869316589504,4408704,4485600,3356.691,4.559,7232.759,16.467,1.5187499523162842,4.999999873689376e-05,63240.19140625,-0.040290333330631256,63240.2109375,0.7346373200416565,0.013663404621183872,1.6619898080825806,0.0
2369.9504168296608,-418.4757895229539,1211.1875840789291,100.0,56,5600,False,4491200,44912,802,73b03aedc11d4733ad70480dfb5e4900,2020-03-24_09-29-47,1585042187,10.602061748504639,8477.504817008972,2887,eclipse,137.195.211.213,8477.504817008972,4491200,802,28,28696714,0.0,0.0,0.0,12.006893893975862,0.9891437128233318,1.4639012027776532,4414208,4491200,3353.759,4.697,7231.543,16.368,1.5187499523162842,4.999999873689376e-05,68258.484375,-0.0464337021112442,68258.5,0.6817836165428162,0.013862773776054382,1.5672065019607544,0.0
2369.9504168296608,-544.4276494361279,1134.2848732112998,100.0,56,5600,False,4496800,44968,803,73b03aedc11d4733ad70480dfb5e4900,2020-03-24_09-29-58,1585042198,10.657067060470581,8488.161884069443,2887,eclipse,137.195.211.213,8488.161884069443,4496800,803,28,28696714,0.0,0.0,0.0,12.007600667264114,0.989132640398937,1.4638571985894668,4419712,4496800,3350.97,4.9,7227.934,15.622,1.5187499523162842,4.999999873689376e-05,71393.6484375,-0.043682970106601715,71393.671875,0.6880749464035034,0.012440263293683529,1.4863864183425903,0.0
2325.5600857579607,-544.4276494361279,1175.3542548315902,100.0,56,5600,False,4502400,45024,804,73b03aedc11d4733ad70480dfb5e4900,2020-03-24_09-30-09,1585042209,10.539669036865234,8498.701553106308,2887,eclipse,137.195.211.213,8498.701553106308,4502400,804,28,28696714,0.0,0.0,0.0,12.008474232531125,0.9891313868714371,1.463834525924817,4425216,4502400,3337.83,4.869,7209.353,15.57,1.5187499523162842,4.999999873689376e-05,66311.4453125,-0.04384271800518036,66311.46875,0.6775241494178772,0.01375886145979166,1.5258592367172241,0.0
2289.0661771372806,-53.168833809462726,1176.7940202275743,100.0,56,5600,False,4508000,45080,805,73b03aedc11d4733ad70480dfb5e4900,2020-03-24_09-30-19,1585042219,10.36698842048645,8509.068541526794,2887,eclipse,137.195.211.213,8509.068541526794,4508000,805,28,28696714,0.0,0.0,0.0,12.00943209319068,0.9891462976129373,1.4638666660808963,4430720,4508000,3341.843,5.149,7175.446,15.583,1.5187499523162842,4.999999873689376e-05,63029.3828125,-0.04659915342926979,63029.40625,0.7075766324996948,0.012457875534892082,1.5067269802093506,0.0
2466.452952915345,-58.78343932447576,1242.623491062867,100.0,56,5600,False,4513600,45136,806,73b03aedc11d4733ad70480dfb5e4900,2020-03-24_09-30-30,1585042230,10.83527684211731,8519.903818368912,2887,eclipse,137.195.211.213,8519.903818368912,4513600,806,28,28696714,0.0,0.0,0.0,12.011055630736541,0.9892209941750487,1.4640423570363088,4436224,4513600,3393.927,5.202,7141.678,15.489,1.5187499523162842,4.999999873689376e-05,58449.15625,-0.04524458944797516,58449.1796875,0.7423809170722961,0.013281098566949368,1.3959531784057617,0.0
2466.452952915345,-58.78343932447576,1243.2997382888357,100.0,56,5600,False,4519200,45192,807,73b03aedc11d4733ad70480dfb5e4900,2020-03-24_09-30-41,1585042241,10.728762865066528,8530.632581233978,2887,eclipse,137.195.211.213,8530.632581233978,4519200,807,28,28696714,0.0,0.0,0.0,12.012655207066064,0.9892846603282385,1.4642203383693013,4441728,4519200,3415.603,5.447,7133.038,16.405,1.5187499523162842,4.999999873689376e-05,47217.15234375,-0.041899748146533966,47217.17578125,0.7918210625648499,0.01223776675760746,1.5983399152755737,0.0
2302.475579566124,-463.76730698771854,1050.7390384439402,100.0,56,5600,False,4524800,45248,808,73b03aedc11d4733ad70480dfb5e4900,2020-03-24_09-30-51,1585042251,10.587295770645142,8541.219877004623,2887,eclipse,137.195.211.213,8541.219877004623,4524800,808,28,28696714,0.0,0.0,0.0,12.013326444976776,0.9892880437731023,1.464244980072696,4447232,4524800,3409.947,5.519,7130.468,16.493,1.5187499523162842,4.999999873689376e-05,75572.453125,-0.041178151965141296,75572.4765625,0.676347553730011,0.011475139297544956,1.7483956813812256,0.0
2304.255573498994,-238.9454311850338,1091.0589780110836,100.0,56,5600,False,4530400,45304,809,73b03aedc11d4733ad70480dfb5e4900,2020-03-24_09-31-02,1585042262,10.650146245956421,8551.87002325058,2887,eclipse,137.195.211.213,8551.87002325058,4530400,809,28,28696714,0.0,0.0,0.0,12.013951477096507,0.9892835240870751,1.4642183593145737,4452736,4530400,3407.337,5.47,7126.015,16.774,1.5187499523162842,4.999999873689376e-05,78917.046875,-0.04164924845099449,78917.078125,0.6474766731262207,0.011640452779829502,1.5161280632019043,0.0
2218.364238062429,-238.9454311850338,1229.6626073047578,100.0,56,5600,False,4536000,45360,810,73b03aedc11d4733ad70480dfb5e4900,2020-03-24_09-31-13,1585042273,10.669116497039795,8562.53913974762,2887,eclipse,137.195.211.213,8562.53913974762,4536000,810,28,28696714,0.0,0.0,0.0,12.01483536601443,0.9892888935018241,1.4642132872931095,4458240,4536000,3403.476,5.195,7150.871,17.314,1.5187499523162842,4.999999873689376e-05,53327.515625,-0.04578481987118721,53327.546875,0.7414686679840088,0.01370039489120245,1.4900001287460327,0.0
2216.5285777724566,-59.11704194160795,1244.8837367413234,100.0,56,5600,False,4541600,45416,811,73b03aedc11d4733ad70480dfb5e4900,2020-03-24_09-31-23,1585042283,10.685632705688477,8573.224772453308,2887,eclipse,137.195.211.213,8573.224772453308,4541600,811,28,28696714,0.0,0.0,0.0,12.01569855851058,0.9893026721800685,1.4642056362712332,4463744,4541600,3387.212,5.272,7159.366,17.126,1.5187499523162842,4.999999873689376e-05,45533.22265625,-0.04628261178731918,45533.25,0.772341251373291,0.01219387911260128,1.4099527597427368,0.0
2247.53110543619,-332.9005731261208,1242.3264653164065,100.0,56,5600,False,4547200,45472,812,73b03aedc11d4733ad70480dfb5e4900,2020-03-24_09-31-34,1585042294,10.621915817260742,8583.846688270569,2887,eclipse,137.195.211.213,8583.846688270569,4547200,812,28,28696714,0.0,0.0,0.0,12.016506946342052,0.9893092250104624,1.4641731262724387,4469248,4547200,3382.514,5.171,7164.742,17.219,1.5187499523162842,4.999999873689376e-05,74014.125,-0.04353674128651619,74014.1484375,0.6227555871009827,0.011952904984354973,1.4677218198776245,0.0
2247.53110543619,-332.9005731261208,1190.387650575357,100.0,56,5600,False,4552800,45528,813,73b03aedc11d4733ad70480dfb5e4900,2020-03-24_09-31-45,1585042305,10.613260269165039,8594.459948539734,2887,eclipse,137.195.211.213,8594.459948539734,4552800,813,28,28696714,0.0,0.0,0.0,12.01723963588824,0.9892937288059209,1.4641209750119095,4474752,4552800,3382.083,5.191,7163.391,16.563,1.5187499523162842,4.999999873689376e-05,44760.00390625,-0.04453890770673752,44760.03125,0.7858325839042664,0.012754213064908981,1.5006080865859985,0.0
2279.6838401885907,-60.561397856425096,1115.6307428217383,100.0,56,5600,False,4558400,45584,814,73b03aedc11d4733ad70480dfb5e4900,2020-03-24_09-31-55,1585042315,10.592203855514526,8605.052152395248,2887,eclipse,137.195.211.213,8605.052152395248,4558400,814,28,28696714,0.0,0.0,0.0,12.017655362131464,0.9892887788748362,1.4640994910420146,4480256,4558400,3379.014,5.21,7172.623,15.891,1.5187499523162842,4.999999873689376e-05,52937.34765625,-0.04641197621822357,52937.37890625,0.7731045484542847,0.013957429677248001,1.3479760885238647,0.0
2364.444836682978,-472.2578933599231,1039.836392591942,100.0,56,5600,False,4564000,45640,815,73b03aedc11d4733ad70480dfb5e4900,2020-03-24_09-32-06,1585042326,10.570678949356079,8615.622831344604,2887,eclipse,137.195.211.213,8615.622831344604,4564000,815,28,28696714,0.0,0.0,0.0,12.017926303066865,0.9892945972461442,1.4640901007975284,4485760,4564000,3366.884,5.146,7204.135,16.446,1.5187499523162842,4.999999873689376e-05,73208.125,-0.041354455053806305,73208.1484375,0.6650320291519165,0.013506943359971046,1.3356858491897583,0.0
2370.777014683221,-472.2578933599231,1165.7022794846584,100.0,56,5600,False,4569600,45696,816,73b03aedc11d4733ad70480dfb5e4900,2020-03-24_09-32-17,1585042337,10.683881282806396,8626.30671262741,2887,eclipse,137.195.211.213,8626.30671262741,4569600,816,28,28696714,0.0,0.0,0.0,12.018639153019071,0.989297250809749,1.464069060293092,4491264,4569600,3322.023,5.165,7234.123,17.013,1.5187499523162842,4.999999873689376e-05,60601.55078125,-0.04019792750477791,60601.58203125,0.7083404064178467,0.011967798694968224,1.4539927244186401,0.0
2370.777014683221,-57.17619564267512,1202.855773217404,100.0,56,5600,False,4575200,45752,817,73b03aedc11d4733ad70480dfb5e4900,2020-03-24_09-32-27,1585042347,10.647550106048584,8636.95426273346,2887,eclipse,137.195.211.213,8636.95426273346,4575200,817,28,28696714,0.0,0.0,0.0,12.019418441704465,0.9892941053895774,1.4640499738416626,4496768,4575200,3298.859,5.228,7247.423,17.363,1.5187499523162842,4.999999873689376e-05,79689.46875,-0.03816148638725281,79689.4765625,0.6034331917762756,0.015427615493535995,1.479594349861145,0.0
2283.4858034517742,-57.17619564267512,1110.2006604173032,100.0,56,5600,False,4580800,45808,818,73b03aedc11d4733ad70480dfb5e4900,2020-03-24_09-32-38,1585042358,10.695444822311401,8647.64970755577,2887,eclipse,137.195.211.213,8647.64970755577,4580800,818,28,28696714,0.0,0.0,0.0,12.020015550206233,0.9892854160366799,1.4640448719585475,4502272,4580800,3310.544,4.914,7247.339,17.571,1.5187499523162842,4.999999873689376e-05,49982.87890625,-0.050833623856306076,49982.90625,0.8134344220161438,0.012721884064376354,1.5582093000411987,0.0
2283.4858034517742,-76.91606523482595,1100.814786198372,100.0,56,5600,False,4586400,45864,819,73b03aedc11d4733ad70480dfb5e4900,2020-03-24_09-32-49,1585042369,10.630491256713867,8658.280198812485,2887,eclipse,137.195.211.213,8658.280198812485,4586400,819,28,28696714,0.0,0.0,0.0,12.020531998055258,0.9892681627555947,1.4640261552942297,4507776,4586400,3302.393,4.884,7250.661,18.151,1.5187499523162842,4.999999873689376e-05,57506.58203125,-0.04348362609744072,57506.60546875,0.7467591762542725,0.012974707409739494,1.5473219156265259,0.0
2304.8832356001158,-57.82718800577846,1108.959577040318,100.0,56,5600,False,4592000,45920,820,73b03aedc11d4733ad70480dfb5e4900,2020-03-24_09-32-59,1585042379,10.592203855514526,8668.872402668,2887,eclipse,137.195.211.213,8668.872402668,4592000,820,28,28696714,0.0,0.0,0.0,12.020998315877483,0.9892438854738461,1.463998181433177,4513280,4592000,3299.633,5.166,7246.728,17.613,1.5187499523162842,4.999999873689376e-05,78908.078125,-0.041139449924230576,78908.09375,0.6697725057601929,0.014191408641636372,1.2983824014663696,0.0
2277.9167548543714,-166.3183782438445,1088.436768178922,100.0,56,5600,False,4597600,45976,821,73b03aedc11d4733ad70480dfb5e4900,2020-03-24_09-33-10,1585042390,10.690202951431274,8679.56260561943,2887,eclipse,137.195.211.213,8679.56260561943,4597600,821,28,28696714,0.0,0.0,0.0,12.021458307207762,0.9892255732932449,1.4639640214132716,4518784,4597600,3299.012,5.409,7246.795,17.85,1.5187499523162842,4.999999873689376e-05,69579.5546875,-0.04389812797307968,69579.578125,0.7169281244277954,0.013223792426288128,1.523746371269226,0.0
2277.9167548543714,-55.575905036979144,1307.6460245751805,100.0,56,5600,False,4603200,46032,822,73b03aedc11d4733ad70480dfb5e4900,2020-03-24_09-33-21,1585042401,10.553369283676147,8690.115974903107,2887,eclipse,137.195.211.213,8690.115974903107,4603200,822,28,28696714,0.0,0.0,0.0,12.022499315543076,0.9892240195384363,1.4639342088730154,4524288,4603200,3299.569,5.357,7241.892,17.959,1.5187499523162842,4.999999873689376e-05,50804.30078125,-0.037873774766922,50804.32421875,0.7413190603256226,0.01291816495358944,1.4860605001449585,0.0
2344.9294500180795,-54.162545691042936,1321.4276614456758,100.0,56,5600,False,4608800,46088,823,73b03aedc11d4733ad70480dfb5e4900,2020-03-24_09-33-31,1585042411,10.679264068603516,8700.79523897171,2887,eclipse,137.195.211.213,8700.79523897171,4608800,823,28,28696714,0.0,0.0,0.0,12.023387652744987,0.9892166054591166,1.4639058384385177,4529792,4608800,3297.749,5.296,7248.374,18.803,1.5187499523162842,4.999999873689376e-05,63993.22265625,-0.04017426446080208,63993.25,0.7064318060874939,0.012982990592718124,1.352469563484192,0.0
2290.2193663397516,-600.3676427894827,1293.4889146966304,100.0,56,5600,False,4614400,46144,824,73b03aedc11d4733ad70480dfb5e4900,2020-03-24_09-33-42,1585042422,10.782582759857178,8711.577821731567,2887,eclipse,137.195.211.213,8711.577821731567,4614400,824,28,28696714,0.0,0.0,0.0,12.024347457501124,0.9892144627681683,1.4638822436990515,4535296,4614400,3310.006,5.333,7254.579,19.205,1.5187499523162842,4.999999873689376e-05,75184.8515625,-0.04625673219561577,75184.875,0.6326270699501038,0.011997711844742298,1.36807382106781,0.0
2280.826133146949,-600.3676427894827,1284.958264278451,100.0,56,5600,False,4620000,46200,825,73b03aedc11d4733ad70480dfb5e4900,2020-03-24_09-33-53,1585042433,10.626112222671509,8722.203933954239,2887,eclipse,137.195.211.213,8722.203933954239,4620000,825,28,28696714,0.0,0.0,0.0,12.025443104064458,0.9892102724694639,1.4638499817609443,4540800,4620000,3314.248,5.319,7256.305,19.532,1.5187499523162842,4.999999873689376e-05,63701.10546875,-0.04217274859547615,63701.12890625,0.7029778957366943,0.013465641997754574,1.3714815378189087,0.0
2296.3088936613026,-349.48587355182434,1353.5389202677734,100.0,56,5600,False,4625600,46256,826,73b03aedc11d4733ad70480dfb5e4900,2020-03-24_09-34-04,1585042444,10.744068145751953,8732.94800209999,2887,eclipse,137.195.211.213,8732.94800209999,4625600,826,28,28696714,0.0,0.0,0.0,12.026651578509604,0.9891981922796788,1.4638500173303333,4546304,4625600,3320.299,5.352,7256.702,19.015,1.5187499523162842,4.999999873689376e-05,40803.484375,-0.042829982936382294,40803.51171875,0.8095430135726929,0.012678992003202438,1.387032151222229,0.0
2296.3088936613026,-58.32578530780178,1188.070991457766,100.0,56,5600,False,4631200,46312,827,73b03aedc11d4733ad70480dfb5e4900,2020-03-24_09-34-14,1585042454,10.535210371017456,8743.483212471008,2887,eclipse,137.195.211.213,8743.483212471008,4631200,827,28,28696714,0.0,0.0,0.0,12.027356898323374,0.9891998617167365,1.4638413783246835,4551808,4631200,3317.638,5.334,7250.298,18.433,1.5187499523162842,4.999999873689376e-05,69022.2578125,-0.044217731803655624,69022.2890625,0.7223954200744629,0.014661299996078014,1.3832179307937622,0.0
2442.2727539508296,-64.67177957228405,1156.9853645068117,100.0,56,5600,False,4636800,46368,828,73b03aedc11d4733ad70480dfb5e4900,2020-03-24_09-34-25,1585042465,10.690337181091309,8754.1735496521,2887,eclipse,137.195.211.213,8754.1735496521,4636800,828,28,28696714,0.0,0.0,0.0,12.02796220997684,0.9891979941006781,1.4637930748122683,4557312,4636800,3317.386,5.532,7249.746,17.429,1.5187499523162842,4.999999873689376e-05,65152.55859375,-0.04422374814748764,65152.57421875,0.7065982222557068,0.016040267422795296,1.2512791156768799,0.0
2442.2727539508296,-397.2450723764492,1126.7250143317046,100.0,56,5600,False,4642400,46424,829,73b03aedc11d4733ad70480dfb5e4900,2020-03-24_09-34-36,1585042476,10.56917691230774,8764.742726564407,2887,eclipse,137.195.211.213,8764.742726564407,4642400,829,28,28696714,0.0,0.0,0.0,12.028528223821615,0.9891955897875525,1.4637575264466594,4562816,4642400,3315.2,5.596,7246.941,17.18,1.5187499523162842,4.999999873689376e-05,80899.96875,-0.041298914700746536,80899.984375,0.6910468935966492,0.013856635428965092,1.31320059299469,0.0
2240.742790973829,-522.7266558256881,1172.5846894948052,100.0,56,5600,False,4648000,46480,830,73b03aedc11d4733ad70480dfb5e4900,2020-03-24_09-34-46,1585042486,10.697347640991211,8775.440074205399,2887,eclipse,137.195.211.213,8775.440074205399,4648000,830,28,28696714,0.0,0.0,0.0,12.029220090957423,0.9891911543431254,1.4637202093857287,4568320,4648000,3323.492,5.761,7248.087,17.482,1.5187499523162842,4.999999873689376e-05,70852.421875,-0.04388538748025894,70852.4453125,0.7030508518218994,0.014747023582458496,1.4069902896881104,0.0
2333.2952056501763,-522.7266558256881,1141.487092493871,100.0,56,5600,False,4653600,46536,831,73b03aedc11d4733ad70480dfb5e4900,2020-03-24_09-34-57,1585042497,10.700041055679321,8786.140115261078,2887,eclipse,137.195.211.213,8786.140115261078,4653600,831,28,28696714,0.0,0.0,0.0,12.029931764437173,0.9892021711987717,1.463678292852024,4573824,4653600,3327.908,5.641,7244.46,17.204,1.5187499523162842,4.999999873689376e-05,47525.1953125,-0.041362863034009933,47525.21875,0.7775333523750305,0.012300215661525726,1.4508408308029175,0.0
2333.2952056501763,-50.59217047902386,1253.5317392955264,100.0,56,5600,False,4659200,46592,832,73b03aedc11d4733ad70480dfb5e4900,2020-03-24_09-35-08,1585042508,10.557689905166626,8796.697805166245,2887,eclipse,137.195.211.213,8796.697805166245,4659200,832,28,28696714,0.0,0.0,0.0,12.030771335205763,0.989199239347885,1.4636346106268063,4579328,4659200,3336.527,5.716,7235.391,17.218,1.5187499523162842,4.999999873689376e-05,40339.6484375,-0.04478222131729126,40339.671875,0.8297451138496399,0.0113848140463233,1.6498043537139893,0.0
2431.1869427649835,-367.660384703881,1135.854795368127,100.0,56,5600,False,4664800,46648,833,73b03aedc11d4733ad70480dfb5e4900,2020-03-24_09-35-18,1585042518,10.247731447219849,8806.945536613464,2887,eclipse,137.195.211.213,8806.945536613464,4664800,833,28,28696714,0.0,0.0,0.0,12.03141785572566,0.9892006427321743,1.4636611973347222,4584832,4664800,3333.933,5.744,7196.21,16.849,1.5187499523162842,4.999999873689376e-05,77109.375,-0.03742655739188194,77109.390625,0.6768103241920471,0.016180865466594696,1.1892495155334473,0.0
2431.1869427649835,-367.660384703881,1103.7502566856424,100.0,56,5600,False,4670400,46704,834,73b03aedc11d4733ad70480dfb5e4900,2020-03-24_09-35-29,1585042529,10.783840656280518,8817.729377269745,2887,eclipse,137.195.211.213,8817.729377269745,4670400,834,28,28696714,0.0,0.0,0.0,12.032632316846229,0.9892580532013704,1.463835428981353,4590336,4670400,3356.66,5.748,7174.54,17.042,1.5187499523162842,4.999999873689376e-05,55429.01171875,-0.03729074075818062,55429.03515625,0.7601590752601624,0.012020278722047806,1.4978302717208862,0.0
2214.616908133436,-181.15238972782078,1134.7472948336826,100.0,56,5600,False,4676000,46760,835,73b03aedc11d4733ad70480dfb5e4900,2020-03-24_09-35-40,1585042540,10.89280891418457,8828.62218618393,2887,eclipse,137.195.211.213,8828.62218618393,4676000,835,28,28696714,0.0,0.0,0.0,12.034165845558741,0.9893657278813991,1.4640428857838788,4595840,4676000,3380.294,5.763,7177.425,17.025,1.5187499523162842,4.999999873689376e-05,75955.3359375,-0.03795548155903816,75955.3515625,0.6443227529525757,0.012723428197205067,1.3358159065246582,0.0
2249.653059474057,-181.15238972782078,1165.1650101469597,100.0,56,5600,False,4681600,46816,836,73b03aedc11d4733ad70480dfb5e4900,2020-03-24_09-35-51,1585042551,10.704975128173828,8839.327161312103,2887,eclipse,137.195.211.213,8839.327161312103,4681600,836,28,28696714,0.0,0.0,0.0,12.035253090980728,0.9894063063989421,1.464126560125911,4601344,4681600,3373.786,5.817,7178.864,17.925,1.5187499523162842,4.999999873689376e-05,69065.59375,-0.03553318604826927,69065.6015625,0.6882128119468689,0.013180403970181942,1.5902684926986694,0.0
2258.305445492805,-241.6678273343727,1366.057504221445,100.0,56,5600,False,4687200,46872,837,73b03aedc11d4733ad70480dfb5e4900,2020-03-24_09-36-01,1585042561,10.648800373077393,8849.97596168518,2887,eclipse,137.195.211.213,8849.97596168518,4687200,837,28,28696714,0.0,0.0,0.0,12.036314452945957,0.9893853981936315,1.4641130354141945,4606848,4687200,3385.609,5.693,7177.021,17.959,1.5187499523162842,4.999999873689376e-05,55797.3359375,-0.03963480889797211,55797.34765625,0.7483800649642944,0.011916649527847767,1.490403413772583,0.0
2231.0780706089868,-56.8793559020576,1447.0753893396845,100.0,56,5600,False,4692800,46928,838,73b03aedc11d4733ad70480dfb5e4900,2020-03-24_09-36-12,1585042572,10.70475149154663,8860.680713176727,2887,eclipse,137.195.211.213,8860.680713176727,4692800,838,28,28696714,0.0,0.0,0.0,12.037548806751724,0.9893880665412027,1.464091700666002,4612352,4692800,3384.195,5.767,7180.253,18.964,1.5187499523162842,4.999999873689376e-05,66185.3984375,-0.03858254477381706,66185.4296875,0.6957056522369385,0.011310234665870667,1.4223703145980835,0.0
2293.378060375007,-578.3701610859113,1212.9523952768814,100.0,56,5600,False,4698400,46984,839,73b03aedc11d4733ad70480dfb5e4900,2020-03-24_09-36-23,1585042583,10.619280338287354,8871.299993515015,2887,eclipse,137.195.211.213,8871.299993515015,4698400,839,28,28696714,0.0,0.0,0.0,12.038283644618966,0.9893828479041413,1.4640588761648612,4617856,4698400,3390.16,5.965,7178.601,19.313,1.5187499523162842,4.999999873689376e-05,71277.1171875,-0.040647078305482864,71277.140625,0.7230588793754578,0.012612028047442436,1.580692172050476,0.0
2318.3963750645994,-537.2314298196164,1218.7119630301622,100.0,56,5600,False,4704000,47040,840,73b03aedc11d4733ad70480dfb5e4900,2020-03-24_09-36-33,1585042593,10.64218521118164,8881.942178726196,2887,eclipse,137.195.211.213,8881.942178726196,4704000,840,28,28696714,0.0,0.0,0.0,12.03904953075988,0.9893574707607177,1.4640252122542572,4623360,4704000,3387.7,5.73,7176.693,19.462,1.5187499523162842,4.999999873689376e-05,54355.77734375,-0.041796036064624786,54355.80078125,0.7449889183044434,0.01514859963208437,1.3762569427490234,0.0
2606.8232048828313,-219.70559938510277,1122.8770026326579,100.0,56,5600,False,4709600,47096,841,73b03aedc11d4733ad70480dfb5e4900,2020-03-24_09-36-44,1585042604,10.509032249450684,8892.451210975647,2887,eclipse,137.195.211.213,8892.451210975647,4709600,841,28,28696714,0.0,0.0,0.0,12.039626754473243,0.9893423531375092,1.4639923467813178,4628864,4709600,3373.733,5.657,7172.614,19.5,1.5187499523162842,4.999999873689376e-05,72108.5859375,-0.04715242609381676,72108.6015625,0.7261943221092224,0.013201235793530941,1.4569677114486694,0.0
2606.8232048828313,-56.037589819265605,1237.1977962612139,100.0,56,5600,False,4715200,47152,842,73b03aedc11d4733ad70480dfb5e4900,2020-03-24_09-36-55,1585042615,10.628735303878784,8903.079946279526,2887,eclipse,137.195.211.213,8903.079946279526,4715200,842,28,28696714,0.0,0.0,0.0,12.040249487538722,0.9893434655780918,1.463967671587753,4634368,4715200,3368.287,5.623,7184.312,19.755,1.5187499523162842,4.999999873689376e-05,60850.8359375,-0.040359072387218475,60850.85546875,0.7203721404075623,0.013040266931056976,1.472244143486023,0.0
2247.491546091867,-45.60618351689811,1216.791616517086,100.0,56,5600,False,4720800,47208,843,73b03aedc11d4733ad70480dfb5e4900,2020-03-24_09-37-05,1585042625,10.670474767684937,8913.75042104721,2887,eclipse,137.195.211.213,8913.75042104721,4720800,843,28,28696714,0.0,0.0,0.0,12.04090416377312,0.9893450746651233,1.4639389834138807,4639872,4720800,3373.922,5.651,7221.024,20.025,1.5187499523162842,4.999999873689376e-05,40637.44921875,-0.04483206197619438,40637.46875,0.8235907554626465,0.013728433288633823,1.2863354682922363,0.0
2266.4477031770257,-56.948722122549384,1192.5192047006788,100.0,56,5600,False,4726400,47264,844,73b03aedc11d4733ad70480dfb5e4900,2020-03-24_09-37-16,1585042636,10.68263578414917,8924.43305683136,2887,eclipse,137.195.211.213,8924.43305683136,4726400,844,28,28696714,0.0,0.0,0.0,12.041699129065991,0.9893441543520406,1.4638966477464999,4645376,4726400,3338.705,5.565,7245.378,20.233,1.5187499523162842,4.999999873689376e-05,51428.265625,-0.050862107425928116,51428.296875,0.7486733794212341,0.011819330975413322,1.3851550817489624,0.0
2266.4477031770257,-435.2727238768656,1202.678410772577,100.0,56,5600,False,4732000,47320,845,73b03aedc11d4733ad70480dfb5e4900,2020-03-24_09-37-27,1585042647,10.683382034301758,8935.116438865662,2887,eclipse,137.195.211.213,8935.116438865662,4732000,845,28,28696714,0.0,0.0,0.0,12.042469996302529,0.9893330687811536,1.4638562401076556,4650880,4732000,3318.713,5.609,7245.176,19.402,1.5187499523162842,4.999999873689376e-05,80974.7109375,-0.040879104286432266,80974.7265625,0.675176203250885,0.014227131381630898,1.5494227409362793,0.0
2350.5698977172315,-435.2727238768656,1199.7810337379453,100.0,56,5600,False,4737600,47376,846,73b03aedc11d4733ad70480dfb5e4900,2020-03-24_09-37-37,1585042657,10.629883050918579,8945.74632191658,2887,eclipse,137.195.211.213,8945.74632191658,4737600,846,28,28696714,0.0,0.0,0.0,12.043161646335754,0.9893217971348409,1.4638248650412629,4656384,4737600,3325.878,5.488,7231.56,18.545,1.5187499523162842,4.999999873689376e-05,72752.40625,-0.04922743886709213,72752.4296875,0.6596819162368774,0.013262861408293247,1.3810157775878906,0.0
2350.5698977172315,-267.09659935560063,1129.2354124393619,100.0,56,5600,False,4743200,47432,847,73b03aedc11d4733ad70480dfb5e4900,2020-03-24_09-37-48,1585042668,10.349797487258911,8956.09611940384,2887,eclipse,137.195.211.213,8956.09611940384,4743200,847,28,28696714,0.0,0.0,0.0,12.043743745750811,0.9893176570873328,1.4637983464839532,4661888,4743200,3316.032,5.299,7212.541,18.672,1.5187499523162842,4.999999873689376e-05,68584.40625,-0.04039626568555832,68584.421875,0.6403894424438477,0.011771387420594692,1.3674465417861938,0.0
2302.3971341273163,-62.72484048557782,1154.7193507685274,100.0,56,5600,False,4748800,47488,848,73b03aedc11d4733ad70480dfb5e4900,2020-03-24_09-37-58,1585042678,10.659916877746582,8966.756036281586,2887,eclipse,137.195.211.213,8966.756036281586,4748800,848,28,28696714,0.0,0.0,0.0,12.04428613937628,0.9893041745779959,1.4637707703287008,4667392,4748800,3308.618,5.613,7213.661,18.568,1.5187499523162842,4.999999873689376e-05,71678.0078125,-0.045880552381277084,71678.03125,0.6953966021537781,0.01339159719645977,1.5729423761367798,0.0
2308.6498868454855,-431.44619351928355,1146.4743814387243,100.0,56,5600,False,4754400,47544,849,73b03aedc11d4733ad70480dfb5e4900,2020-03-24_09-38-09,1585042689,10.70053744316101,8977.456573724747,2887,eclipse,137.195.211.213,8977.456573724747,4754400,849,28,28696714,0.0,0.0,0.0,12.044807532206532,0.9892801310786317,1.4637150434987616,4672896,4754400,3309.644,5.326,7221.669,18.177,1.5187499523162842,4.999999873689376e-05,50178.484375,-0.04234648495912552,50178.50390625,0.7955427169799805,0.011574994772672653,1.5587513446807861,0.0
2366.005930918368,-431.44619351928355,1085.1856525450532,100.0,56,5600,False,4760000,47600,850,73b03aedc11d4733ad70480dfb5e4900,2020-03-24_09-38-20,1585042700,10.689502477645874,8988.146076202393,2887,eclipse,137.195.211.213,8988.146076202393,4760000,850,28,28696714,0.0,0.0,0.0,12.045302283099495,0.9892806155787024,1.463682964076841,4678400,4760000,3308.18,5.412,7226.011,18.196,1.5187499523162842,4.999999873689376e-05,62925.9765625,-0.04552889242768288,62926.00390625,0.7258849740028381,0.012137381359934807,1.2508108615875244,0.0
2366.005930918368,-54.05770122187003,1115.6152633124016,100.0,56,5600,False,4765600,47656,851,73b03aedc11d4733ad70480dfb5e4900,2020-03-24_09-38-31,1585042711,10.730415344238281,8998.87649154663,2887,eclipse,137.195.211.213,8998.87649154663,4765600,851,28,28696714,0.0,0.0,0.0,12.04584316395386,0.9892766631873213,1.463666030783904,4683904,4765600,3320.173,5.538,7233.537,18.404,1.5187499523162842,4.999999873689376e-05,62501.09375,-0.04375964403152466,62501.1171875,0.7127482295036316,0.01200826745480299,1.4489190578460693,0.0
2275.5830314799246,-54.05770122187003,1174.6932952450532,100.0,56,5600,False,4771200,47712,852,73b03aedc11d4733ad70480dfb5e4900,2020-03-24_09-38-41,1585042721,10.65928053855896,9009.53577208519,2887,eclipse,137.195.211.213,9009.53577208519,4771200,852,28,28696714,0.0,0.0,0.0,12.046390681881821,0.9892737420908522,1.4636282461069223,4689408,4771200,3322.524,5.529,7233.106,18.19,1.5187499523162842,4.999999873689376e-05,73860.125,-0.04139875993132591,73860.1484375,0.7080516219139099,0.012487329542636871,1.5058684349060059,0.0
2275.5830314799246,-53.37531080529425,1260.0079614320957,100.0,56,5600,False,4776800,47768,853,73b03aedc11d4733ad70480dfb5e4900,2020-03-24_09-38-52,1585042732,10.701988458633423,9020.237760543823,2887,eclipse,137.195.211.213,9020.237760543823,4776800,853,28,28696714,0.0,0.0,0.0,12.047120513311338,0.9892808633960165,1.4636139704462372,4694912,4776800,3325.917,5.527,7233.051,17.616,1.5187499523162842,4.999999873689376e-05,65098.6796875,-0.04171423986554146,65098.703125,0.6994300484657288,0.013272152282297611,1.5204235315322876,0.0
2345.4257199869076,-409.17685068432564,1309.5634724799297,100.0,56,5600,False,4782400,47824,854,73b03aedc11d4733ad70480dfb5e4900,2020-03-24_09-39-03,1585042743,10.7364342212677,9030.974194765091,2887,eclipse,137.195.211.213,9030.974194765091,4782400,854,28,28696714,0.0,0.0,0.0,12.048058540759664,0.9892693749865531,1.4636139894430553,4700416,4782400,3335.702,5.577,7227.684,17.217,1.5187499523162842,4.999999873689376e-05,71936.4453125,-0.047480832785367966,71936.46875,0.7007478475570679,0.01237973477691412,1.4593195915222168,0.0
2345.4257199869076,-60.07207557421451,1213.5670440226231,100.0,56,5600,False,4788000,47880,855,73b03aedc11d4733ad70480dfb5e4900,2020-03-24_09-39-14,1585042754,10.6353440284729,9041.609538793564,2887,eclipse,137.195.211.213,9041.609538793564,4788000,855,28,28696714,0.0,0.0,0.0,12.048840826369904,0.9892704878479983,1.4635892152436798,4705920,4788000,3331.813,5.542,7225.435,18.007,1.5187499523162842,4.999999873689376e-05,71638.1875,-0.044834066182374954,71638.21875,0.6915698051452637,0.012405646033585072,1.4465237855911255,0.0
2253.5579513492817,-344.1238650947831,1179.8242978386877,100.0,56,5600,False,4793600,47936,856,73b03aedc11d4733ad70480dfb5e4900,2020-03-24_09-39-24,1585042764,10.702573776245117,9052.312112569809,2887,eclipse,137.195.211.213,9052.312112569809,4793600,856,28,28696714,0.0,0.0,0.0,12.04949948564431,0.9892732319306586,1.46355214552161,4711424,4793600,3324.894,5.558,7237.679,18.633,1.5187499523162842,4.999999873689376e-05,48731.171875,-0.04357360675930977,48731.19921875,0.8136255741119385,0.011135698296129704,1.8594410419464111,0.0
2242.513093455452,-344.1238650947831,1303.4630123347906,100.0,56,5600,False,4799200,47992,857,73b03aedc11d4733ad70480dfb5e4900,2020-03-24_09-39-35,1585042775,10.691492319107056,9063.003604888916,2887,eclipse,137.195.211.213,9063.003604888916,4799200,857,28,28696714,0.0,0.0,0.0,12.050342723459881,0.9892635639891776,1.463523188145303,4716928,4799200,3335.591,6.134,7258.766,18.683,1.5187499523162842,4.999999873689376e-05,53679.21484375,-0.03343861550092697,53679.234375,0.7664427757263184,0.012542634271085262,1.4935970306396484,0.0
2339.5366008501132,-449.62473353899725,1165.2946937795032,100.0,56,5600,False,4804800,48048,858,73b03aedc11d4733ad70480dfb5e4900,2020-03-24_09-39-46,1585042786,10.566025972366333,9073.569630861282,2887,eclipse,137.195.211.213,9073.569630861282,4804800,858,28,28696714,0.0,0.0,0.0,12.050869010892848,0.9892503633390143,1.463505838764246,4722432,4804800,3329.287,5.8,7256.414,18.28,1.5187499523162842,4.999999873689376e-05,85865.3984375,-0.045888759195804596,85865.4296875,0.6635704636573792,0.011898589320480824,1.393060326576233,0.0
2339.5366008501132,-449.62473353899725,1160.0636708920053,100.0,56,5600,False,4810400,48104,859,73b03aedc11d4733ad70480dfb5e4900,2020-03-24_09-39-56,1585042796,10.703534126281738,9084.273164987564,2887,eclipse,137.195.211.213,9084.273164987564,4810400,859,28,28696714,0.0,0.0,0.0,12.051479224211109,0.9892429701179805,1.463470325900401,4727936,4810400,3344.426,5.919,7242.091,18.558,1.5187499523162842,4.999999873689376e-05,63031.453125,-0.04807912930846214,63031.4765625,0.7363653182983398,0.011061886325478554,1.4669119119644165,0.0
2286.775080143246,-449.2567946633291,1245.811278328758,100.0,56,5600,False,4816000,48160,860,73b03aedc11d4733ad70480dfb5e4900,2020-03-24_09-40-07,1585042807,10.44002652168274,9094.713191509247,2887,eclipse,137.195.211.213,9094.713191509247,4816000,860,28,28696714,0.0,0.0,0.0,12.05230927304152,0.9892317520849947,1.4634234326948496,4733440,4816000,3344.426,5.7,7218.891,18.553,1.5187499523162842,4.999999873689376e-05,66823.0390625,-0.04655538126826286,66823.0703125,0.7001961469650269,0.013850427232682705,1.477446436882019,0.0
2433.6692055014964,-226.60250891142357,1264.6128572750006,100.0,56,5600,False,4821600,48216,861,73b03aedc11d4733ad70480dfb5e4900,2020-03-24_09-40-17,1585042817,10.427375793457031,9105.140567302704,2887,eclipse,137.195.211.213,9105.140567302704,4821600,861,28,28696714,0.0,0.0,0.0,12.053366284051396,0.9892422039116094,1.4634429692836526,4738944,4821600,3352.46,5.663,7181.437,18.308,1.5187499523162842,4.999999873689376e-05,68464.515625,-0.05000462010502815,68464.5546875,0.681527316570282,0.012795725837349892,1.3585220575332642,0.0
2433.6692055014964,-115.84910178538196,1336.0180451269368,100.0,56,5600,False,4827200,48272,862,73b03aedc11d4733ad70480dfb5e4900,2020-03-24_09-40-28,1585042828,10.538353204727173,9115.678920507431,2887,eclipse,137.195.211.213,9115.678920507431,4827200,862,28,28696714,0.0,0.0,0.0,12.054754549596971,0.9892862748179206,1.4635248991695256,4744448,4827200,3364.808,5.557,7158.795,18.406,1.5187499523162842,4.999999873689376e-05,68336.8125,-0.04728344455361366,68336.8359375,0.6638340353965759,0.011928212828934193,1.377326488494873,0.0
2373.4416582094314,-51.31514979344685,1241.7274066697125,100.0,56,5600,False,4832800,48328,863,73b03aedc11d4733ad70480dfb5e4900,2020-03-24_09-40-39,1585042839,10.938774347305298,9126.617694854736,2887,eclipse,137.195.211.213,9126.617694854736,4832800,863,28,28696714,0.0,0.0,0.0,12.055903493504454,0.9893788663674937,1.4636331278992742,4749952,4832800,3384.105,5.557,7162.799,18.937,1.5187499523162842,4.999999873689376e-05,66335.125,-0.043281812220811844,66335.1484375,0.7188749313354492,0.012774219736456871,1.3063757419586182,0.0
2287.246197743155,-311.16309785608087,1167.6498022347637,100.0,56,5600,False,4838400,48384,864,73b03aedc11d4733ad70480dfb5e4900,2020-03-24_09-40-50,1585042850,10.629602670669556,9137.247297525406,2887,eclipse,137.195.211.213,9137.247297525406,4838400,864,28,28696714,0.0,0.0,0.0,12.056744035109851,0.9894169899699482,1.4636686486449946,4755456,4838400,3373.183,5.302,7164.863,18.896,1.5187499523162842,4.999999873689376e-05,66551.1015625,-0.04283604398369789,66551.125,0.7252200245857239,0.012134501710534096,1.375195026397705,0.0
2205.514381089693,-482.53792042583734,1167.683293860928,100.0,56,5600,False,4844000,48440,865,73b03aedc11d4733ad70480dfb5e4900,2020-03-24_09-41-00,1585042860,10.77382779121399,9148.02112531662,2887,eclipse,137.195.211.213,9148.02112531662,4844000,865,28,28696714,0.0,0.0,0.0,12.05741869288003,0.9894013145601275,1.4636357301324165,4760960,4844000,3385.248,5.576,7165.978,19.077,1.5187499523162842,4.999999873689376e-05,82230.2578125,-0.045451611280441284,82230.2890625,0.6566426753997803,0.012225385755300522,1.411739468574524,0.0
2303.324234034372,-482.53792042583734,1233.424340295173,100.0,56,5600,False,4849600,48496,866,73b03aedc11d4733ad70480dfb5e4900,2020-03-24_09-41-11,1585042871,10.78606104850769,9158.807186365128,2887,eclipse,137.195.211.213,9158.807186365128,4849600,866,28,28696714,0.0,0.0,0.0,12.058188158669259,0.9893848078593728,1.463613330914541,4766464,4849600,3393.728,5.604,7167.799,18.926,1.5187499523162842,4.999999873689376e-05,44345.74609375,-0.04181458055973053,44345.7734375,0.8242427110671997,0.011871789582073689,1.3625249862670898,0.0
2336.0793686063057,-54.94803072666544,1333.2690104168319,100.0,56,5600,False,4855200,48552,867,73b03aedc11d4733ad70480dfb5e4900,2020-03-24_09-41-22,1585042882,10.709872961044312,9169.517059326172,2887,eclipse,137.195.211.213,9169.517059326172,4855200,867,28,28696714,0.0,0.0,0.0,12.05918511034587,0.9893891859777159,1.4636092070339615,4771968,4855200,3398.932,5.334,7165.747,19.074,1.5187499523162842,4.999999873689376e-05,70662.125,-0.04296540096402168,70662.140625,0.7158804535865784,0.01201380230486393,1.3698155879974365,0.0
2388.748357256447,-479.98105474943543,1180.8550345599856,100.0,56,5600,False,4860800,48608,868,73b03aedc11d4733ad70480dfb5e4900,2020-03-24_09-41-33,1585042893,10.72168254852295,9180.238741874695,2887,eclipse,137.195.211.213,9180.238741874695,4860800,868,28,28696714,0.0,0.0,0.0,12.059869370965641,0.9894095003228941,1.4635804224279922,4777472,4860800,3417.661,5.323,7161.577,19.413,1.5187499523162842,4.999999873689376e-05,82080.59375,-0.04226265847682953,82080.6171875,0.6511873006820679,0.013069018721580505,1.4694294929504395,0.0
2388.748357256447,-119.67296385580228,1188.4251044885673,100.0,56,5600,False,4866400,48664,869,73b03aedc11d4733ad70480dfb5e4900,2020-03-24_09-41-44,1585042904,10.723047256469727,9190.961789131165,2887,eclipse,137.195.211.213,9190.961789131165,4866400,869,28,28696714,0.0,0.0,0.0,12.060625238482352,0.9894158496743171,1.4635432526132275,4782976,4866400,3410.182,5.241,7170.507,18.485,1.5187499523162842,4.999999873689376e-05,53798.9765625,-0.044726625084877014,53799.00390625,0.770319402217865,0.013199263252317905,1.3352909088134766,0.0
2416.299100265249,-119.67296385580228,1279.6457161795279,100.0,56,5600,False,4872000,48720,870,73b03aedc11d4733ad70480dfb5e4900,2020-03-24_09-41-54,1585042914,10.676071166992188,9201.637860298157,2887,eclipse,137.195.211.213,9201.637860298157,4872000,870,28,28696714,0.0,0.0,0.0,12.061544495441566,0.9894252483138746,1.4635067902063588,4788480,4872000,3414.942,5.492,7189.343,18.099,1.5187499523162842,4.999999873689376e-05,48472.25390625,-0.039085038006305695,48472.27734375,0.7758954763412476,0.011606038548052311,1.5047577619552612,0.0
2416.299100265249,-465.40320496860033,1372.696953324818,100.0,56,5600,False,4877600,48776,871,73b03aedc11d4733ad70480dfb5e4900,2020-03-24_09-42-05,1585042925,10.910362958908081,9212.548223257065,2887,eclipse,137.195.211.213,9212.548223257065,4877600,871,28,28696714,0.0,0.0,0.0,12.062952365244344,0.9894489237484246,1.463580964712337,4793984,4877600,3428.905,5.479,7225.824,18.188,1.5187499523162842,4.999999873689376e-05,61958.109375,-0.04420030489563942,61958.1328125,0.7496634125709534,0.012048947624862194,1.5456568002700806,0.0
2385.7912043699066,-465.40320496860033,1280.7342972020263,100.0,56,5600,False,4883200,48832,872,73b03aedc11d4733ad70480dfb5e4900,2020-03-24_09-42-16,1585042936,11.137847423553467,9223.686070680618,2887,eclipse,137.195.211.213,9223.686070680618,4883200,872,28,28696714,0.0,0.0,0.0,12.064868561081171,0.9895253697972541,1.4638592238373287,4799488,4883200,3464.526,5.608,7250.756,18.041,1.5187499523162842,4.999999873689376e-05,50211.53515625,-0.04754197224974632,50211.5625,0.7614790201187134,0.011767477728426456,1.373435378074646,0.0
2435.7512629494972,-59.361727417914224,1230.9628047621575,100.0,56,5600,False,4888800,48888,873,73b03aedc11d4733ad70480dfb5e4900,2020-03-24_09-42-27,1585042947,10.610451936721802,9234.29652261734,2887,eclipse,137.195.211.213,9234.29652261734,4888800,873,28,28696714,0.01,0.0,1.0,12.066238366881414,0.9895881550400436,1.4640285989970527,4804992,4888800,3439.346,5.49,7243.87,17.594,1.5187499523162842,4.999999873689376e-05,68352.859375,-0.043038252741098404,68352.875,0.7104015946388245,0.011943993158638477,1.6118755340576172,0.0
2227.3430483593343,-59.361727417914224,1189.0313555671266,100.0,56,5600,False,4894400,48944,874,73b03aedc11d4733ad70480dfb5e4900,2020-03-24_09-42-38,1585042958,10.654033660888672,9244.950556278229,2887,eclipse,137.195.211.213,9244.950556278229,4894400,874,28,28696714,0.01,0.0,1.0,12.06695514552174,0.9896064353845861,1.4640121692616974,4810496,4894400,3439.299,5.907,7243.55,18.037,1.5187499523162842,4.999999873689376e-05,66570.171875,-0.048337969928979874,66570.203125,0.6835255026817322,0.013359873555600643,1.47465980052948,0.0
2233.46755383206,-208.7580841995536,1225.8394213944423,100.0,56,5600,False,4900000,49000,875,73b03aedc11d4733ad70480dfb5e4900,2020-03-24_09-42-49,1585042969,10.672220230102539,9255.622776508331,2887,eclipse,137.195.211.213,9255.622776508331,4900000,875,28,28696714,0.0,0.0,0.0,12.067780372521968,0.9895965090996035,1.4639757205248498,4816000,4900000,3430.863,5.683,7241.742,17.953,1.5187499523162842,4.999999873689376e-05,57745.984375,-0.04540310055017471,57746.01171875,0.7452161908149719,0.011236793361604214,1.7086632251739502,0.0
2237.147164827445,-208.7580841995536,1187.521434064328,100.0,56,5600,False,4905600,49056,876,73b03aedc11d4733ad70480dfb5e4900,2020-03-24_09-42-59,1585042979,10.6703040599823,9266.293080568314,2887,eclipse,137.195.211.213,9266.293080568314,4905600,876,28,28696714,0.0,0.0,0.0,12.06856458559083,0.9895998303949511,1.4639459459904975,4821504,4905600,3421.559,5.7,7239.814,17.991,1.5187499523162842,4.999999873689376e-05,51407.7890625,-0.041688598692417145,51407.8125,0.770057737827301,0.012780587188899517,1.4013999700546265,0.0
2232.9499753502428,-53.7221820907687,1112.344548949891,100.0,56,5600,False,4911200,49112,877,73b03aedc11d4733ad70480dfb5e4900,2020-03-24_09-43-10,1585042990,10.580695629119873,9276.873776197433,2887,eclipse,137.195.211.213,9276.873776197433,4911200,877,28,28696714,0.0,0.0,0.0,12.069083353088182,0.9896051325096473,1.4639179182743554,4827008,4911200,3404.1,5.479,7245.649,17.554,1.5187499523162842,4.999999873689376e-05,71538.765625,-0.04297759756445885,71538.78125,0.7202936410903931,0.014857587404549122,1.3299154043197632,0.0
2450.9783383356835,-51.27675136618345,1321.3942297393305,100.0,56,5600,False,4916800,49168,878,73b03aedc11d4733ad70480dfb5e4900,2020-03-24_09-43-20,1585043000,10.608491659164429,9287.482267856598,2887,eclipse,137.195.211.213,9287.482267856598,4916800,878,28,28696714,0.0,0.0,0.0,12.069990720018263,0.9895928882724284,1.4638950851066144,4832512,4916800,3395.066,5.328,7245.368,16.785,1.5187499523162842,4.999999873689376e-05,49732.30078125,-0.0471370555460453,49732.33203125,0.7636662125587463,0.012131072580814362,1.5515072345733643,0.0
2333.4394067721773,-50.36372641414831,1385.7141865813114,100.0,56,5600,False,4922400,49224,879,73b03aedc11d4733ad70480dfb5e4900,2020-03-24_09-43-31,1585043011,10.621020555496216,9298.103288412094,2887,eclipse,137.195.211.213,9298.103288412094,4922400,879,28,28696714,0.0,0.0,0.0,12.071083891672702,0.9895882924193421,1.46388339994746,4838016,4922400,3389.65,5.26,7242.266,16.622,1.5187499523162842,4.999999873689376e-05,64409.6875,-0.046360041946172714,64409.72265625,0.7049562931060791,0.01290859840810299,1.4600404500961304,0.0
2303.9281796261143,-532.3255301816818,1271.9269518496103,100.0,56,5600,False,4928000,49280,880,73b03aedc11d4733ad70480dfb5e4900,2020-03-24_09-43-42,1585043022,10.74265718460083,9308.845945596695,2887,eclipse,137.195.211.213,9308.845945596695,4928000,880,28,28696714,0.0,0.0,0.0,12.071944816123747,0.9895989718520615,1.4638579677180694,4843520,4928000,3399.062,5.223,7238.462,17.476,1.5187499523162842,4.999999873689376e-05,69458.0859375,-0.048813022673130035,69458.109375,0.7097532749176025,0.012356079183518887,1.4717408418655396,0.0
2224.8601214217438,-532.3255301816818,1153.3763235667413,100.0,56,5600,False,4933600,49336,881,73b03aedc11d4733ad70480dfb5e4900,2020-03-24_09-43-53,1585043033,10.701916456222534,9319.547862052917,2887,eclipse,137.195.211.213,9319.547862052917,4933600,881,28,28696714,0.0,0.0,0.0,12.072691997433976,0.9895994547591235,1.46384260248891,4849024,4933600,3372.611,5.281,7241.868,17.563,1.5187499523162842,4.999999873689376e-05,43501.28125,-0.0442490316927433,43501.3046875,0.7935075759887695,0.013684499077498913,1.65501868724823,0.0
2234.032505727836,-245.2240171672047,1129.0109808234172,100.0,56,5600,False,4939200,49392,882,73b03aedc11d4733ad70480dfb5e4900,2020-03-24_09-44-03,1585043043,10.70698094367981,9330.254842996597,2887,eclipse,137.195.211.213,9330.254842996597,4939200,882,28,28696714,0.0,0.0,0.0,12.073441148974275,0.9896048891196045,1.4638309567000667,4854528,4939200,3327.913,5.351,7242.154,17.516,1.5187499523162842,4.999999873689376e-05,50408.7734375,-0.043226420879364014,50408.796875,0.7640700340270996,0.014114993624389172,1.5353928804397583,0.0
2298.311191824812,-59.569875320251114,1296.9340191445992,100.0,56,5600,False,4944800,49448,883,73b03aedc11d4733ad70480dfb5e4900,2020-03-24_09-44-14,1585043054,10.656594514846802,9340.911437511444,2887,eclipse,137.195.211.213,9340.911437511444,4944800,883,28,28696714,0.0,0.0,0.0,12.074381239900584,0.9896009657359522,1.463844458786533,4860032,4944800,3329.604,5.649,7242.157,18.258,1.5187499523162842,4.999999873689376e-05,77893.2890625,-0.04192870855331421,77893.3125,0.6715345978736877,0.014176368713378906,1.216223120689392,0.0
2467.67840478716,-503.2200876812509,1342.7344950292782,100.0,56,5600,False,4950400,49504,884,73b03aedc11d4733ad70480dfb5e4900,2020-03-24_09-44-25,1585043065,10.662910223007202,9351.574347734451,2887,eclipse,137.195.211.213,9351.574347734451,4950400,884,28,28696714,0.0,0.0,0.0,12.07536731849496,0.9895886143342755,1.4638378178570557,4865536,4950400,3334.61,5.23,7241.259,17.403,1.5187499523162842,4.999999873689376e-05,67948.46875,-0.04395745322108269,67948.4921875,0.7510439157485962,0.01146052684634924,1.5722010135650635,0.0
2467.67840478716,-503.2200876812509,1283.0352784102504,100.0,56,5600,False,4956000,49560,885,73b03aedc11d4733ad70480dfb5e4900,2020-03-24_09-44-35,1585043075,10.579142332077026,9362.153490066528,2887,eclipse,137.195.211.213,9362.153490066528,4956000,885,28,28696714,0.0,0.0,0.0,12.076234622051324,0.9895851208487443,1.463800976523491,4871040,4956000,3330.797,5.046,7235.863,16.956,1.5187499523162842,4.999999873689376e-05,56691.0703125,-0.04784804582595825,56691.10546875,0.7615686655044556,0.011871159076690674,1.496659755706787,0.0
2444.7879375014436,-135.4077770553045,1268.5095384215729,100.0,56,5600,False,4961600,49616,886,73b03aedc11d4733ad70480dfb5e4900,2020-03-24_09-44-46,1585043086,10.68442678451538,9372.837916851044,2887,eclipse,137.195.211.213,9372.837916851044,4961600,886,28,28696714,0.0,0.0,0.0,12.077019712292365,0.9895794658288333,1.4637646580086896,4876544,4961600,3336.66,4.747,7232.457,17.242,1.5187499523162842,4.999999873689376e-05,57863.09375,-0.046374280005693436,57863.1171875,0.7697134017944336,0.01391436904668808,1.6036185026168823,0.0
2319.707612204161,-586.4661339680099,1194.9294945121635,100.0,56,5600,False,4967200,49672,887,73b03aedc11d4733ad70480dfb5e4900,2020-03-24_09-44-57,1585043097,10.548073053359985,9383.385989904404,2887,eclipse,137.195.211.213,9383.385989904404,4967200,887,28,28696714,0.0,0.0,0.0,12.077668528430781,0.9895668629325266,1.4637333217201,4882048,4967200,3339.132,4.966,7226.869,17.313,1.5187499523162842,4.999999873689376e-05,92786.2421875,-0.044263821095228195,92786.2578125,0.612608015537262,0.01273276936262846,1.4889421463012695,0.0
2325.735076542732,-586.4661339680099,1104.1114747240858,100.0,56,5600,False,4972800,49728,888,73b03aedc11d4733ad70480dfb5e4900,2020-03-24_09-45-07,1585043107,10.449391603469849,9393.835381507874,2887,eclipse,137.195.211.213,9393.835381507874,4972800,888,28,28696714,0.0,0.0,0.0,12.078206106572022,0.9895536068594804,1.463707854219589,4887552,4972800,3338.905,4.832,7212.338,17.554,1.5187499523162842,4.999999873689376e-05,69163.03125,-0.039750538766384125,69163.0546875,0.6641944050788879,0.012712260708212852,1.2917661666870117,0.0
2328.789165598565,-58.4639411159764,1310.548124389753,100.0,56,5600,False,4978400,49784,889,73b03aedc11d4733ad70480dfb5e4900,2020-03-24_09-45-18,1585043118,10.494333505630493,9404.329715013504,2887,eclipse,137.195.211.213,9404.329715013504,4978400,889,28,28696714,0.0,0.0,0.0,12.079372491343669,0.9895517643404159,1.463771863392837,4893056,4978400,3356.498,5.044,7181.231,18.142,1.5187499523162842,4.999999873689376e-05,34221.984375,-0.042871829122304916,34222.00390625,0.8626236915588379,0.012981927953660488,1.526076078414917,0.0
2328.789165598565,-45.47272039601781,1277.4501151032764,100.0,56,5600,False,4984000,49840,890,73b03aedc11d4733ad70480dfb5e4900,2020-03-24_09-45-28,1585043128,10.657687664031982,9414.987402677536,2887,eclipse,137.195.211.213,9414.987402677536,4984000,890,28,28696714,0.0,0.0,0.0,12.080524089675636,0.9895718614872447,1.4638746291584155,4898560,4984000,3358.89,4.871,7169.785,17.676,1.5187499523162842,4.999999873689376e-05,71357.8046875,-0.045112933963537216,71357.828125,0.7011546492576599,0.01197253167629242,1.3461042642593384,0.0
2319.292331174228,-421.13745133808624,1207.8374017382787,100.0,56,5600,False,4989600,49896,891,73b03aedc11d4733ad70480dfb5e4900,2020-03-24_09-45-39,1585043139,10.676960468292236,9425.664363145828,2887,eclipse,137.195.211.213,9425.664363145828,4989600,891,28,28696714,0.0,0.0,0.0,12.081552373489867,0.9896035686174015,1.4639506825075657,4904064,4989600,3367.985,5.032,7157.954,17.666,1.5187499523162842,4.999999873689376e-05,64075.50390625,-0.04090597853064537,64075.52734375,0.7204166054725647,0.010896545834839344,1.6061336994171143,0.0
2319.292331174228,-421.13745133808624,1211.6304264487787,100.0,56,5600,False,4995200,49952,892,73b03aedc11d4733ad70480dfb5e4900,2020-03-24_09-45-50,1585043150,10.673631191253662,9436.337994337082,2887,eclipse,137.195.211.213,9436.337994337082,4995200,892,28,28696714,0.0,0.0,0.0,12.08233110717692,0.9896135053656306,1.4639697220207024,4909568,4995200,3364.297,4.99,7157.978,18.114,1.5187499523162842,4.999999873689376e-05,74720.5,-0.044822026044130325,74720.5234375,0.676660418510437,0.0129240145906806,1.4757380485534668,0.0
2307.15912337505,-56.0606876892545,1243.5701961621567,100.0,56,5600,False,5000800,50008,893,73b03aedc11d4733ad70480dfb5e4900,2020-03-24_09-46-01,1585043161,10.719298362731934,9447.057292699814,2887,eclipse,137.195.211.213,9447.057292699814,5000800,893,28,28696714,0.0,0.0,0.0,12.08304566635489,0.9896228444342111,1.4639766773586813,4915072,5000800,3371.453,4.789,7159.062,17.579,1.5187499523162842,4.999999873689376e-05,55190.734375,-0.04135926812887192,55190.75390625,0.7841954827308655,0.01207222044467926,1.607048749923706,0.0
2307.15912337505,-552.945929065159,1343.505379604359,100.0,56,5600,False,5006400,50064,894,73b03aedc11d4733ad70480dfb5e4900,2020-03-24_09-46-11,1585043171,10.712152004241943,9457.769444704056,2887,eclipse,137.195.211.213,9457.769444704056,5006400,894,28,28696714,0.0,0.0,0.0,12.084022054260753,0.9896257579263034,1.4639856702023852,4920576,5006400,3369.413,5.059,7164.583,18.349,1.5187499523162842,4.999999873689376e-05,62174.2265625,-0.045069318264722824,62174.25,0.7588167190551758,0.012638114392757416,1.7135220766067505,0.0
2313.623991976488,-552.945929065159,1248.1570705408349,100.0,56,5600,False,5012000,50120,895,73b03aedc11d4733ad70480dfb5e4900,2020-03-24_09-46-22,1585043182,10.59242582321167,9468.361870527267,2887,eclipse,137.195.211.213,9468.361870527267,5012000,895,28,28696714,0.0,0.0,0.0,12.084812926821225,0.989618186571878,1.4639544374326345,4926080,5012000,3368.209,4.974,7169.48,18.632,1.5187499523162842,4.999999873689376e-05,50472.3125,-0.04074146971106529,50472.3359375,0.8023936152458191,0.013573607429862022,1.4435625076293945,0.0
2313.623991976488,-445.2705523903037,1151.3846930248544,100.0,56,5600,False,5017600,50176,896,73b03aedc11d4733ad70480dfb5e4900,2020-03-24_09-46-33,1585043193,10.723620414733887,9479.085490942001,2887,eclipse,137.195.211.213,9479.085490942001,5017600,896,28,28696714,0.0,0.0,0.0,12.085413291433678,0.989630008764696,1.46391657976237,4931584,5017600,3366.905,5.208,7172.699,18.311,1.5187499523162842,4.999999873689376e-05,64127.10546875,-0.041867271065711975,64127.12109375,0.7292565107345581,0.012556612491607666,1.5126878023147583,0.0
2274.8228046612785,-109.81785537922595,1147.0535983070934,100.0,56,5600,False,5023200,50232,897,73b03aedc11d4733ad70480dfb5e4900,2020-03-24_09-46-43,1585043203,10.633782863616943,9489.719273805618,2887,eclipse,137.195.211.213,9489.719273805618,5023200,897,28,28696714,0.0,0.0,0.0,12.086040021669952,0.989635539823745,1.4639020240446121,4937088,5023200,3368.959,5.285,7176.599,18.696,1.5187499523162842,4.999999873689376e-05,85500.015625,-0.043232642114162445,85500.046875,0.623573899269104,0.011029447428882122,1.3779253959655762,0.0
2247.168109025245,-59.195196681540665,1052.4321569798951,100.0,56,5600,False,5028800,50288,898,73b03aedc11d4733ad70480dfb5e4900,2020-03-24_09-46-54,1585043214,10.637091159820557,9500.356364965439,2887,eclipse,137.195.211.213,9500.356364965439,5028800,898,28,28696714,0.0,0.0,0.0,12.086445298035253,0.9896270062142133,1.4638903627877107,4942592,5028800,3368.161,5.424,7193.626,19.163,1.5187499523162842,4.999999873689376e-05,62547.2734375,-0.04439406841993332,62547.30078125,0.729058027267456,0.012978922575712204,1.2879002094268799,0.0
2384.93418060297,-512.9985010286608,1087.9727037776386,100.0,56,5600,False,5034400,50344,899,73b03aedc11d4733ad70480dfb5e4900,2020-03-24_09-47-05,1585043225,10.587727308273315,9510.944092273712,2887,eclipse,137.195.211.213,9510.944092273712,5034400,899,28,28696714,0.0,0.0,0.0,12.087079742149019,0.989627633662254,1.4638596121199674,4948096,5034400,3353.642,5.027,7218.159,19.22,1.5187499523162842,4.999999873689376e-05,82712.3828125,-0.04327183589339256,82712.40625,0.628809928894043,0.012783610261976719,1.4602867364883423,0.0
2384.93418060297,-512.9985010286608,1078.4498935937306,100.0,56,5600,False,5040000,50400,900,73b03aedc11d4733ad70480dfb5e4900,2020-03-24_09-47-15,1585043235,10.632606267929077,9521.576698541641,2887,eclipse,137.195.211.213,9521.576698541641,5040000,900,28,28696714,0.0,0.0,0.0,12.08760655745623,0.9896281885979549,1.4638417307420668,4953600,5040000,3341.172,5.208,7228.73,18.871,1.5187499523162842,4.999999873689376e-05,74720.1171875,-0.04625566676259041,74720.1484375,0.6936946511268616,0.013319894671440125,1.3632252216339111,0.0
2311.9764767412776,-43.42936900422947,1130.9967039856936,100.0,56,5600,False,5045600,50456,901,73b03aedc11d4733ad70480dfb5e4900,2020-03-24_09-47-26,1585043246,10.557084798812866,9532.133783340454,2887,eclipse,137.195.211.213,9532.133783340454,5045600,901,28,28696714,0.0,0.0,0.0,12.088134041752996,0.9896263275014294,1.4638200989723322,4959104,5045600,3327.132,4.995,7232.398,18.912,1.5187499523162842,4.999999873689376e-05,53577.21484375,-0.04513044282793999,53577.25390625,0.7535154819488525,0.011747853830456734,1.4145786762237549,0.0
2518.437457759176,-43.42936900422947,1312.8585951791404,100.0,56,5600,False,5051200,50512,902,73b03aedc11d4733ad70480dfb5e4900,2020-03-24_09-47-37,1585043257,10.71657681465149,9542.850360155106,2887,eclipse,137.195.211.213,9542.850360155106,5051200,902,28,28696714,0.0,0.0,0.0,12.089012448470566,0.9896266495924994,1.4637974360976296,4964608,5051200,3335.166,4.964,7228.187,18.471,1.5187499523162842,4.999999873689376e-05,66480.6484375,-0.0486726276576519,66480.6796875,0.6977590918540955,0.011429703794419765,1.5018894672393799,0.0
2518.437457759176,-159.45508406079375,1347.0426108259478,100.0,56,5600,False,5056800,50568,903,73b03aedc11d4733ad70480dfb5e4900,2020-03-24_09-47-48,1585043268,10.813319683074951,9553.66367983818,2887,eclipse,137.195.211.213,9553.66367983818,5056800,903,28,28696714,0.0,0.0,0.0,12.09004652936188,0.9896263717458836,1.463785657021795,4970112,5056800,3341.901,4.796,7231.246,19.183,1.5187499523162842,4.999999873689376e-05,55612.80078125,-0.04452843591570854,55612.83203125,0.7617039084434509,0.012446567416191101,1.4496934413909912,0.0
2300.2283619812792,-159.45508406079375,1152.9760839520518,100.0,56,5600,False,5062400,50624,904,73b03aedc11d4733ad70480dfb5e4900,2020-03-24_09-47-58,1585043278,10.617133855819702,9564.280813694,2887,eclipse,137.195.211.213,9564.280813694,5062400,904,28,28696714,0.0,0.0,0.0,12.090683701846835,0.9896155416593914,1.463758728737904,4975616,5062400,3335.991,4.664,7228.769,18.442,1.5187499523162842,4.999999873689376e-05,55938.5234375,-0.048630233854055405,55938.546875,0.7787777185440063,0.01312254462391138,1.6623096466064453,0.0
2239.4022104563987,-51.41532232909934,1241.472958665672,100.0,56,5600,False,5068000,50680,905,73b03aedc11d4733ad70480dfb5e4900,2020-03-24_09-48-09,1585043289,10.68467926979065,9574.96549296379,2887,eclipse,137.195.211.213,9574.96549296379,5068000,905,28,28696714,0.0,0.0,0.0,12.09146760626674,0.9896039852979309,1.4637350027774536,4981120,5068000,3341.925,4.872,7230.496,19.078,1.5187499523162842,4.999999873689376e-05,56173.75,-0.04433322697877884,56173.77734375,0.7391252517700195,0.010762362740933895,1.4764235019683838,0.0
2327.9636286027753,-442.98738160255374,1334.858172034965,100.0,56,5600,False,5073600,50736,906,73b03aedc11d4733ad70480dfb5e4900,2020-03-24_09-48-20,1585043300,10.604036331176758,9585.569529294968,2887,eclipse,137.195.211.213,9585.569529294968,5073600,906,28,28696714,0.0,0.0,0.0,12.09243448167862,0.9895988406210396,1.4637116394698138,4986624,5073600,3336.021,4.616,7226.235,18.936,1.5187499523162842,4.999999873689376e-05,53719.48828125,-0.04582934081554413,53719.515625,0.7582611441612244,0.013908306136727333,1.4574333429336548,0.0
2327.9636286027753,-442.98738160255374,1204.9080560555344,100.0,56,5600,False,5079200,50792,907,73b03aedc11d4733ad70480dfb5e4900,2020-03-24_09-48-30,1585043310,10.477855682373047,9596.04738497734,2887,eclipse,137.195.211.213,9596.04738497734,5079200,907,28,28696714,0.0,0.0,0.0,12.093210109617967,0.9896040381867024,1.4636908282731589,4992128,5079200,3336.407,4.237,7212.133,18.866,1.5187499523162842,4.999999873689376e-05,50148.890625,-0.04579632729291916,50148.91796875,0.7678889036178589,0.014362872578203678,1.4605193138122559,0.0
2265.6860624228984,-50.908820780715445,1128.8823036473366,100.0,56,5600,False,5084800,50848,908,73b03aedc11d4733ad70480dfb5e4900,2020-03-24_09-48-41,1585043321,10.425232648849487,9606.47261762619,2887,eclipse,137.195.211.213,9606.47261762619,5084800,908,28,28696714,0.0,0.0,0.0,12.093764180805415,0.9896134660217107,1.4636717756707072,4997632,5084800,3343.746,4.393,7183.933,18.779,1.5187499523162842,4.999999873689376e-05,67639.0859375,-0.045689381659030914,67639.1171875,0.709590494632721,0.012192481197416782,1.293931484222412,0.0
2296.8013245768657,-51.927800084477965,1227.6557242407614,100.0,56,5600,False,5090400,50904,909,73b03aedc11d4733ad70480dfb5e4900,2020-03-24_09-48-51,1585043331,10.654951333999634,9617.12756896019,2887,eclipse,137.195.211.213,9617.12756896019,5090400,909,28,28696714,0.0,0.0,0.0,12.094536225540342,0.9896144686206482,1.4636461836167443,5003136,5090400,3338.122,4.703,7194.928,18.838,1.5187499523162842,4.999999873689376e-05,51089.9296875,-0.04429033771157265,51089.9609375,0.7622500658035278,0.012357371859252453,1.394293189048767,0.0
2296.8013245768657,-534.2854754902331,1188.7112051388349,100.0,56,5600,False,5096000,50960,910,73b03aedc11d4733ad70480dfb5e4900,2020-03-24_09-49-02,1585043342,10.564155578613281,9627.691724538803,2887,eclipse,137.195.211.213,9627.691724538803,5096000,910,28,28696714,0.0,0.0,0.0,12.09524032009273,0.9896162550066125,1.4636179223132677,5008640,5096000,3334.67,4.689,7191.278,19.486,1.5187499523162842,4.999999873689376e-05,66706.453125,-0.04004816710948944,66706.46875,0.7237776517868042,0.01240695919841528,1.3934967517852783,0.0
2354.2712587457563,-534.2854754902331,1253.8250990067663,100.0,56,5600,False,5101600,51016,911,73b03aedc11d4733ad70480dfb5e4900,2020-03-24_09-49-12,1585043352,10.18063473701477,9637.872359275818,2887,eclipse,137.195.211.213,9637.872359275818,5101600,911,28,28696714,0.0,0.0,0.0,12.095972465130908,0.9896114020177029,1.4636000327127896,5014144,5101600,3340.641,4.429,7148.807,19.252,1.5187499523162842,4.999999873689376e-05,62584.99609375,-0.04138242080807686,62585.015625,0.7661171555519104,0.01108613796532154,1.6020946502685547,0.0
2354.2712587457563,-587.9589842381517,1239.2188454831253,100.0,56,5600,False,5107200,51072,912,73b03aedc11d4733ad70480dfb5e4900,2020-03-24_09-49-23,1585043363,10.759378671646118,9648.631737947464,2887,eclipse,137.195.211.213,9648.631737947464,5107200,912,28,28696714,0.0,0.0,0.0,12.096800035073361,0.9896003313534442,1.4636111247559125,5019648,5107200,3336.239,4.348,7156.834,19.668,1.5187499523162842,4.999999873689376e-05,66916.015625,-0.046126097440719604,66916.0390625,0.761600136756897,0.013172964565455914,1.5583133697509766,0.0
2364.2542980070216,-587.9589842381517,1197.4117012734102,100.0,56,5600,False,5112800,51128,913,73b03aedc11d4733ad70480dfb5e4900,2020-03-24_09-49-34,1585043374,10.684061050415039,9659.315798997879,2887,eclipse,137.195.211.213,9659.315798997879,5112800,913,28,28696714,0.0,0.0,0.0,12.097586597553795,0.9896001299926347,1.4636069011300736,5025152,5112800,3324.418,4.689,7154.675,19.466,1.5187499523162842,4.999999873689376e-05,49469.4609375,-0.044045139104127884,49469.48828125,0.7938481569290161,0.012317969463765621,1.3005439043045044,0.0
2242.7805123914522,-54.39514875221596,1244.8397877559948,100.0,56,5600,False,5118400,51184,914,73b03aedc11d4733ad70480dfb5e4900,2020-03-24_09-49-44,1585043384,10.607050895690918,9669.92284989357,2887,eclipse,137.195.211.213,9669.92284989357,5118400,914,28,28696714,0.0,0.0,0.0,12.098285844494463,0.9896003452799726,1.463584675521365,5030656,5118400,3322.893,4.826,7154.081,20.198,1.5187499523162842,4.999999873689376e-05,61132.0625,-0.04469113424420357,61132.0859375,0.7398663759231567,0.014172842726111412,1.28658127784729,0.0
2242.7805123914522,-41.697193233246146,1146.911161695118,100.0,56,5600,False,5124000,51240,915,73b03aedc11d4733ad70480dfb5e4900,2020-03-24_09-49-55,1585043395,10.603976011276245,9680.526825904846,2887,eclipse,137.195.211.213,9680.526825904846,5124000,915,28,28696714,0.0,0.0,0.0,12.098729606356255,0.9895899748780869,1.463561200763968,5036160,5124000,3315.47,4.864,7151.965,19.041,1.5187499523162842,4.999999873689376e-05,71202.2890625,-0.04590800032019615,71202.3046875,0.6756992340087891,0.012040655128657818,1.1711689233779907,0.0
2273.577213790693,-143.2916712359093,1165.7955807602248,100.0,56,5600,False,5129600,51296,916,73b03aedc11d4733ad70480dfb5e4900,2020-03-24_09-50-06,1585043406,10.784099578857422,9691.310925483704,2887,eclipse,137.195.211.213,9691.310925483704,5129600,916,28,28696714,0.0,0.0,0.0,12.099334074947723,0.9895804413387463,1.4635445603073385,5041664,5129600,3333.534,5.257,7150.841,19.006,1.5187499523162842,4.999999873689376e-05,55569.89453125,-0.04985089227557182,55569.91796875,0.7749776840209961,0.011603870429098606,1.426010251045227,0.0
2273.577213790693,-348.3848268269379,1214.99294938887,100.0,56,5600,False,5135200,51352,917,73b03aedc11d4733ad70480dfb5e4900,2020-03-24_09-50-16,1585043416,10.582048177719116,9701.892973661423,2887,eclipse,137.195.211.213,9701.892973661423,5135200,917,28,28696714,0.0,0.0,0.0,12.100190897025254,0.9895750972900061,1.4635520144768552,5047168,5135200,3359.409,5.351,7136.574,18.0,1.5187499523162842,4.999999873689376e-05,39536.9609375,-0.04042035713791847,39536.9765625,0.8076598644256592,0.014353644102811813,1.3852804899215698,0.0
2228.4594525786765,-348.3848268269379,1241.2288219106026,100.0,56,5600,False,5140800,51408,918,73b03aedc11d4733ad70480dfb5e4900,2020-03-24_09-50-27,1585043427,10.589125394821167,9712.482099056244,2887,eclipse,137.195.211.213,9712.482099056244,5140800,918,28,28696714,0.0,0.0,0.0,12.101217901352143,0.9895771614695508,1.4636030629105183,5052672,5140800,3362.974,5.381,7151.704,17.396,1.5187499523162842,4.999999873689376e-05,47295.57421875,-0.04005257785320282,47295.59375,0.7577114701271057,0.012978832237422466,1.4560985565185547,0.0
2380.140979485039,-341.47116379647804,1243.3807171346632,100.0,56,5600,False,5146400,51464,919,73b03aedc11d4733ad70480dfb5e4900,2020-03-24_09-50-38,1585043438,10.671664953231812,9723.153764009476,2887,eclipse,137.195.211.213,9723.153764009476,5146400,919,28,28696714,0.0,0.0,0.0,12.102094235452514,0.9895862842329655,1.4636546174262046,5058176,5146400,3366.689,5.354,7148.817,17.483,1.5187499523162842,4.999999873689376e-05,60527.2890625,-0.04274260252714157,60527.32421875,0.7691786289215088,0.012580102309584618,1.4445618391036987,0.0
2380.140979485039,-453.4067631927282,1073.2903418006367,100.0,56,5600,False,5152000,51520,920,73b03aedc11d4733ad70480dfb5e4900,2020-03-24_09-50-49,1585043449,10.729315042495728,9733.883079051971,2887,eclipse,137.195.211.213,9733.883079051971,5152000,920,28,28696714,0.0,0.0,0.0,12.102533345591741,0.9895861458923454,1.463651287410201,5063680,5152000,3371.036,5.515,7158.371,17.433,1.5187499523162842,4.999999873689376e-05,86019.6953125,-0.04331439733505249,86019.71875,0.6551799774169922,0.013183817267417908,1.672834038734436,0.0
2312.789927213909,-453.4067631927282,1132.9149750721617,100.0,56,5600,False,5157600,51576,921,73b03aedc11d4733ad70480dfb5e4900,2020-03-24_09-50-59,1585043459,10.682922124862671,9744.566001176834,2887,eclipse,137.195.211.213,9744.566001176834,5157600,921,28,28696714,0.02,0.0,1.0,12.103073939655296,0.9895794558130702,1.4636272709614548,5069184,5157600,3369.943,6.004,7207.082,17.323,1.5187499523162842,4.999999873689376e-05,71901.953125,-0.04798935353755951,71901.984375,0.6689081788063049,0.014236095361411572,1.1854021549224854,0.0
2254.117728369351,-54.98113619243825,1242.1362546291277,100.0,56,5600,False,5163200,51632,922,73b03aedc11d4733ad70480dfb5e4900,2020-03-24_09-51-10,1585043470,10.730829954147339,9755.296831130981,2887,eclipse,137.195.211.213,9755.296831130981,5163200,922,28,28696714,0.02,0.0,1.0,12.103781876387263,0.9895861875509436,1.4636163672017861,5074688,5163200,3368.177,6.257,7205.887,16.847,1.5187499523162842,4.999999873689376e-05,53614.41796875,-0.04288868606090546,53614.453125,0.7569751143455505,0.012000111863017082,1.3252393007278442,0.0
2229.974872128491,-54.98113619243825,1179.8044852769037,100.0,56,5600,False,5168800,51688,923,73b03aedc11d4733ad70480dfb5e4900,2020-03-24_09-51-21,1585043481,10.615242719650269,9765.912073850632,2887,eclipse,137.195.211.213,9765.912073850632,5168800,923,28,28696714,0.0,0.0,0.0,12.104392013382402,0.989583768047834,1.463590125526546,5080192,5168800,3364.4,6.214,7201.626,16.622,1.5187499523162842,4.999999873689376e-05,49047.80078125,-0.0441046878695488,49047.82421875,0.7792747616767883,0.012201403267681599,1.205130934715271,0.0
2229.974872128491,-280.55095699995536,1106.5136061562505,100.0,56,5600,False,5174400,51744,924,73b03aedc11d4733ad70480dfb5e4900,2020-03-24_09-51-31,1585043491,10.699952840805054,9776.612026691437,2887,eclipse,137.195.211.213,9776.612026691437,5174400,924,28,28696714,0.0,0.0,0.0,12.104896388521768,0.9895765425704264,1.4635621046972844,5085696,5174400,3369.229,6.224,7205.173,16.567,1.5187499523162842,4.999999873689376e-05,71720.1328125,-0.04334146901965141,71720.15625,0.6452538967132568,0.014096101745963097,1.1564356088638306,0.0
2217.3754373055394,-280.55095699995536,1128.8250817978105,100.0,56,5600,False,5180000,51800,925,73b03aedc11d4733ad70480dfb5e4900,2020-03-24_09-51-42,1585043502,10.824154138565063,9787.436180830002,2887,eclipse,137.195.211.213,9787.436180830002,5180000,925,28,28696714,0.0,0.0,0.0,12.105417402393368,0.9895686507564864,1.4635381189240002,5091200,5180000,3378.459,6.394,7216.809,17.631,1.5187499523162842,4.999999873689376e-05,84879.8515625,-0.04341835528612137,84879.875,0.6342729330062866,0.012329376302659512,1.2986208200454712,0.0
2217.3754373055394,-58.17482886533343,1122.3254736644983,100.0,56,5600,False,5185600,51856,926,73b03aedc11d4733ad70480dfb5e4900,2020-03-24_09-51-53,1585043513,10.784509420394897,9798.220690250397,2887,eclipse,137.195.211.213,9798.220690250397,5185600,926,28,28696714,0.0,0.0,0.0,12.10580845868832,0.9895602097171845,1.4635103100326574,5096704,5185600,3368.748,6.141,7224.4,17.839,1.5187499523162842,4.999999873689376e-05,55810.21484375,-0.04675820842385292,55810.24609375,0.7303830981254578,0.01336764171719551,1.2748323678970337,0.0
2254.0509273617195,-628.3857419892777,1098.2780308838596,100.0,56,5600,False,5191200,51912,927,73b03aedc11d4733ad70480dfb5e4900,2020-03-24_09-52-04,1585043524,10.733240604400635,9808.953930854797,2887,eclipse,137.195.211.213,9808.953930854797,5191200,927,28,28696714,0.01,0.0,1.0,12.106355074257657,0.9895495957076333,1.4634957052359108,5102208,5191200,3353.182,6.078,7252.983,18.918,1.5187499523162842,4.999999873689376e-05,82174.953125,-0.04097191244363785,82174.96875,0.6503798961639404,0.013112795539200306,1.2315152883529663,0.0
2274.651171108195,-396.36270942274945,1104.7131003562433,100.0,56,5600,False,5196800,51968,928,73b03aedc11d4733ad70480dfb5e4900,2020-03-24_09-52-15,1585043535,10.663587808609009,9819.617518663406,2887,eclipse,137.195.211.213,9819.617518663406,5196800,928,28,28696714,0.01,0.0,1.0,12.106832965026975,0.9895427898881417,1.4634822340938811,5107712,5196800,3346.457,5.761,7264.518,19.912,1.5187499523162842,4.999999873689376e-05,73587.53125,-0.04528059437870979,73587.5546875,0.6973448991775513,0.01520091574639082,1.2501075267791748,0.0
2275.5537264591276,-350.62189504703167,1093.7986240875125,100.0,56,5600,False,5202400,52024,929,73b03aedc11d4733ad70480dfb5e4900,2020-03-24_09-52-25,1585043545,10.66822099685669,9830.285739660263,2887,eclipse,137.195.211.213,9830.285739660263,5202400,929,28,28696714,0.0,0.0,0.0,12.107220173126905,0.9895411898505029,1.463449379217675,5113216,5202400,3341.904,5.741,7268.641,19.296,1.5187499523162842,4.999999873689376e-05,75162.4375,-0.039033569395542145,75162.4453125,0.7022624611854553,0.015858149155974388,1.3393104076385498,0.0
2275.5537264591276,-350.62189504703167,1287.115451678553,100.0,56,5600,False,5208000,52080,930,73b03aedc11d4733ad70480dfb5e4900,2020-03-24_09-52-36,1585043556,10.733957052230835,9841.019696712494,2887,eclipse,137.195.211.213,9841.019696712494,5208000,930,28,28696714,0.0,0.0,0.0,12.10799727390051,0.9895415043152481,1.4634042021997573,5118720,5208000,3344.915,5.855,7266.251,19.76,1.5187499523162842,4.999999873689376e-05,43036.84375,-0.04390326887369156,43036.8671875,0.821069061756134,0.012556172907352448,1.4007363319396973,0.0
2289.615883084871,-63.023120943728685,1284.746550504398,100.0,56,5600,False,5213600,52136,931,73b03aedc11d4733ad70480dfb5e4900,2020-03-24_09-52-47,1585043567,10.726578712463379,9851.746275424957,2887,eclipse,137.195.211.213,9851.746275424957,5213600,931,28,28696714,0.0,0.0,0.0,12.108754460239135,0.9895584879143792,1.4633716807125592,5124224,5213600,3354.222,5.682,7262.458,19.637,1.5187499523162842,4.999999873689376e-05,70607.03125,-0.043920788913965225,70607.0546875,0.6490671634674072,0.014022928662598133,1.1713119745254517,0.0
2369.9136377323457,-537.004161788369,1244.370841420216,100.0,56,5600,False,5219200,52192,932,73b03aedc11d4733ad70480dfb5e4900,2020-03-24_09-52-58,1585043578,10.671567916870117,9862.417843341827,2887,eclipse,137.195.211.213,9862.417843341827,5219200,932,28,28696714,0.0,0.0,0.0,12.109500702578122,0.9895679686403668,1.4633481976308258,5129728,5219200,3357.434,5.512,7254.437,19.995,1.5187499523162842,4.999999873689376e-05,58605.01171875,-0.04316959157586098,58605.03515625,0.756287157535553,0.01348388846963644,1.3766852617263794,0.0
2369.9136377323457,-537.004161788369,1132.609533604253,100.0,56,5600,False,5224800,52248,933,73b03aedc11d4733ad70480dfb5e4900,2020-03-24_09-53-08,1585043588,10.611136674880981,9873.028980016708,2887,eclipse,137.195.211.213,9873.028980016708,5224800,933,28,28696714,0.0,0.0,0.0,12.110079787231514,0.9895647234246816,1.4633254595437586,5135232,5224800,3352.831,5.207,7259.475,19.706,1.5187499523162842,4.999999873689376e-05,68539.3046875,-0.03876163065433502,68539.328125,0.7054988741874695,0.01272917166352272,1.3284740447998047,0.0
2300.789861530072,-512.2238546130087,1170.9165217061034,100.0,56,5600,False,5230400,52304,934,73b03aedc11d4733ad70480dfb5e4900,2020-03-24_09-53-19,1585043599,10.615325689315796,9883.644305706024,2887,eclipse,137.195.211.213,9883.644305706024,5230400,934,28,28696714,0.0,0.0,0.0,12.11065892097467,0.989569729242733,1.463313743982531,5140736,5230400,3352.745,5.192,7251.058,19.098,1.5187499523162842,4.999999873689376e-05,42794.82421875,-0.04421002417802811,42794.84765625,0.8189811706542969,0.013598248362541199,1.1285905838012695,0.0
2341.839057901835,-45.92509716809037,1205.1883633061639,100.0,56,5600,False,5236000,52360,935,73b03aedc11d4733ad70480dfb5e4900,2020-03-24_09-53-30,1585043610,10.623901128768921,9894.268206834793,2887,eclipse,137.195.211.213,9894.268206834793,5236000,935,28,28696714,0.01,0.0,1.0,12.111251683541052,0.9895801089121412,1.4633061259799696,5146240,5236000,3347.742,5.058,7238.513,18.458,1.5187499523162842,4.999999873689376e-05,67162.71875,-0.05229010060429573,67162.75,0.701370120048523,0.015038887038826942,0.9131826162338257,0.0
2330.9698056167194,-600.8002852592721,1230.6577698300289,100.0,56,5600,False,5241600,52416,936,73b03aedc11d4733ad70480dfb5e4900,2020-03-24_09-53-40,1585043620,10.610759973526001,9904.87896680832,2887,eclipse,137.195.211.213,9904.87896680832,5241600,936,28,28696714,0.0,0.0,0.0,12.111973164672479,0.989583918991682,1.4632912925464807,5151744,5241600,3337.615,5.215,7232.682,18.77,1.5187499523162842,4.999999873689376e-05,85158.5625,-0.043346356600522995,85158.578125,0.6456455588340759,0.013442528434097767,1.190705418586731,0.0
2330.9698056167194,-600.8002852592721,1136.6905362115128,100.0,56,5600,False,5247200,52472,937,73b03aedc11d4733ad70480dfb5e4900,2020-03-24_09-53-51,1585043631,10.625139713287354,9915.504106521606,2887,eclipse,137.195.211.213,9915.504106521606,5247200,937,28,28696714,0.0,0.0,0.0,12.112515495691591,0.9895901562113018,1.4632720137133504,5157248,5247200,3332.331,5.651,7224.492,18.901,1.5187499523162842,4.999999873689376e-05,69239.625,-0.04622817039489746,69239.6484375,0.6873403191566467,0.012516242451965809,1.1993306875228882,0.0
2270.9125744664716,-76.34579139015068,1204.6967988689823,100.0,56,5600,False,5252800,52528,938,73b03aedc11d4733ad70480dfb5e4900,2020-03-24_09-54-02,1585043642,10.7500638961792,9926.254170417786,2887,eclipse,137.195.211.213,9926.254170417786,5252800,938,28,28696714,0.0,0.0,0.0,12.113274537823836,0.9896199576914835,1.4632582949230197,5162752,5252800,3338.989,5.936,7226.044,18.569,1.5187499523162842,4.999999873689376e-05,78801.3984375,-0.043792903423309326,78801.421875,0.6342703104019165,0.016169296577572823,1.1334590911865234,0.0
2229.7346567096542,-370.15167202494354,1215.6161451430992,100.0,56,5600,False,5258400,52584,939,73b03aedc11d4733ad70480dfb5e4900,2020-03-24_09-54-12,1585043652,10.571698904037476,9936.825869321823,2887,eclipse,137.195.211.213,9936.825869321823,5258400,939,28,28696714,0.0,0.0,0.0,12.114013695898187,0.989640461041428,1.4632541116968896,5168256,5258400,3335.811,5.953,7219.016,18.744,1.5187499523162842,4.999999873689376e-05,76144.2578125,-0.041552357375621796,76144.28125,0.6649029850959778,0.01348564401268959,1.2260215282440186,0.0
2274.950715573995,-258.172979461188,1176.3516636260251,100.0,56,5600,False,5264000,52640,940,73b03aedc11d4733ad70480dfb5e4900,2020-03-24_09-54-23,1585043663,10.45808219909668,9947.28395152092,2887,eclipse,137.195.211.213,9947.28395152092,5264000,940,28,28696714,0.0,0.0,0.0,12.114648280541791,0.9896418190943496,1.4632372374502323,5173760,5264000,3327.903,5.729,7200.874,18.294,1.5187499523162842,4.999999873689376e-05,62361.27734375,-0.04354212433099747,62361.30859375,0.7571314573287964,0.013108908198773861,1.374383807182312,0.0
2274.950715573995,-258.172979461188,1091.3437533798096,100.0,56,5600,False,5269600,52696,941,73b03aedc11d4733ad70480dfb5e4900,2020-03-24_09-54-33,1585043673,10.456658840179443,9957.7406103611,2887,eclipse,137.195.211.213,9957.7406103611,5269600,941,28,28696714,0.0,0.0,0.0,12.115054040922532,0.9896429765303034,1.4632085195040871,5179264,5269600,3322.19,5.715,7178.68,18.284,1.5187499523162842,4.999999873689376e-05,53874.4375,-0.04099329188466072,53874.453125,0.7654598951339722,0.013173583894968033,1.315722942352295,0.0
2257.526685517401,-50.8973332494852,1295.6583475205955,100.0,56,5600,False,5275200,52752,942,73b03aedc11d4733ad70480dfb5e4900,2020-03-24_09-54-44,1585043684,10.618703603744507,9968.359313964844,2887,eclipse,137.195.211.213,9968.359313964844,5275200,942,28,28696714,0.0,0.0,0.0,12.115809819327314,0.9896470149790925,1.4631880520177145,5184768,5275200,3317.098,5.647,7179.53,18.302,1.5187499523162842,4.999999873689376e-05,41842.09765625,-0.040597956627607346,41842.11328125,0.8007369041442871,0.015116334892809391,1.4121612310409546,0.0
2309.8904546990498,-57.93274706390451,1294.049573040281,100.0,56,5600,False,5280800,52808,943,73b03aedc11d4733ad70480dfb5e4900,2020-03-24_09-54-55,1585043695,10.649651765823364,9979.008965730667,2887,eclipse,137.195.211.213,9979.008965730667,5280800,943,28,28696714,0.0,0.0,0.0,12.116569397860722,0.9896448939748989,1.4631704452901408,5190272,5280800,3319.208,5.874,7180.16,18.427,1.5187499523162842,4.999999873689376e-05,67484.8046875,-0.043237462639808655,67484.8203125,0.6934925317764282,0.014767225831747055,1.17106294631958,0.0
2309.8904546990498,-61.471562585444744,1220.1622940673192,100.0,56,5600,False,5286400,52864,944,73b03aedc11d4733ad70480dfb5e4900,2020-03-24_09-55-05,1585043705,10.606348514556885,9989.615314245224,2887,eclipse,137.195.211.213,9989.615314245224,5286400,944,28,28696714,0.0,0.0,0.0,12.117221046327806,0.9896373153674177,1.4631418135822098,5195776,5286400,3323.113,6.358,7177.284,18.711,1.5187499523162842,4.999999873689376e-05,56889.27734375,-0.04092087596654892,56889.2890625,0.7214317321777344,0.014525390230119228,1.217085599899292,0.0
2344.5363622302684,-61.471562585444744,1317.505413133817,100.0,56,5600,False,5292000,52920,945,73b03aedc11d4733ad70480dfb5e4900,2020-03-24_09-55-16,1585043716,10.31125521659851,9999.926569461823,2887,eclipse,137.195.211.213,9999.926569461823,5292000,945,28,28696714,0.0,0.0,0.0,12.118231649418185,0.9896409404083656,1.46316427778927,5201280,5292000,3329.817,6.306,7139.254,18.219,1.5187499523162842,4.999999873689376e-05,49183.1171875,-0.04025751352310181,49183.1328125,0.7648998498916626,0.012140569277107716,1.2401496171951294,0.0
2349.2111340128386,-48.8842319273379,1299.5952071440138,100.0,56,5600,False,5297600,52976,946,73b03aedc11d4733ad70480dfb5e4900,2020-03-24_09-55-26,1585043726,10.620945453643799,10010.547514915466,2887,eclipse,137.195.211.213,10010.547514915466,5297600,946,28,28696714,0.0,0.0,0.0,12.119251199687394,0.9896570441703644,1.4632221052254857,5206784,5297600,3347.155,6.153,7122.848,17.899,1.5187499523162842,4.999999873689376e-05,54863.37109375,-0.04686036705970764,54863.39453125,0.7463667988777161,0.013129299506545067,1.316365361213684,0.0
2355.9328504112277,-363.9852153225228,1244.9440684917035,100.0,56,5600,False,5303200,53032,947,73b03aedc11d4733ad70480dfb5e4900,2020-03-24_09-55-37,1585043737,10.533828735351562,10021.081343650818,2887,eclipse,137.195.211.213,10021.081343650818,5303200,947,28,28696714,0.0,0.0,0.0,12.120192154563322,0.9896759946935216,1.4632835753500182,5212288,5303200,3347.761,5.736,7116.841,17.573,1.5187499523162842,4.999999873689376e-05,71612.3984375,-0.04021988436579704,71612.4140625,0.703429102897644,0.014173376373946667,1.3640083074569702,0.0
2355.9328504112277,-368.3883832410597,1153.949970316746,100.0,56,5600,False,5308800,53088,948,73b03aedc11d4733ad70480dfb5e4900,2020-03-24_09-55-48,1585043748,10.70540738105774,10031.786751031876,2887,eclipse,137.195.211.213,10031.786751031876,5308800,948,28,28696714,0.0,0.0,0.0,12.120848677576653,0.9896979630089482,1.463303457486946,5217792,5308800,3339.98,5.727,7121.025,17.539,1.5187499523162842,4.999999873689376e-05,56965.8125,-0.048534929752349854,56965.84765625,0.7568857669830322,0.0141520407050848,1.3950433731079102,0.0
2305.989410519034,-368.3883832410597,1134.7755016077408,100.0,56,5600,False,5314400,53144,949,73b03aedc11d4733ad70480dfb5e4900,2020-03-24_09-55-58,1585043758,10.641737699508667,10042.428488731384,2887,eclipse,137.195.211.213,10042.428488731384,5314400,949,28,28696714,0.0,0.0,0.0,12.121382989342164,0.9897114792827912,1.4632889433432752,5223296,5314400,3343.083,5.497,7127.297,17.453,1.5187499523162842,4.999999873689376e-05,60313.4296875,-0.045606233179569244,60313.453125,0.7358304262161255,0.011955544352531433,1.2637965679168701,0.0
2241.920811886446,-84.69126125108498,1182.6728574101728,100.0,56,5600,False,5320000,53200,950,73b03aedc11d4733ad70480dfb5e4900,2020-03-24_09-56-09,1585043769,10.53734803199768,10052.965836763382,2887,eclipse,137.195.211.213,10052.965836763382,5320000,950,28,28696714,0.0,0.0,0.0,12.1219360709441,0.989714107656637,1.4632752072557926,5228800,5320000,3336.464,5.433,7140.195,17.338,1.5187499523162842,4.999999873689376e-05,47740.05859375,-0.050179801881313324,47740.08984375,0.8078603744506836,0.013796272687613964,1.2180476188659668,0.0
2392.859739805962,-51.186704441697366,1329.1774005105315,100.0,56,5600,False,5325600,53256,951,73b03aedc11d4733ad70480dfb5e4900,2020-03-24_09-56-20,1585043780,10.690222978591919,10063.656059741974,2887,eclipse,137.195.211.213,10063.656059741974,5325600,951,28,28696714,0.0,0.0,0.0,12.12271436475659,0.989710237922219,1.463258700580753,5234304,5325600,3335.996,5.487,7164.49,17.903,1.5187499523162842,4.999999873689376e-05,45409.2109375,-0.04856459051370621,45409.23828125,0.8181188702583313,0.014288421720266342,1.3389092683792114,0.0
2325.5801124886098,-456.7952342609327,1199.5023099922016,100.0,56,5600,False,5331200,53312,952,73b03aedc11d4733ad70480dfb5e4900,2020-03-24_09-56-30,1585043790,10.511431217193604,10074.167490959167,2887,eclipse,137.195.211.213,10074.167490959167,5331200,952,28,28696714,0.0,0.0,0.0,12.123260155046896,0.9897129762387314,1.4632397111258086,5239808,5331200,3328.654,5.283,7160.752,17.157,1.5187499523162842,4.999999873689376e-05,79771.8671875,-0.04877437651157379,79771.8984375,0.6652435064315796,0.011343699879944324,1.4216376543045044,0.0
2233.1072734208788,-53.57501673306057,1112.7615056337772,100.0,56,5600,False,5336800,53368,953,73b03aedc11d4733ad70480dfb5e4900,2020-03-24_09-56-41,1585043801,10.58417558670044,10084.751666545868,2887,eclipse,137.195.211.213,10084.751666545868,5336800,953,28,28696714,0.0,0.0,0.0,12.123556430216807,0.9897132594789501,1.4632298734445777,5245312,5336800,3322.325,5.258,7161.717,17.478,1.5187499523162842,4.999999873689376e-05,57548.59375,-0.05057022348046303,57548.6171875,0.7392042875289917,0.015375704504549503,1.2660870552062988,0.0
2297.4763975499045,-164.49533292904738,1013.4946418380513,100.0,56,5600,False,5342400,53424,954,73b03aedc11d4733ad70480dfb5e4900,2020-03-24_09-56-52,1585043812,10.738948822021484,10095.49061536789,2887,eclipse,137.195.211.213,10095.49061536789,5342400,954,28,28696714,0.0,0.0,0.0,12.123762508781178,0.9897133218315721,1.4632301746462373,5250816,5342400,3322.565,4.759,7173.914,17.785,1.5187499523162842,4.999999873689376e-05,83894.6484375,-0.04815374314785004,83894.671875,0.6248943209648132,0.014401890337467194,1.0906951427459717,0.0
2250.535782400645,-164.49533292904738,1199.8300601798535,100.0,56,5600,False,5348000,53480,955,73b03aedc11d4733ad70480dfb5e4900,2020-03-24_09-57-02,1585043822,10.685356616973877,10106.175971984863,2887,eclipse,137.195.211.213,10106.175971984863,5348000,955,28,28696714,0.0,0.0,0.0,12.124350205756944,0.9897185297277181,1.4632127799079755,5256320,5348000,3323.118,4.8,7210.433,18.384,1.5187499523162842,4.999999873689376e-05,50208.87890625,-0.03819480538368225,50208.89453125,0.757529079914093,0.011631208471953869,1.307734727859497,0.0
2358.5217651255302,-50.862172845829626,1201.551199727128,100.0,56,5600,False,5353600,53536,956,73b03aedc11d4733ad70480dfb5e4900,2020-03-24_09-57-13,1585043833,10.580682039260864,10116.756654024124,2887,eclipse,137.195.211.213,10116.756654024124,5353600,956,28,28696714,0.0,0.0,0.0,12.12497037486321,0.989715323229203,1.4631886824245022,5261824,5353600,3305.437,4.998,7223.896,18.336,1.5187499523162842,4.999999873689376e-05,57056.33203125,-0.04310688003897667,57056.35546875,0.7443847060203552,0.011745304800570011,1.3502581119537354,0.0
2367.641503872688,-50.862172845829626,1068.3577167329588,100.0,56,5600,False,5359200,53592,957,73b03aedc11d4733ad70480dfb5e4900,2020-03-24_09-57-24,1585043844,10.641485929489136,10127.398139953613,2887,eclipse,137.195.211.213,10127.398139953613,5359200,957,28,28696714,0.0,0.0,0.0,12.125392197887328,0.9897146329093215,1.4631707741383662,5267328,5359200,3297.761,5.213,7240.445,18.098,1.5187499523162842,4.999999873689376e-05,65603.9453125,-0.0427679643034935,65603.96875,0.7263683080673218,0.01396027859300375,1.2194409370422363,0.0
2367.641503872688,-47.090275050990336,1243.639983204951,100.0,56,5600,False,5364800,53648,958,73b03aedc11d4733ad70480dfb5e4900,2020-03-24_09-57-34,1585043854,10.590216875076294,10137.98835682869,2887,eclipse,137.195.211.213,10137.98835682869,5364800,958,28,28696714,0.0,0.0,0.0,12.126058605987982,0.9897215659495866,1.4631388281526763,5272832,5364800,3293.889,5.06,7232.348,17.785,1.5187499523162842,4.999999873689376e-05,53063.4140625,-0.03831687197089195,53063.4375,0.724128782749176,0.012128254398703575,1.5129822492599487,0.0
2353.3927426005075,-462.31180319469075,1287.0168004987304,100.0,56,5600,False,5370400,53704,959,73b03aedc11d4733ad70480dfb5e4900,2020-03-24_09-57-45,1585043865,10.676734924316406,10148.665091753006,2887,eclipse,137.195.211.213,10148.665091753006,5370400,959,28,28696714,0.0,0.0,0.0,12.126781371599677,0.989722445803113,1.4630972789266214,5278336,5370400,3294.17,5.418,7233.315,18.57,1.5187499523162842,4.999999873689376e-05,61004.26171875,-0.043623387813568115,61004.28515625,0.7503609657287598,0.014204278588294983,1.3980138301849365,0.0
2218.288033668803,-462.31180319469075,1241.2357573167674,100.0,56,5600,False,5376000,53760,960,73b03aedc11d4733ad70480dfb5e4900,2020-03-24_09-57-56,1585043876,10.611859560012817,10159.276951313019,2887,eclipse,137.195.211.213,10159.276951313019,5376000,960,28,28696714,0.0,0.0,0.0,12.127446808891218,0.9897193872823433,1.4630539794271655,5283840,5376000,3301.942,5.451,7235.172,18.694,1.5187499523162842,4.999999873689376e-05,56026.34765625,-0.04630018770694733,56026.37890625,0.762944221496582,0.014376665465533733,1.3723139762878418,0.0
2305.6988864858754,-278.4628144590728,1291.1848369377672,100.0,56,5600,False,5381600,53816,961,73b03aedc11d4733ad70480dfb5e4900,2020-03-24_09-58-06,1585043886,10.641229391098022,10169.918180704117,2887,eclipse,137.195.211.213,10169.918180704117,5381600,961,28,28696714,0.0,0.0,0.0,12.12811239959303,0.9896996615188627,1.4630100166604505,5289344,5381600,3297.782,5.345,7233.861,18.512,1.5187499523162842,4.999999873689376e-05,58305.8359375,-0.04348880425095558,58305.85546875,0.7597501277923584,0.013526215218007565,1.262887954711914,0.0
2305.6988864858754,-64.39693867708645,1331.4490034713149,100.0,56,5600,False,5387200,53872,962,73b03aedc11d4733ad70480dfb5e4900,2020-03-24_09-58-17,1585043897,10.723541498184204,10180.641722202301,2887,eclipse,137.195.211.213,10180.641722202301,5387200,962,28,28696714,0.0,0.0,0.0,12.128927665277187,0.9896897455116108,1.462983439794628,5294848,5387200,3310.169,5.587,7243.084,18.812,1.5187499523162842,4.999999873689376e-05,50932.3671875,-0.0415889248251915,50932.3828125,0.7805042862892151,0.012424877844750881,1.4771931171417236,0.0
2300.954123075139,-64.39693867708645,1321.6477318405027,100.0,56,5600,False,5392800,53928,963,73b03aedc11d4733ad70480dfb5e4900,2020-03-24_09-58-28,1585043908,10.563288450241089,10191.205010652542,2887,eclipse,137.195.211.213,10191.205010652542,5392800,963,28,28696714,0.0,0.0,0.0,12.129743045271352,0.9896896889326315,1.4629808813527212,5300352,5392800,3314.257,5.568,7237.165,18.35,1.5187499523162842,4.999999873689376e-05,64852.41796875,-0.04078882932662964,64852.453125,0.7441425323486328,0.0131283113732934,1.495165228843689,0.0
2353.6771771696704,-55.917429249787325,1294.149893158563,100.0,56,5600,False,5398400,53984,964,73b03aedc11d4733ad70480dfb5e4900,2020-03-24_09-58-38,1585043918,10.683992385864258,10201.889003038406,2887,eclipse,137.195.211.213,10201.889003038406,5398400,964,28,28696714,0.0,0.0,0.0,12.13042462020474,0.9896866659753818,1.462969391454975,5305856,5398400,3319.245,5.611,7226.283,17.56,1.5187499523162842,4.999999873689376e-05,43911.4375,-0.04741483926773071,43911.4609375,0.8233286142349243,0.016092725098133087,1.4257460832595825,0.0
2353.6771771696704,-244.27794140377193,1230.818862299518,100.0,56,5600,False,5404000,54040,965,73b03aedc11d4733ad70480dfb5e4900,2020-03-24_09-58-49,1585043929,10.745732307434082,10212.63473534584,2887,eclipse,137.195.211.213,10212.63473534584,5404000,965,28,28696714,0.0,0.0,0.0,12.130999706584353,0.9896784003231622,1.4629534516489822,5311360,5404000,3319.989,5.585,7231.53,16.757,1.5187499523162842,4.999999873689376e-05,69139.4609375,-0.05055592954158783,69139.4921875,0.6806314587593079,0.012961788102984428,1.3120423555374146,0.0
2225.8026167588046,-514.9063442147799,1190.3464151873213,100.0,56,5600,False,5409600,54096,966,73b03aedc11d4733ad70480dfb5e4900,2020-03-24_09-59-00,1585043940,10.827090740203857,10223.461826086044,2887,eclipse,137.195.211.213,10223.461826086044,5409600,966,28,28696714,0.0,0.0,0.0,12.131545950302431,0.9896742246756247,1.4629277136652405,5316864,5409600,3333.795,5.86,7241.11,17.064,1.5187499523162842,4.999999873689376e-05,65392.94921875,-0.04476374387741089,65392.96484375,0.7102961540222168,0.011184067465364933,1.4858053922653198,0.0
2225.8026167588046,-514.9063442147799,1261.7237162965444,100.0,56,5600,False,5415200,54152,967,73b03aedc11d4733ad70480dfb5e4900,2020-03-24_09-59-11,1585043951,10.69350552558899,10234.155331611633,2887,eclipse,137.195.211.213,10234.155331611633,5415200,967,28,28696714,0.0,0.0,0.0,12.132299480556233,0.9896596216760232,1.4629252879617491,5322368,5415200,3341.774,6.041,7239.278,17.105,1.5187499523162842,4.999999873689376e-05,43011.91796875,-0.04799099266529083,43011.94921875,0.8107461333274841,0.012673000805079937,1.4507091045379639,0.0
2291.452093951266,-55.479601907929656,1261.9415819083501,100.0,56,5600,False,5420800,54208,968,73b03aedc11d4733ad70480dfb5e4900,2020-03-24_09-59-22,1585043962,10.73630428314209,10244.891635894775,2887,eclipse,137.195.211.213,10244.891635894775,5420800,968,28,28696714,0.0,0.0,0.0,12.1330724235032,0.9896574145007578,1.462915599683854,5327872,5420800,3353.777,6.214,7242.796,16.992,1.5187499523162842,4.999999873689376e-05,49248.65234375,-0.04619805887341499,49248.6796875,0.7860054969787598,0.012444240972399712,1.3857808113098145,0.0
2309.377448499099,-63.536926304032136,1128.852545562293,100.0,56,5600,False,5426400,54264,969,73b03aedc11d4733ad70480dfb5e4900,2020-03-24_09-59-32,1585043972,10.599354267120361,10255.490990161896,2887,eclipse,137.195.211.213,10255.490990161896,5426400,969,28,28696714,0.0,0.0,0.0,12.133504849047092,0.9896497982419848,1.462885665439834,5333376,5426400,3353.502,6.099,7237.848,16.158,1.5187499523162842,4.999999873689376e-05,48651.25390625,-0.03814436495304108,48651.26953125,0.7910056710243225,0.012921941466629505,1.3600798845291138,0.0
2346.437957242469,-63.536926304032136,1180.4004682481198,100.0,56,5600,False,5432000,54320,970,73b03aedc11d4733ad70480dfb5e4900,2020-03-24_09-59-43,1585043983,10.724124670028687,10266.215114831924,2887,eclipse,137.195.211.213,10266.215114831924,5432000,970,28,28696714,0.0,0.0,0.0,12.134032782193907,0.9896507530583313,1.462894656546851,5338880,5432000,3356.247,6.447,7245.125,15.724,1.5187499523162842,4.999999873689376e-05,55091.94140625,-0.044602151960134506,55091.96484375,0.7540995478630066,0.012836042791604996,1.3909251689910889,0.0
2346.437957242469,-55.62462491739203,1262.7967672729058,100.0,56,5600,False,5437600,54376,971,73b03aedc11d4733ad70480dfb5e4900,2020-03-24_09-59-54,1585043994,10.588200807571411,10276.803315639496,2887,eclipse,137.195.211.213,10276.803315639496,5437600,971,28,28696714,0.0,0.0,0.0,12.134634744978152,0.9896596263944909,1.46290342430676,5344384,5437600,3353.619,6.476,7244.328,15.079,1.5187499523162842,4.999999873689376e-05,59854.9140625,-0.048066966235637665,59854.94921875,0.7353094816207886,0.013713055290281773,1.193598747253418,0.0
2364.5127340736153,-35.271654627132634,1319.7970530737034,100.0,56,5600,False,5443200,54432,972,73b03aedc11d4733ad70480dfb5e4900,2020-03-24_10-00-04,1585044004,10.792897462844849,10287.59621310234,2887,eclipse,137.195.211.213,10287.59621310234,5443200,972,28,28696714,0.0,0.0,0.0,12.135410420316727,0.9896517372950988,1.4628753539914607,5349888,5443200,3360.561,6.478,7243.87,14.95,1.5187499523162842,4.999999873689376e-05,71969.4609375,-0.04364238679409027,71969.4921875,0.6916103959083557,0.013163093477487564,1.332608699798584,0.0
2381.8717374393905,-288.3936659702056,1376.6394086609816,100.0,56,5600,False,5448800,54488,973,73b03aedc11d4733ad70480dfb5e4900,2020-03-24_10-00-15,1585044015,10.46018934249878,10298.05640244484,2887,eclipse,137.195.211.213,10298.05640244484,5448800,973,28,28696714,0.0,0.0,0.0,12.136374835157579,0.9896602406985086,1.4628910720498454,5355392,5448800,3380.864,6.84,7212.806,15.649,1.5187499523162842,4.999999873689376e-05,61597.796875,-0.04694024473428726,61597.8125,0.7652398943901062,0.012125787325203419,1.4974353313446045,0.0
2381.8717374393905,-492.5306532267238,1312.474801053183,100.0,56,5600,False,5454400,54544,974,73b03aedc11d4733ad70480dfb5e4900,2020-03-24_10-00-26,1585044026,10.627183437347412,10308.683585882187,2887,eclipse,137.195.211.213,10308.683585882187,5454400,974,28,28696714,0.0,0.0,0.0,12.137329834719466,0.9896689187849341,1.4629594691032253,5360896,5454400,3392.104,6.857,7195.312,16.239,1.5187499523162842,4.999999873689376e-05,59188.74609375,-0.04595310613512993,59188.7734375,0.7459008693695068,0.015118788927793503,1.3630844354629517,0.0
2264.8222360026843,-492.5306532267238,1234.594496953083,100.0,56,5600,False,5460000,54600,975,73b03aedc11d4733ad70480dfb5e4900,2020-03-24_10-00-36,1585044036,10.472209453582764,10319.15579533577,2887,eclipse,137.195.211.213,10319.15579533577,5460000,975,28,28696714,0.0,0.0,0.0,12.138230661026746,0.9896773786589926,1.4630381981782237,5366400,5460000,3396.106,6.839,7161.236,17.322,1.5187499523162842,4.999999873689376e-05,41203.8359375,-0.0459824800491333,41203.859375,0.8328481912612915,0.01502053253352642,1.725839614868164,0.0
2432.5765018277384,-483.79022350132107,1094.765737405466,100.0,56,5600,False,5465600,54656,976,73b03aedc11d4733ad70480dfb5e4900,2020-03-24_10-00-47,1585044047,10.842029571533203,10329.997824907303,2887,eclipse,137.195.211.213,10329.997824907303,5465600,976,28,28696714,0.0,0.0,0.0,12.139139120288059,0.9896841659515409,1.4631235864046823,5371904,5465600,3403.743,6.565,7156.04,17.104,1.5187499523162842,4.999999873689376e-05,77669.1484375,-0.04426983371376991,77669.1796875,0.6501076221466064,0.013023030944168568,0.9922608733177185,0.0
2432.5765018277384,-55.13181421576613,1091.1146981105528,100.0,56,5600,False,5471200,54712,977,73b03aedc11d4733ad70480dfb5e4900,2020-03-24_10-00-58,1585044058,10.643740892410278,10340.641565799713,2887,eclipse,137.195.211.213,10340.641565799713,5471200,977,28,28696714,0.0,0.0,0.0,12.139960193347882,0.9896963980219818,1.4632347218096213,5377408,5471200,3410.56,6.207,7144.076,17.547,1.5187499523162842,4.999999873689376e-05,64704.296875,-0.05207844078540802,64704.3359375,0.7329083681106567,0.012366998940706253,1.426699161529541,0.0
2304.288651239535,-55.13181421576613,1094.314038261238,100.0,56,5600,False,5476800,54768,978,73b03aedc11d4733ad70480dfb5e4900,2020-03-24_10-01-09,1585044069,10.824908256530762,10351.466474056244,2887,eclipse,137.195.211.213,10351.466474056244,5476800,978,28,28696714,0.0,0.0,0.0,12.140863139589165,0.9897254773362403,1.4634329627387528,5382912,5476800,3420.942,6.186,7142.378,18.11,1.5187499523162842,4.999999873689376e-05,67309.0859375,-0.04137565940618515,67309.1015625,0.6882669925689697,0.014472286216914654,1.193261981010437,0.0
2301.419255170109,-318.03167954668095,1107.6590669798536,100.0,56,5600,False,5482400,54824,979,73b03aedc11d4733ad70480dfb5e4900,2020-03-24_10-01-19,1585044079,10.723480463027954,10362.189954519272,2887,eclipse,137.195.211.213,10362.189954519272,5482400,979,28,28696714,0.0,0.0,0.0,12.141602045473258,0.989742721465778,1.4635304091183672,5388416,5482400,3421.271,5.922,7151.436,18.871,1.5187499523162842,4.999999873689376e-05,94575.921875,-0.04529396817088127,94575.9453125,0.570212185382843,0.013293433003127575,1.3062323331832886,0.0
2344.1075256806344,-57.1257256409651,1120.0517220845459,100.0,56,5600,False,5488000,54880,980,73b03aedc11d4733ad70480dfb5e4900,2020-03-24_10-01-30,1585044090,10.68523097038269,10372.875185489655,2887,eclipse,137.195.211.213,10372.875185489655,5488000,980,28,28696714,0.0,0.0,0.0,12.14209541394615,0.9897487242167097,1.4635135352053164,5393920,5488000,3419.719,5.655,7148.416,19.405,1.5187499523162842,4.999999873689376e-05,47891.27734375,-0.04774171859025955,47891.30859375,0.7960508465766907,0.011669524945318699,1.458186149597168,0.0
2308.7494893547528,-64.91604733021839,1109.7728319992532,100.0,56,5600,False,5493600,54936,981,73b03aedc11d4733ad70480dfb5e4900,2020-03-24_10-01-41,1585044101,10.578629493713379,10383.453814983368,2887,eclipse,137.195.211.213,10383.453814983368,5493600,981,28,28696714,0.0,0.0,0.0,12.142485571932857,0.9897354901438706,1.4635005774473167,5399424,5493600,3418.999,5.68,7147.025,20.048,1.5187499523162842,4.999999873689376e-05,55782.8125,-0.03888661786913872,55782.82421875,0.778097927570343,0.01259714737534523,1.4454416036605835,0.0
2486.37021591174,-121.02269896582031,1258.2635381865132,100.0,56,5600,False,5499200,54992,982,73b03aedc11d4733ad70480dfb5e4900,2020-03-24_10-01-51,1585044111,10.75052523612976,10394.204340219498,2887,eclipse,137.195.211.213,10394.204340219498,5499200,982,28,28696714,0.0,0.0,0.0,12.143039946199437,0.9897313105055169,1.463478416857762,5404928,5499200,3413.068,5.707,7148.345,20.547,1.5187499523162842,4.999999873689376e-05,55726.53515625,-0.043124888092279434,55726.5625,0.7784015536308289,0.01150720939040184,1.4499622583389282,0.0
2486.37021591174,-121.02269896582031,1223.0056619440409,100.0,56,5600,False,5504800,55048,983,73b03aedc11d4733ad70480dfb5e4900,2020-03-24_10-02-02,1585044122,10.709253072738647,10404.913593292236,2887,eclipse,137.195.211.213,10404.913593292236,5504800,983,28,28696714,0.0,0.0,0.0,12.143634399173031,0.9897476103556251,1.4634553656366207,5410432,5504800,3404.391,5.227,7182.222,20.0,1.5187499523162842,4.999999873689376e-05,49203.046875,-0.043528106063604355,49203.0625,0.7584613561630249,0.01553946640342474,1.354520320892334,0.0
2382.015506769229,-51.28624072260485,1281.19311690982,100.0,56,5600,False,5510400,55104,984,73b03aedc11d4733ad70480dfb5e4900,2020-03-24_10-02-13,1585044133,10.59506893157959,10415.508662223816,2887,eclipse,137.195.211.213,10415.508662223816,5510400,984,28,28696714,0.0,0.0,0.0,12.144321828133716,0.9897599207202513,1.4634370617111687,5415936,5510400,3388.115,4.93,7195.424,20.316,1.5187499523162842,4.999999873689376e-05,56330.35546875,-0.04226606711745262,56330.3671875,0.7601289749145508,0.013887249864637852,1.2782751321792603,0.0
2382.015506769229,-51.28624072260485,1254.3579836575316,100.0,56,5600,False,5516000,55160,985,73b03aedc11d4733ad70480dfb5e4900,2020-03-24_10-02-23,1585044143,10.562630891799927,10426.071293115616,2887,eclipse,137.195.211.213,10426.071293115616,5516000,985,28,28696714,0.0,0.0,0.0,12.14488989706985,0.9897632450125196,1.4634093216950979,5421440,5516000,3372.71,5.039,7221.511,19.942,1.5187499523162842,4.999999873689376e-05,54820.32421875,-0.04575726017355919,54820.34375,0.7650010585784912,0.016035912558436394,1.2227989435195923,0.0
2259.083928548787,-51.695905662186064,1274.364599418783,100.0,56,5600,False,5521600,55216,986,73b03aedc11d4733ad70480dfb5e4900,2020-03-24_10-02-34,1585044154,10.688151597976685,10436.759444713593,2887,eclipse,137.195.211.213,10436.759444713593,5521600,986,28,28696714,0.0,0.0,0.0,12.145622120899802,0.9897641317595758,1.4634090806067521,5426944,5521600,3358.443,5.038,7221.221,19.796,1.5187499523162842,4.999999873689376e-05,49422.484375,-0.04215744137763977,49422.50390625,0.7772476077079773,0.01604003645479679,1.4311593770980835,0.0
3771.3045660846706,-480.973561613234,1326.82003437512,100.0,56,5600,False,5527200,55272,987,73b03aedc11d4733ad70480dfb5e4900,2020-03-24_10-02-45,1585044165,10.75788426399231,10447.517328977585,2887,eclipse,137.195.211.213,10447.517328977585,5527200,987,28,28696714,0.01,0.0,1.0,12.146368963616887,0.9897550339019938,1.4634116170603289,5432448,5527200,3353.162,5.455,7236.996,19.888,1.5187499523162842,4.999999873689376e-05,96404.7421875,-0.042732469737529755,96404.7578125,0.6817055344581604,0.013474037870764732,1.3572485446929932,0.0
3771.3045660846706,-480.973561613234,1181.0792705121892,100.0,56,5600,False,5532800,55328,988,73b03aedc11d4733ad70480dfb5e4900,2020-03-24_10-02-56,1585044176,10.662772417068481,10458.180101394653,2887,eclipse,137.195.211.213,10458.180101394653,5532800,988,28,28696714,0.01,0.0,1.0,12.146792871656034,0.9897455744672612,1.4633849302678608,5437952,5532800,3334.695,5.461,7239.402,20.038,1.5187499523162842,4.999999873689376e-05,58915.12890625,-0.04348628595471382,58915.15234375,0.7503413558006287,0.012622121721506119,1.3814141750335693,0.0
2265.882052094128,-196.51626852901194,1181.9749709612026,100.0,56,5600,False,5538400,55384,989,73b03aedc11d4733ad70480dfb5e4900,2020-03-24_10-03-06,1585044186,10.763401508331299,10468.943502902985,2887,eclipse,137.195.211.213,10468.943502902985,5538400,989,28,28696714,0.0,0.0,0.0,12.147220365305099,0.9897380503183553,1.4633654031244996,5443456,5538400,3343.717,5.736,7235.496,19.904,1.5187499523162842,4.999999873689376e-05,80006.25,-0.05364655330777168,80006.28125,0.6531797647476196,0.012719366699457169,1.2801276445388794,0.0
2502.8669883984176,-144.70320691544418,1272.6232046152018,100.0,56,5600,False,5544000,55440,990,73b03aedc11d4733ad70480dfb5e4900,2020-03-24_10-03-17,1585044197,10.699795722961426,10479.643298625946,2887,eclipse,137.195.211.213,10479.643298625946,5544000,990,28,28696714,0.0,0.0,0.0,12.147733177287353,0.9897291813967456,1.4633434944955201,5448960,5544000,3342.274,5.677,7239.528,19.898,1.5187499523162842,4.999999873689376e-05,50195.265625,-0.052084680646657944,50195.30078125,0.8201813101768494,0.013690127991139889,1.4313645362854004,0.0
2502.8669883984176,-51.62856810373312,1311.6042718408157,100.0,56,5600,False,5549600,55496,991,73b03aedc11d4733ad70480dfb5e4900,2020-03-24_10-03-28,1585044208,10.695249080657959,10490.338547706604,2887,eclipse,137.195.211.213,10490.338547706604,5549600,991,28,28696714,0.01,0.0,1.0,12.14832655353021,0.9897163609477826,1.4633225631053195,5454464,5549600,3351.803,5.5,7241.527,19.827,1.5187499523162842,4.999999873689376e-05,71782.3984375,-0.04588799178600311,71782.421875,0.7117223143577576,0.014022145420312881,1.335352897644043,0.0
2319.119342921663,-344.06153238719634,1193.1723657303662,100.0,56,5600,False,5555200,55552,992,73b03aedc11d4733ad70480dfb5e4900,2020-03-24_10-03-39,1585044219,10.595707654953003,10500.934255361557,2887,eclipse,137.195.211.213,10500.934255361557,5555200,992,28,28696714,0.01,0.0,1.0,12.148776715528356,0.9897045097145585,1.4633128840323177,5459968,5555200,3338.985,5.522,7238.238,19.951,1.5187499523162842,4.999999873689376e-05,66551.578125,-0.04771851375699043,66551.609375,0.7422193288803101,0.012824546545743942,1.5884772539138794,0.0
2423.8261810850013,-51.28101972917955,1300.3091479346951,100.0,56,5600,False,5560800,55608,993,73b03aedc11d4733ad70480dfb5e4900,2020-03-24_10-03-49,1585044229,10.717674016952515,10511.65192937851,2887,eclipse,137.195.211.213,10511.65192937851,5560800,993,28,28696714,0.0,0.0,0.0,12.149457199817602,0.9896824537177566,1.4632933296490271,5465472,5560800,3334.459,5.731,7242.467,19.479,1.5187499523162842,4.999999873689376e-05,64801.22265625,-0.0451502688229084,64801.25390625,0.7061501145362854,0.012091134674847126,1.3770397901535034,0.0
2274.1077676916607,-248.93631522093904,1215.2820868484991,100.0,56,5600,False,5566400,55664,994,73b03aedc11d4733ad70480dfb5e4900,2020-03-24_10-04-00,1585044240,10.622156381607056,10522.274085760117,2887,eclipse,137.195.211.213,10522.274085760117,5566400,994,28,28696714,0.0,0.0,0.0,12.150036895945291,0.9896710909282299,1.4632857053276482,5470976,5566400,3330.83,6.218,7248.894,19.19,1.5187499523162842,4.999999873689376e-05,61297.03515625,-0.04560483992099762,61297.0625,0.7484272122383118,0.011936807073652744,1.3385628461837769,0.0
2244.0863625043207,-612.2908530501539,1178.69383611842,100.0,56,5600,False,5572000,55720,995,73b03aedc11d4733ad70480dfb5e4900,2020-03-24_10-04-11,1585044251,10.619263648986816,10532.893349409103,2887,eclipse,137.195.211.213,10532.893349409103,5572000,995,28,28696714,0.0,0.0,0.0,12.150535802578736,0.9896650885697852,1.463271233625,5476480,5572000,3334.857,6.135,7252.052,19.369,1.5187499523162842,4.999999873689376e-05,97911.625,-0.04288874566555023,97911.6484375,0.5744934678077698,0.013930213637650013,1.1385959386825562,0.0
2336.5133275928742,-612.2908530501539,1181.1049677110525,100.0,56,5600,False,5577600,55776,996,73b03aedc11d4733ad70480dfb5e4900,2020-03-24_10-04-21,1585044261,10.594618320465088,10543.487967729568,2887,eclipse,137.195.211.213,10543.487967729568,5577600,996,28,28696714,0.0,0.0,0.0,12.150947203915614,0.9896589622296047,1.4632411224011554,5481984,5577600,3324.275,6.145,7254.662,19.406,1.5187499523162842,4.999999873689376e-05,70463.875,-0.044691216200590134,70463.8984375,0.7156772613525391,0.013157268986105919,1.3575787544250488,0.0
2336.5133275928742,-62.881970633509475,1186.1199451183106,100.0,56,5600,False,5583200,55832,997,73b03aedc11d4733ad70480dfb5e4900,2020-03-24_10-04-32,1585044272,10.538450241088867,10554.026417970657,2887,eclipse,137.195.211.213,10554.026417970657,5583200,997,28,28696714,0.0,0.0,0.0,12.151246880312168,0.9896398711562128,1.4632027747111727,5487488,5583200,3310.531,5.73,7247.851,19.427,1.5187499523162842,4.999999873689376e-05,66612.03125,-0.0491490513086319,66612.0625,0.7209208011627197,0.015416903421282768,1.5475009679794312,0.0
2414.8984602776095,-62.881970633509475,1242.085807189784,100.0,56,5600,False,5588800,55888,998,73b03aedc11d4733ad70480dfb5e4900,2020-03-24_10-04-42,1585044282,10.540407180786133,10564.566825151443,2887,eclipse,137.195.211.213,10564.566825151443,5588800,998,28,28696714,0.0,0.0,0.0,12.151610370589337,0.9896276948315821,1.4631780319016172,5492992,5588800,3302.843,5.782,7242.351,18.917,1.5187499523162842,4.999999873689376e-05,73193.9375,-0.04663849249482155,73193.96875,0.7211306095123291,0.01479777880012989,1.2321171760559082,0.0
2414.8984602776095,-346.7075545328138,1275.5407265589304,100.0,56,5600,False,5594400,55944,999,73b03aedc11d4733ad70480dfb5e4900,2020-03-24_10-04-53,1585044293,10.695997953414917,10575.262823104858,2887,eclipse,137.195.211.213,10575.262823104858,5594400,999,28,28696714,0.0,0.0,0.0,12.15215085847517,0.9896099168764843,1.4631552235304952,5498496,5594400,3294.646,5.786,7243.904,18.861,1.5187499523162842,4.999999873689376e-05,63855.296875,-0.04786624386906624,63855.3203125,0.7258484959602356,0.012302478775382042,1.602937936782837,0.0
2322.544220747388,-346.7075545328138,1383.8078179814217,100.0,56,5600,False,5600000,56000,1000,73b03aedc11d4733ad70480dfb5e4900,2020-03-24_10-05-04,1585044304,10.773747444152832,10586.036570549011,2887,eclipse,137.195.211.213,10586.036570549011,5600000,1000,28,28696714,0.0,0.0,0.0,12.152906634747245,0.9895978723931358,1.4631303150678854,5504000,5600000,3302.508,5.53,7242.52,18.205,1.5187499523162842,4.999999873689376e-05,50541.21484375,-0.04065354913473129,50541.23828125,0.7612134218215942,0.013979319483041763,1.4619739055633545,0.0
2322.544220747388,-291.2126339820458,1318.6912833788967,100.0,56,5600,False,5605600,56056,1001,73b03aedc11d4733ad70480dfb5e4900,2020-03-24_10-05-14,1585044314,10.250188112258911,10596.28675866127,2887,eclipse,137.195.211.213,10596.28675866127,5605600,1001,28,28696714,0.0,0.0,0.0,12.153785544468711,0.9896360994695758,1.4631445137093342,5509504,5605600,3302.107,5.573,7200.498,18.263,1.5187499523162842,4.999999873689376e-05,51485.890625,-0.04813474416732788,51485.9140625,0.7885358333587646,0.013399189338088036,1.381903886795044,0.0
2400.8999086053404,-291.2126339820458,1194.6821038944943,100.0,56,5600,False,5611200,56112,1002,73b03aedc11d4733ad70480dfb5e4900,2020-03-24_10-05-25,1585044325,10.402503967285156,10606.689262628555,2887,eclipse,137.195.211.213,10606.689262628555,5611200,1002,28,28696714,0.0,0.0,0.0,12.154503688498455,0.9896705488314548,1.4631781104604777,5515008,5611200,3319.502,5.598,7161.941,17.879,1.5187499523162842,4.999999873689376e-05,59933.2890625,-0.04594700038433075,59933.32421875,0.7360645532608032,0.013549212366342545,1.3620926141738892,0.0
2400.8999086053404,-50.62928933072504,1321.9777988023188,100.0,56,5600,False,5616800,56168,1003,73b03aedc11d4733ad70480dfb5e4900,2020-03-24_10-05-35,1585044335,10.648199558258057,10617.337462186813,2887,eclipse,137.195.211.213,10617.337462186813,5616800,1003,28,28696714,0.0,0.0,0.0,12.155786550835442,0.9896993273343722,1.4632890019467022,5520512,5616800,3363.722,5.214,7113.847,18.332,1.5187499523162842,4.999999873689376e-05,51812.39453125,-0.04537333548069,51812.41796875,0.7382961511611938,0.014009620994329453,1.3034331798553467,0.0
2271.953600832374,-424.48731480904127,1194.092085773524,100.0,56,5600,False,5622400,56224,1004,73b03aedc11d4733ad70480dfb5e4900,2020-03-24_10-05-46,1585044346,10.904181003570557,10628.241643190384,2887,eclipse,137.195.211.213,10628.241643190384,5622400,1004,28,28696714,0.0,0.0,0.0,12.157045090852884,0.989761040964901,1.4634421760466259,5526016,5622400,3387.485,4.835,7118.155,18.622,1.5187499523162842,4.999999873689376e-05,66875.0625,-0.03814402595162392,66875.0859375,0.7144873738288879,0.013648774474859238,1.1287323236465454,0.0
2293.8389615658275,-424.48731480904127,1135.0312394012171,100.0,56,5600,False,5628000,56280,1005,73b03aedc11d4733ad70480dfb5e4900,2020-03-24_10-05-57,1585044357,10.621779441833496,10638.863422632217,2887,eclipse,137.195.211.213,10638.863422632217,5628000,1005,28,28696714,0.0,0.0,0.0,12.157807572423435,0.9897876484716778,1.4634970361024273,5531520,5628000,3385.622,4.826,7120.197,18.672,1.5187499523162842,4.999999873689376e-05,58774.85546875,-0.04584256187081337,58774.87890625,0.7359941601753235,0.015416971407830715,1.3540300130844116,0.0
2293.8389615658275,-289.6591582586071,1257.9026216034906,100.0,56,5600,False,5633600,56336,1006,73b03aedc11d4733ad70480dfb5e4900,2020-03-24_10-06-08,1585044368,10.796490669250488,10649.659913301468,2887,eclipse,137.195.211.213,10649.659913301468,5633600,1006,28,28696714,0.0,0.0,0.0,12.158427876244122,0.9897750194595963,1.4634863692323499,5537024,5633600,3403.322,4.796,7121.708,18.809,1.5187499523162842,4.999999873689376e-05,42003.9140625,-0.044253114610910416,42003.9375,0.8075994253158569,0.014346080832183361,1.357619285583496,0.0
2390.482293493944,-53.66199566741416,1250.2671002140519,100.0,56,5600,False,5639200,56392,1007,73b03aedc11d4733ad70480dfb5e4900,2020-03-24_10-06-18,1585044378,10.662492990493774,10660.322406291962,2887,eclipse,137.195.211.213,10660.322406291962,5639200,1007,28,28696714,0.0,0.0,0.0,12.15893362423754,0.9897682303989338,1.463472580797052,5542528,5639200,3412.443,4.98,7124.067,18.283,1.5187499523162842,4.999999873689376e-05,74294.9765625,-0.04075988382101059,74295.0078125,0.6741445064544678,0.01346762664616108,1.4642548561096191,0.0
2390.482293493944,-53.66199566741416,1117.6479635436733,100.0,56,5600,False,5644800,56448,1008,73b03aedc11d4733ad70480dfb5e4900,2020-03-24_10-06-29,1585044389,10.637688398361206,10670.960094690323,2887,eclipse,137.195.211.213,10670.960094690323,5644800,1008,28,28696714,0.0,0.0,0.0,12.15934677222271,0.9897630878936537,1.463443189271936,5548032,5644800,3419.759,5.213,7127.272,18.143,1.5187499523162842,4.999999873689376e-05,51290.52734375,-0.04361816495656967,51290.55078125,0.770062267780304,0.0126179289072752,1.16652512550354,0.0
2386.2444205485726,-53.91337121104682,1223.384684477249,100.0,56,5600,False,5650400,56504,1009,73b03aedc11d4733ad70480dfb5e4900,2020-03-24_10-06-40,1585044400,10.616636991500854,10681.576731681824,2887,eclipse,137.195.211.213,10681.576731681824,5650400,1009,28,28696714,0.0,0.0,0.0,12.160005755784407,0.9897724967190722,1.4634154742603747,5553536,5650400,3419.956,5.29,7121.428,17.299,1.5187499523162842,4.999999873689376e-05,35664.7265625,-0.0438581258058548,35664.74609375,0.8528949618339539,0.015158592723309994,1.2988535165786743,0.0
2386.2444205485726,-57.438417327143775,1212.9832605609824,100.0,56,5600,False,5656000,56560,1010,73b03aedc11d4733ad70480dfb5e4900,2020-03-24_10-06-50,1585044410,10.610893487930298,10692.187625169754,2887,eclipse,137.195.211.213,10692.187625169754,5656000,1010,28,28696714,0.0,0.0,0.0,12.160523181225242,0.9897732725033349,1.4633968459809696,5559040,5656000,3410.633,5.531,7116.334,16.921,1.5187499523162842,4.999999873689376e-05,52433.359375,-0.04921504110097885,52433.39453125,0.7664985060691833,0.012513683177530766,1.2378700971603394,0.0
2339.981143494631,-57.438417327143775,1192.849359534548,100.0,56,5600,False,5661600,56616,1011,73b03aedc11d4733ad70480dfb5e4900,2020-03-24_10-07-01,1585044421,10.630483865737915,10702.818109035492,2887,eclipse,137.195.211.213,10702.818109035492,5661600,1011,28,28696714,0.0,0.0,0.0,12.161034979669791,0.9897773298769686,1.463379691258001,5564544,5661600,3408.071,5.424,7155.606,16.855,1.5187499523162842,4.999999873689376e-05,66874.2421875,-0.04857573285698891,66874.2734375,0.7221083045005798,0.013305164873600006,1.3251162767410278,0.0
2339.981143494631,-51.52798991894944,1167.252541728557,100.0,56,5600,False,5667200,56672,1012,73b03aedc11d4733ad70480dfb5e4900,2020-03-24_10-07-12,1585044432,10.659169673919678,10713.477278709412,2887,eclipse,137.195.211.213,10713.477278709412,5667200,1012,28,28696714,0.0,0.0,0.0,12.161486450781535,0.9897798631516088,1.4633479063025867,5570048,5667200,3398.318,5.412,7193.939,16.808,1.5187499523162842,4.999999873689376e-05,66576.90625,-0.04887297376990318,66576.9375,0.7177828550338745,0.01257062517106533,1.2108997106552124,0.0
2228.147916204142,-52.040802352888875,1180.0454653428249,100.0,56,5600,False,5672800,56728,1013,73b03aedc11d4733ad70480dfb5e4900,2020-03-24_10-07-22,1585044442,10.598328113555908,10724.075606822968,2887,eclipse,137.195.211.213,10724.075606822968,5672800,1013,28,28696714,0.0,0.0,0.0,12.1619810224269,0.9897861395545274,1.4633160832286882,5575552,5672800,3353.641,5.698,7230.42,16.414,1.5187499523162842,4.999999873689376e-05,47031.55859375,-0.04371849074959755,47031.578125,0.7650774717330933,0.014258846640586853,1.411544680595398,0.0
2217.165216335875,-366.18713377233894,1214.9529331119643,100.0,56,5600,False,5678400,56784,1014,73b03aedc11d4733ad70480dfb5e4900,2020-03-24_10-07-33,1585044453,10.816296100616455,10734.891902923584,2887,eclipse,137.195.211.213,10734.891902923584,5678400,1014,28,28696714,0.0,0.0,0.0,12.162975585610356,0.9898045827448702,1.4634119689011573,5581056,5678400,3346.197,5.879,7228.915,16.461,1.5187499523162842,4.999999873689376e-05,69078.8046875,-0.045718736946582794,69078.8125,0.6752778887748718,0.015020427294075489,1.295022964477539,0.0
2227.2432000529134,-366.18713377233894,1213.6252544091876,100.0,56,5600,False,5684000,56840,1015,73b03aedc11d4733ad70480dfb5e4900,2020-03-24_10-07-45,1585044465,11.230652332305908,10746.12255525589,2887,eclipse,137.195.211.213,10746.12255525589,5684000,1015,28,28696714,0.0,0.0,0.0,12.164728149913344,0.9898706795594627,1.463798608523045,5586560,5684000,3410.786,6.289,7224.5,16.687,1.5187499523162842,4.999999873689376e-05,85267.1484375,-0.040878042578697205,85267.1640625,0.6304071545600891,0.013152794912457466,1.2757365703582764,0.0
2309.921721224662,-178.98295002717617,1123.593143737524,100.0,56,5600,False,5689600,56896,1016,73b03aedc11d4733ad70480dfb5e4900,2020-03-24_10-07-55,1585044475,10.55178952217102,10756.674344778061,2887,eclipse,137.195.211.213,10756.674344778061,5689600,1016,28,28696714,0.0,0.0,0.0,12.16593629415073,0.9899082913759644,1.4640515268443306,5592064,5689600,3393.404,6.038,7218.483,16.38,1.5187499523162842,4.999999873689376e-05,68703.6484375,-0.043631356209516525,68703.671875,0.7090526819229126,0.014096399769186974,1.222272515296936,0.0
2422.713639746113,-178.98295002717617,1164.35233592708,100.0,56,5600,False,5695200,56952,1017,73b03aedc11d4733ad70480dfb5e4900,2020-03-24_10-08-06,1585044486,10.495080471038818,10767.1694252491,2887,eclipse,137.195.211.213,10767.1694252491,5695200,1017,28,28696714,0.0,0.0,0.0,12.166382199590714,0.9899042999712552,1.464026205174958,5597568,5695200,3387.233,6.061,7209.121,16.215,1.5187499523162842,4.999999873689376e-05,56972.34765625,-0.04706959426403046,56972.37890625,0.7073743343353271,0.015831174328923225,1.2591134309768677,0.0
2416.817144523193,-55.184407286256494,1297.640074478205,100.0,56,5600,False,5700800,57008,1018,73b03aedc11d4733ad70480dfb5e4900,2020-03-24_10-08-16,1585044496,10.731971025466919,10777.901396274567,2887,eclipse,137.195.211.213,10777.901396274567,5700800,1018,28,28696714,0.0,0.0,0.0,12.16708752599117,0.9899043679336527,1.4640140394456038,5603072,5700800,3397.035,5.808,7207.99,16.649,1.5187499523162842,4.999999873689376e-05,48776.12109375,-0.03855545073747635,48776.140625,0.7858348488807678,0.011720697395503521,1.5553869009017944,0.0
2277.037359656249,-55.184407286256494,1296.9983164627147,100.0,56,5600,False,5706400,57064,1019,73b03aedc11d4733ad70480dfb5e4900,2020-03-24_10-08-27,1585044507,10.79567837715149,10788.697074651718,2887,eclipse,137.195.211.213,10788.697074651718,5706400,1019,28,28696714,0.0,0.0,0.0,12.167795660217378,0.9899181453256489,1.46399867196899,5608576,5706400,3408.904,5.702,7210.913,17.647,1.5187499523162842,4.999999873689376e-05,63176.60546875,-0.04289282113313675,63176.62890625,0.7093990445137024,0.013298106379806995,1.2391737699508667,0.0
2277.037359656249,-54.19320600188969,1222.4625705792585,100.0,56,5600,False,5712000,57120,1020,73b03aedc11d4733ad70480dfb5e4900,2020-03-24_10-08-38,1585044518,10.60119080543518,10799.298265457153,2887,eclipse,137.195.211.213,10799.298265457153,5712000,1020,28,28696714,0.0,0.0,0.0,12.16823977124871,0.9899366635596603,1.4639748532128618,5614080,5712000,3408.287,5.68,7209.096,18.65,1.5187499523162842,4.999999873689376e-05,67856.671875,-0.052878037095069885,67856.7109375,0.7236937284469604,0.011843309737741947,1.4805268049240112,0.0
2257.5655434981772,-54.19320600188969,1175.4856800777966,100.0,56,5600,False,5717600,57176,1021,73b03aedc11d4733ad70480dfb5e4900,2020-03-24_10-08-49,1585044529,10.733778238296509,10810.03204369545,2887,eclipse,137.195.211.213,10810.03204369545,5717600,1021,28,28696714,0.0,0.0,0.0,12.168714610205178,0.9899362810153071,1.4639506046791206,5619584,5717600,3410.583,5.815,7216.039,18.521,1.5187499523162842,4.999999873689376e-05,65017.5234375,-0.04172986373305321,65017.546875,0.6637521982192993,0.015369312837719917,1.117199420928955,0.0
2403.2923954777316,-55.01976041937031,1141.5899633425947,100.0,56,5600,False,5723200,57232,1022,73b03aedc11d4733ad70480dfb5e4900,2020-03-24_10-09-00,1585044540,10.755400657653809,10820.787444353104,2887,eclipse,137.195.211.213,10820.787444353104,5723200,1022,28,28696714,0.0,0.0,0.0,12.169177865646542,0.9899388107277582,1.463925203556694,5625088,5723200,3418.873,6.165,7214.617,18.881,1.5187499523162842,4.999999873689376e-05,73922.0546875,-0.04325123876333237,73922.078125,0.6494247317314148,0.01338683906942606,1.1823906898498535,0.0
2403.2923954777316,-44.36983991322833,1156.7180780248157,100.0,56,5600,False,5728800,57288,1023,73b03aedc11d4733ad70480dfb5e4900,2020-03-24_10-09-10,1585044550,10.742753744125366,10831.530198097229,2887,eclipse,137.195.211.213,10831.530198097229,5728800,1023,28,28696714,0.0,0.0,0.0,12.16966604321532,0.9899327281650833,1.4639016325629841,5630592,5728800,3423.49,6.392,7223.818,19.739,1.5187499523162842,4.999999873689376e-05,77968.8671875,-0.04542893171310425,77968.890625,0.644214391708374,0.012517093680799007,1.2884037494659424,0.0
2315.3680202074615,-53.04383907152447,1179.6060681465656,100.0,56,5600,False,5734400,57344,1024,73b03aedc11d4733ad70480dfb5e4900,2020-03-24_10-09-21,1585044561,10.720360517501831,10842.25055861473,2887,eclipse,137.195.211.213,10842.25055861473,5734400,1024,28,28696714,0.0,0.0,0.0,12.170138280131841,0.9899332584596237,1.463880678217347,5636096,5734400,3415.757,6.4,7223.696,19.179,1.5187499523162842,4.999999873689376e-05,57943.4375,-0.04608006775379181,57943.46484375,0.7339307069778442,0.01348013523966074,1.4995697736740112,0.0
2170.6064181206502,-53.91584153490898,1272.107579429278,100.0,56,5600,False,5740000,57400,1025,73b03aedc11d4733ad70480dfb5e4900,2020-03-24_10-09-32,1585044572,10.643471956253052,10852.894030570984,2887,eclipse,137.195.211.213,10852.894030570984,5740000,1025,28,28696714,0.0,0.0,0.0,12.170696697839139,0.9899310765320739,1.4638539914904236,5641600,5740000,3358.312,6.096,7220.615,19.403,1.5187499523162842,4.999999873689376e-05,66756.4921875,-0.04512651637196541,66756.5234375,0.723161518573761,0.013514189049601555,1.2857301235198975,0.0
2345.8518980016947,-384.1914552491373,1166.5437351598314,100.0,56,5600,False,5745600,57456,1026,73b03aedc11d4733ad70480dfb5e4900,2020-03-24_10-09-43,1585044583,10.782667398452759,10863.676697969437,2887,eclipse,137.195.211.213,10863.676697969437,5745600,1026,28,28696714,0.0,0.0,0.0,12.171241646758313,0.9899278633457095,1.4638412635116145,5647104,5745600,3370.449,6.359,7227.968,19.676,1.5187499523162842,4.999999873689376e-05,65815.40625,-0.042803194373846054,65815.4375,0.7142375707626343,0.011832802556455135,1.482772946357727,0.0
2212.799307224614,-560.7334535270022,1184.115296585089,100.0,56,5600,False,5751200,57512,1027,73b03aedc11d4733ad70480dfb5e4900,2020-03-24_10-09-53,1585044593,10.714271306991577,10874.390969276428,2887,eclipse,137.195.211.213,10874.390969276428,5751200,1027,28,28696714,0.0,0.0,0.0,12.171830326286965,0.9899203581117318,1.4638309874769078,5652608,5751200,3376.157,6.558,7241.4,20.742,1.5187499523162842,4.999999873689376e-05,94377.1953125,-0.04647295922040939,94377.2265625,0.6576799154281616,0.012865154072642326,1.40111243724823,0.0
2260.9312304584696,-560.7334535270022,1203.2724273654103,100.0,56,5600,False,5756800,57568,1028,73b03aedc11d4733ad70480dfb5e4900,2020-03-24_10-10-04,1585044604,10.232497453689575,10884.623466730118,2887,eclipse,137.195.211.213,10884.623466730118,5756800,1028,28,28696714,0.0,0.0,0.0,12.172357686229157,0.9899170350838864,1.4638228457446083,5658112,5756800,3367.685,6.53,7201.489,20.833,1.5187499523162842,4.999999873689376e-05,71869.078125,-0.04810846224427223,71869.1015625,0.6934375762939453,0.014169221743941307,1.3334823846817017,0.0
2260.9312304584696,-475.5175181315044,1312.5042785124117,100.0,56,5600,False,5762400,57624,1029,73b03aedc11d4733ad70480dfb5e4900,2020-03-24_10-10-14,1585044614,10.547679662704468,10895.171146392822,2887,eclipse,137.195.211.213,10895.171146392822,5762400,1029,28,28696714,0.0,0.0,0.0,12.173224472370876,0.9899401973088263,1.4638869019301364,5663616,5762400,3381.079,6.724,7165.672,20.575,1.5187499523162842,4.999999873689376e-05,67305.953125,-0.04605400934815407,67305.9765625,0.709393322467804,0.012998285703361034,1.342079520225525,0.0
2254.126094043174,-492.00220538123443,1184.8400442055752,100.0,56,5600,False,5768000,57680,1030,73b03aedc11d4733ad70480dfb5e4900,2020-03-24_10-10-25,1585044625,10.297872543334961,10905.469018936157,2887,eclipse,137.195.211.213,10905.469018936157,5768000,1030,28,28696714,0.0,0.0,0.0,12.174025415548286,0.9899709325670042,1.4639723023504656,5669120,5768000,3388.497,6.715,7127.65,20.463,1.5187499523162842,4.999999873689376e-05,59674.62109375,-0.0446709468960762,59674.65234375,0.7451969385147095,0.014393731951713562,1.3979239463806152,0.0
2254.126094043174,-53.012726294921954,1168.9460577861505,100.0,56,5600,False,5773600,57736,1031,73b03aedc11d4733ad70480dfb5e4900,2020-03-24_10-10-35,1585044635,10.84780216217041,10916.316821098328,2887,eclipse,137.195.211.213,10916.316821098328,5773600,1031,28,28696714,0.0,0.0,0.0,12.174977010930743,0.9900256294100335,1.4641108467856503,5674624,5773600,3431.174,6.871,7097.335,20.594,1.5187499523162842,4.999999873689376e-05,45209.015625,-0.04842032492160797,45209.04296875,0.8173202872276306,0.014556747861206532,1.2756907939910889,0.0
2497.4967784997493,-480.61227849443145,1159.1018242858695,100.0,56,5600,False,5779200,57792,1032,73b03aedc11d4733ad70480dfb5e4900,2020-03-24_10-10-46,1585044646,10.612827062606812,10926.929648160934,2887,eclipse,137.195.211.213,10926.929648160934,5779200,1032,28,28696714,0.0,0.0,0.0,12.175862406911342,0.9900780266261566,1.4642323664057855,5680128,5779200,3423.835,6.488,7092.406,20.511,1.5187499523162842,4.999999873689376e-05,61375.5703125,-0.04477822035551071,61375.5859375,0.7376621961593628,0.013984461314976215,1.2278536558151245,0.0
2199.2545121314197,-480.61227849443145,1053.049966567686,100.0,56,5600,False,5784800,57848,1033,73b03aedc11d4733ad70480dfb5e4900,2020-03-24_10-10-57,1585044657,10.631429672241211,10937.561077833176,2887,eclipse,137.195.211.213,10937.561077833176,5784800,1033,28,28696714,0.01,0.0,1.0,12.176153694432406,0.9900759428800283,1.464241517191841,5685632,5784800,3415.699,6.204,7090.911,20.499,1.5187499523162842,4.999999873689376e-05,53069.4765625,-0.04310300573706627,53069.5,0.778932511806488,0.015028274618089199,1.2389752864837646,0.0
2233.5573998037125,-545.2188184369346,1147.5827574061116,100.0,56,5600,False,5790400,57904,1034,73b03aedc11d4733ad70480dfb5e4900,2020-03-24_10-11-07,1585044667,10.652230978012085,10948.213308811188,2887,eclipse,137.195.211.213,10948.213308811188,5790400,1034,28,28696714,0.01,0.0,1.0,12.17643221732894,0.9900684425419164,1.4642125022617278,5691136,5790400,3407.643,6.143,7091.865,20.629,1.5187499523162842,4.999999873689376e-05,81008.9453125,-0.05285820737481117,81008.96875,0.6496518850326538,0.013718649744987488,1.1991828680038452,0.0
2310.82741930103,-545.2188184369346,1060.2316948898867,100.0,56,5600,False,5796000,57960,1035,73b03aedc11d4733ad70480dfb5e4900,2020-03-24_10-11-18,1585044678,10.630877256393433,10958.844186067581,2887,eclipse,137.195.211.213,10958.844186067581,5796000,1035,28,28696714,0.0,0.0,0.0,12.176578607868937,0.9900766274003729,1.4641914530119022,5696640,5796000,3395.281,6.105,7103.408,19.75,1.5187499523162842,4.999999873689376e-05,57342.14453125,-0.04749087244272232,57342.19140625,0.766781210899353,0.014072999358177185,1.174895167350769,0.0
2310.82741930103,-497.4764519089154,1107.1582436355734,100.0,56,5600,False,5801600,58016,1036,73b03aedc11d4733ad70480dfb5e4900,2020-03-24_10-11-29,1585044689,10.621158599853516,10969.465344667435,2887,eclipse,137.195.211.213,10969.465344667435,5801600,1036,28,28696714,0.0,0.0,0.0,12.17681320826022,0.9900830771243624,1.4641725648737987,5702144,5801600,3384.818,6.087,7098.856,19.525,1.5187499523162842,4.999999873689376e-05,76582.8515625,-0.04020318761467934,76582.875,0.7179527878761292,0.011931839399039745,1.4226256608963013,0.0
2325.72091700476,-561.7352570962223,1236.0365930068629,100.0,56,5600,False,5807200,58072,1037,73b03aedc11d4733ad70480dfb5e4900,2020-03-24_10-11-40,1585044700,10.78631591796875,10980.251660585403,2887,eclipse,137.195.211.213,10980.251660585403,5807200,1037,28,28696714,0.0,0.0,0.0,12.177333715823027,0.990078439090205,1.4641545823183726,5707648,5807200,3394.531,5.898,7097.782,18.993,1.5187499523162842,4.999999873689376e-05,68504.4375,-0.04337892308831215,68504.453125,0.6940115094184875,0.014068115502595901,1.1541576385498047,0.0
2385.833694684109,-561.7352570962223,1257.4074073371057,100.0,56,5600,False,5812800,58128,1038,73b03aedc11d4733ad70480dfb5e4900,2020-03-24_10-11-51,1585044711,10.800830841064453,10991.052491426468,2887,eclipse,137.195.211.213,10991.052491426468,5812800,1038,28,28696714,0.0,0.0,0.0,12.17791818976033,0.9900849328181215,1.4641513381224536,5713152,5812800,3406.243,6.143,7142.379,18.215,1.5187499523162842,4.999999873689376e-05,39277.5390625,-0.04018334299325943,39277.55859375,0.843896746635437,0.013201821595430374,1.3951553106307983,0.0
2385.833694684109,-59.76143177185124,1369.317899022829,100.0,56,5600,False,5818400,58184,1039,73b03aedc11d4733ad70480dfb5e4900,2020-03-24_10-12-01,1585044721,10.696536779403687,11001.749028205872,2887,eclipse,137.195.211.213,11001.749028205872,5818400,1039,28,28696714,0.0,0.0,0.0,12.178769947311057,0.990110213954342,1.4641404164571314,5718656,5818400,3386.783,5.74,7175.845,17.741,1.5187499523162842,4.999999873689376e-05,62521.4609375,-0.04815232381224632,62521.49609375,0.6618808507919312,0.0125507777556777,1.355281114578247,0.0
2336.260687906908,-55.588102838082776,1301.4544429835269,100.0,56,5600,False,5824000,58240,1040,73b03aedc11d4733ad70480dfb5e4900,2020-03-24_10-12-12,1585044732,10.594103336334229,11012.343131542206,2887,eclipse,137.195.211.213,11012.343131542206,5824000,1040,28,28696714,0.0,0.0,0.0,12.179596554348628,0.9901199519866859,1.4641235508436472,5724160,5824000,3388.104,5.757,7206.173,18.023,1.5187499523162842,4.999999873689376e-05,46164.7890625,-0.04225045442581177,46164.8125,0.7700511813163757,0.013573753647506237,1.2814916372299194,0.0
2251.094855301432,-55.588102838082776,1246.8106123136422,100.0,56,5600,False,5829600,58296,1041,73b03aedc11d4733ad70480dfb5e4900,2020-03-24_10-12-22,1585044742,10.444453954696655,11022.787585496902,2887,eclipse,137.195.211.213,11022.787585496902,5829600,1041,28,28696714,0.0,0.0,0.0,12.180193468361598,0.9901153045566816,1.4641087837685234,5729664,5829600,3337.62,5.595,7215.742,17.642,1.5187499523162842,4.999999873689376e-05,69508.890625,-0.045664284378290176,69508.9140625,0.6826025247573853,0.01459368597716093,1.254785180091858,0.0
2251.094855301432,-456.1367739919125,1281.1787316300483,100.0,56,5600,False,5835200,58352,1042,73b03aedc11d4733ad70480dfb5e4900,2020-03-24_10-12-33,1585044753,10.606798887252808,11033.394384384155,2887,eclipse,137.195.211.213,11033.394384384155,5835200,1042,28,28696714,0.0,0.0,0.0,12.180814982421698,0.9901104435073513,1.4640972237599124,5735168,5835200,3337.437,5.574,7215.829,17.818,1.5187499523162842,4.999999873689376e-05,73408.046875,-0.04514345899224281,73408.078125,0.6333698630332947,0.013697925955057144,1.3208341598510742,0.0
2217.896477358525,-276.3368261389667,1227.4306075206794,100.0,56,5600,False,5840800,58408,1043,73b03aedc11d4733ad70480dfb5e4900,2020-03-24_10-12-44,1585044764,10.593624353408813,11043.988008737564,2887,eclipse,137.195.211.213,11043.988008737564,5840800,1043,28,28696714,0.0,0.0,0.0,12.18132908402003,0.9901022497895906,1.4640815070693134,5740672,5840800,3337.075,5.667,7212.642,17.215,1.5187499523162842,4.999999873689376e-05,82965.46875,-0.039777401834726334,82965.484375,0.6181826591491699,0.01707434095442295,1.175728678703308,0.0
2240.1363059799264,-276.3368261389667,1309.9241604614426,100.0,56,5600,False,5846400,58464,1044,73b03aedc11d4733ad70480dfb5e4900,2020-03-24_10-12-55,1585044775,10.808370351791382,11054.796379089355,2887,eclipse,137.195.211.213,11054.796379089355,5846400,1044,28,28696714,0.0,0.0,0.0,12.181884720976429,0.9900995433325197,1.4640537257613806,5746176,5846400,3348.143,5.668,7215.643,17.093,1.5187499523162842,4.999999873689376e-05,50528.59765625,-0.04052367061376572,50528.62109375,0.7809203267097473,0.014414302073419094,1.3171114921569824,0.0
2535.6848611652367,-558.0877593978089,1321.1684938360393,100.0,56,5600,False,5852000,58520,1045,73b03aedc11d4733ad70480dfb5e4900,2020-03-24_10-13-05,1585044785,10.76443076133728,11065.560809850693,2887,eclipse,137.195.211.213,11065.560809850693,5852000,1045,28,28696714,0.01,0.0,1.0,12.182519180260824,0.9901000298663951,1.4640314843181426,5751680,5852000,3360.944,5.823,7216.587,17.749,1.5187499523162842,4.999999873689376e-05,73351.9296875,-0.04520675539970398,73351.96875,0.7141501903533936,0.013278745114803314,1.355136513710022,0.0
2535.6848611652367,-558.0877593978089,1330.8027979067194,100.0,56,5600,False,5857600,58576,1046,73b03aedc11d4733ad70480dfb5e4900,2020-03-24_10-13-16,1585044796,10.657449007034302,11076.218258857727,2887,eclipse,137.195.211.213,11076.218258857727,5857600,1046,28,28696714,0.01,0.0,1.0,12.183299286038837,0.9901056633513095,1.4640221361584138,5757184,5857600,3367.233,5.823,7213.544,18.084,1.5187499523162842,4.999999873689376e-05,63417.4296875,-0.04661724716424942,63417.46484375,0.6736939549446106,0.01353190653026104,1.4756386280059814,0.0
2309.3958565842163,-51.05184317803562,1314.1574458146144,100.0,56,5600,False,5863200,58632,1047,73b03aedc11d4733ad70480dfb5e4900,2020-03-24_10-13-27,1585044807,10.580444574356079,11086.798703432083,2887,eclipse,137.195.211.213,11086.798703432083,5863200,1047,28,28696714,0.0,0.0,0.0,12.18406301319367,0.9900870702529033,1.4640083226537828,5762688,5863200,3355.636,5.807,7205.219,17.536,1.5187499523162842,4.999999873689376e-05,65604.875,-0.046507351100444794,65604.8984375,0.7040375471115112,0.01398533210158348,1.2389229536056519,0.0
2286.8990175919253,-38.6434608541767,1259.5630079894981,100.0,56,5600,False,5868800,58688,1048,73b03aedc11d4733ad70480dfb5e4900,2020-03-24_10-13-37,1585044817,10.68476939201355,11097.483472824097,2887,eclipse,137.195.211.213,11097.483472824097,5868800,1048,28,28696714,0.0,0.0,0.0,12.184704809402703,0.9900810480834447,1.4640113846024059,5768192,5868800,3350.732,5.599,7197.66,18.13,1.5187499523162842,4.999999873689376e-05,47442.109375,-0.04803219065070152,47442.1328125,0.7949624061584473,0.016447436064481735,1.2938603162765503,0.0
2288.8065210277728,-236.40604662290113,1255.5516578173147,100.0,56,5600,False,5874400,58744,1049,73b03aedc11d4733ad70480dfb5e4900,2020-03-24_10-13-48,1585044828,10.756142139434814,11108.239614963531,2887,eclipse,137.195.211.213,11108.239614963531,5874400,1049,28,28696714,0.0,0.0,0.0,12.185286543000856,0.9900857186429368,1.4640085942208878,5773696,5874400,3351.178,5.825,7201.888,19.013,1.5187499523162842,4.999999873689376e-05,67414.8984375,-0.04858813062310219,67414.921875,0.7076748609542847,0.013685157522559166,1.2258673906326294,0.0
2288.8065210277728,-236.40604662290113,1130.041525035001,100.0,56,5600,False,5880000,58800,1050,73b03aedc11d4733ad70480dfb5e4900,2020-03-24_10-13-59,1585044839,10.669710397720337,11118.909325361252,2887,eclipse,137.195.211.213,11118.909325361252,5880000,1050,28,28696714,0.0,0.0,0.0,12.18571182891419,0.9900959966213579,1.4639873250763396,5779200,5880000,3348.255,5.818,7211.246,18.927,1.5187499523162842,4.999999873689376e-05,58283.30859375,-0.0395716056227684,58283.33203125,0.6975334286689758,0.01596258208155632,1.310214877128601,0.0
2359.2172785202483,-431.9136330076547,1121.7658375147423,100.0,56,5600,False,5885600,58856,1051,73b03aedc11d4733ad70480dfb5e4900,2020-03-24_10-14-10,1585044850,10.613006591796875,11129.522331953049,2887,eclipse,137.195.211.213,11129.522331953049,5885600,1051,28,28696714,0.0,0.0,0.0,12.186094685771542,0.990100273610316,1.4639658191941327,5784704,5885600,3348.309,5.935,7227.478,19.428,1.5187499523162842,4.999999873689376e-05,73780.921875,-0.040911007672548294,73780.9453125,0.692778468132019,0.013639246113598347,1.0712254047393799,0.0
2268.62409024602,-431.9136330076547,1149.4038431596607,100.0,56,5600,False,5891200,58912,1052,73b03aedc11d4733ad70480dfb5e4900,2020-03-24_10-14-20,1585044860,10.73847508430481,11140.260807037354,2887,eclipse,137.195.211.213,11140.260807037354,5891200,1052,28,28696714,0.0,0.0,0.0,12.186445515598228,0.9901067315750259,1.4639487909990583,5790208,5891200,3349.785,5.933,7238.536,19.102,1.5187499523162842,4.999999873689376e-05,54135.546875,-0.04157572612166405,54135.5625,0.7666105031967163,0.012367293238639832,1.1772220134735107,0.0
2366.6901748266823,-544.1722433031457,1213.9952056360146,100.0,56,5600,False,5896800,58968,1053,73b03aedc11d4733ad70480dfb5e4900,2020-03-24_10-14-31,1585044871,10.802539587020874,11151.063346624374,2887,eclipse,137.195.211.213,11151.063346624374,5896800,1053,28,28696714,0.0,0.0,0.0,12.186909502071853,0.9901223626235369,1.4639260813937256,5795712,5896800,3356.807,6.098,7250.975,19.939,1.5187499523162842,4.999999873689376e-05,70862.2890625,-0.041959214955568314,70862.3046875,0.7158677577972412,0.015004988759756088,1.4533681869506836,0.0
2366.6901748266823,-544.1722433031457,1174.2266018721793,100.0,56,5600,False,5902400,59024,1054,73b03aedc11d4733ad70480dfb5e4900,2020-03-24_10-14-42,1585044882,10.636592626571655,11161.699939250946,2887,eclipse,137.195.211.213,11161.699939250946,5902400,1054,28,28696714,0.0,0.0,0.0,12.187339815713555,0.9901312991466125,1.4639082286046283,5801216,5902400,3347.157,6.434,7242.496,20.397,1.5187499523162842,4.999999873689376e-05,56196.609375,-0.04613744840025902,56196.64453125,0.7469547986984253,0.014755969867110252,1.421960473060608,0.0
2303.2452988239484,-51.62896280811091,1227.936944172182,100.0,56,5600,False,5908000,59080,1055,73b03aedc11d4733ad70480dfb5e4900,2020-03-24_10-14-53,1585044893,10.675642728805542,11172.375581979752,2887,eclipse,137.195.211.213,11172.375581979752,5908000,1055,28,28696714,0.0,0.0,0.0,12.187815137699438,0.9901380167307892,1.4639142875625517,5806720,5908000,3341.642,6.701,7237.253,20.775,1.5187499523162842,4.999999873689376e-05,52674.73828125,-0.04460062459111214,52674.75390625,0.7848650217056274,0.017326418310403824,1.1558970212936401,0.0
2197.634230066752,-51.34436790301601,1320.914507941707,100.0,56,5600,False,5913600,59136,1056,73b03aedc11d4733ad70480dfb5e4900,2020-03-24_10-15-03,1585044903,10.709491968154907,11183.085073947906,2887,eclipse,137.195.211.213,11183.085073947906,5913600,1056,28,28696714,0.0,0.0,0.0,12.1884478431518,0.9901485033259084,1.463915407942402,5812224,5913600,3345.047,6.676,7239.243,21.086,1.5187499523162842,4.999999873689376e-05,47526.45703125,-0.04342233017086983,47526.48046875,0.7813811898231506,0.012607404962182045,1.350452184677124,0.0
2289.8419947970337,-205.55984303750813,1351.2418839436045,100.0,56,5600,False,5919200,59192,1057,73b03aedc11d4733ad70480dfb5e4900,2020-03-24_10-15-14,1585044914,10.50975751876831,11193.594831466675,2887,eclipse,137.195.211.213,11193.594831466675,5919200,1057,28,28696714,0.0,0.0,0.0,12.18917661540431,0.9901573357806299,1.463929898904637,5817728,5919200,3368.349,6.699,7208.871,22.044,1.5187499523162842,4.999999873689376e-05,76147.6796875,-0.04138235002756119,76147.6953125,0.6595629453659058,0.013032070361077785,1.3588814735412598,0.0
2269.026859205705,-239.66755240075037,1421.7058393369412,100.0,56,5600,False,5924800,59248,1058,73b03aedc11d4733ad70480dfb5e4900,2020-03-24_10-15-24,1585044924,10.36507511138916,11203.959906578064,2887,eclipse,137.195.211.213,11203.959906578064,5924800,1058,28,28696714,0.0,0.0,0.0,12.19004754807735,0.99017324062372,1.4639701293936895,5823232,5924800,3368.135,6.725,7178.194,22.279,1.5187499523162842,4.999999873689376e-05,67289.1796875,-0.04726364463567734,67289.1953125,0.7036992907524109,0.012797253206372261,1.409315824508667,0.0
2375.3278771565565,-239.66755240075037,1277.967021399031,100.0,56,5600,False,5930400,59304,1059,73b03aedc11d4733ad70480dfb5e4900,2020-03-24_10-15-35,1585044935,10.82949161529541,11214.78939819336,2887,eclipse,137.195.211.213,11214.78939819336,5930400,1059,28,28696714,0.0,0.0,0.0,12.191285642760182,0.9902251510162631,1.464149329638,5828736,5930400,3404.293,6.805,7150.278,21.914,1.5187499523162842,4.999999873689376e-05,43349.22265625,-0.04953169450163841,43349.24609375,0.8257046937942505,0.016489975154399872,1.398934245109558,0.0
2375.3278771565565,-350.7326225323023,1300.6149525792305,100.0,56,5600,False,5936000,59360,1060,73b03aedc11d4733ad70480dfb5e4900,2020-03-24_10-15-46,1585044946,10.748966932296753,11225.538365125656,2887,eclipse,137.195.211.213,11225.538365125656,5936000,1060,28,28696714,0.01,0.0,1.0,12.19250073720714,0.9902606297997519,1.4643074356705228,5834240,5936000,3404.207,6.937,7157.784,22.183,1.5187499523162842,4.999999873689376e-05,84848.0078125,-0.04715085029602051,84848.03125,0.6630142331123352,0.015118385665118694,1.5520738363265991,0.0
2360.552202930724,-350.7326225323023,1206.3830851431346,100.0,56,5600,False,5941600,59416,1061,73b03aedc11d4733ad70480dfb5e4900,2020-03-24_10-15-57,1585044957,10.633244514465332,11236.171609640121,2887,eclipse,137.195.211.213,11236.171609640121,5941600,1061,28,28696714,0.01,0.0,1.0,12.192994319540551,0.9902814764783352,1.4643350325371938,5839744,5941600,3411.773,6.757,7153.243,22.303,1.5187499523162842,4.999999873689376e-05,63151.27734375,-0.04774462431669235,63151.296875,0.7445974946022034,0.014021763578057289,1.2950025796890259,0.0
2158.7312510445918,-53.804617058111695,1258.1755355360751,100.0,56,5600,False,5947200,59472,1062,73b03aedc11d4733ad70480dfb5e4900,2020-03-24_10-16-07,1585044967,10.613869190216064,11246.785478830338,2887,eclipse,137.195.211.213,11246.785478830338,5947200,1062,28,28696714,0.0,0.0,0.0,12.193503034155228,0.9902743736706426,1.4643117594865163,5845248,5947200,3405.89,6.744,7146.924,22.397,1.5187499523162842,4.999999873689376e-05,53831.77734375,-0.0511273555457592,53831.80078125,0.7311866879463196,0.01255846582353115,1.4771207571029663,0.0
2415.4881701257414,-193.0753833824223,1216.8096749902347,100.0,56,5600,False,5952800,59528,1063,73b03aedc11d4733ad70480dfb5e4900,2020-03-24_10-16-18,1585044978,10.620157718658447,11257.405636548996,2887,eclipse,137.195.211.213,11257.405636548996,5952800,1063,28,28696714,0.01,0.0,1.0,12.193935262993143,0.9902520410775182,1.4642953835853998,5850752,5952800,3401.323,6.543,7135.074,21.447,1.5187499523162842,4.999999873689376e-05,65112.02734375,-0.03789597749710083,65112.046875,0.7378901839256287,0.014285799115896225,1.4254246950149536,0.0
2415.4881701257414,-60.25553655683874,1203.2697284840435,100.0,56,5600,False,5958400,59584,1064,73b03aedc11d4733ad70480dfb5e4900,2020-03-24_10-16-29,1585044989,10.676507949829102,11268.082144498825,2887,eclipse,137.195.211.213,11268.082144498825,5958400,1064,28,28696714,0.02,0.0,1.0,12.194330686700264,0.9902381274999184,1.4642932729508504,5856256,5958400,3403.837,6.219,7138.225,21.024,1.5187499523162842,4.999999873689376e-05,45656.07421875,-0.04636092111468315,45656.10546875,0.7952922582626343,0.013535352423787117,1.4752565622329712,0.0
2241.8311621948387,-60.25553655683874,1285.000035707681,100.0,56,5600,False,5964000,59640,1065,73b03aedc11d4733ad70480dfb5e4900,2020-03-24_10-16-39,1585044999,10.687481164932251,11278.769625663757,2887,eclipse,137.195.211.213,11278.769625663757,5964000,1065,28,28696714,0.01,0.0,1.0,12.194914334181291,0.9902406440599756,1.4642859088153108,5861760,5964000,3406.172,5.843,7138.538,20.586,1.5187499523162842,4.999999873689376e-05,72438.0546875,-0.04072253778576851,72438.0546875,0.5721868276596069,0.014340460300445557,1.119036316871643,0.0
2252.391076140952,-444.9261754338217,1292.4210408193724,100.0,56,5600,False,5969600,59696,1066,73b03aedc11d4733ad70480dfb5e4900,2020-03-24_10-16-50,1585045010,10.568795680999756,11289.338421344757,2887,eclipse,137.195.211.213,11289.338421344757,5969600,1066,28,28696714,0.0,0.0,0.0,12.195603075362328,0.9902435601638666,1.464265359347313,5867264,5969600,3400.283,5.909,7131.57,20.363,1.5187499523162842,4.999999873689376e-05,76763.3046875,-0.04681967571377754,76763.34375,0.6354738473892212,0.012940023094415665,1.0803734064102173,0.0
2320.976516860388,-444.9261754338217,1246.5393252251267,100.0,56,5600,False,5975200,59752,1067,73b03aedc11d4733ad70480dfb5e4900,2020-03-24_10-17-01,1585045021,10.589898824691772,11299.928320169449,2887,eclipse,137.195.211.213,11299.928320169449,5975200,1067,28,28696714,0.0,0.0,0.0,12.196167023685398,0.9902413322214643,1.4642323548043275,5872768,5975200,3377.21,5.654,7162.371,19.755,1.5187499523162842,4.999999873689376e-05,70194.734375,-0.04299354925751686,70194.7578125,0.7098053097724915,0.010577465407550335,1.4425612688064575,0.0
2320.976516860388,-279.76555659030925,1308.8069495376164,100.0,56,5600,False,5980800,59808,1068,73b03aedc11d4733ad70480dfb5e4900,2020-03-24_10-17-11,1585045031,10.728524208068848,11310.656844377518,2887,eclipse,137.195.211.213,11310.656844377518,5980800,1068,28,28696714,0.0,0.0,0.0,12.196821243244855,0.9902391720651369,1.4642251060197409,5878272,5980800,3375.998,5.621,7197.907,19.679,1.5187499523162842,4.999999873689376e-05,74069.2890625,-0.05132594704627991,74069.328125,0.663060188293457,0.012560748495161533,1.3492963314056396,0.0
2254.1576917906073,-212.85083396441883,1405.3799205748403,100.0,56,5600,False,5986400,59864,1069,73b03aedc11d4733ad70480dfb5e4900,2020-03-24_10-17-22,1585045042,10.654463768005371,11321.311308145523,2887,eclipse,137.195.211.213,11321.311308145523,5986400,1069,28,28696714,0.0,0.0,0.0,12.197568666304715,0.9902385217846552,1.4642163393765901,5883776,5986400,3337.384,5.537,7218.865,19.105,1.5187499523162842,4.999999873689376e-05,54406.51171875,-0.049522966146469116,54406.5390625,0.7543678283691406,0.012915276922285557,1.4573553800582886,0.0
2199.0760182597583,-176.5393568774293,1225.313473165255,100.0,56,5600,False,5992000,59920,1070,73b03aedc11d4733ad70480dfb5e4900,2020-03-24_10-17-33,1585045053,10.671027660369873,11331.982335805893,2887,eclipse,137.195.211.213,11331.982335805893,5992000,1070,28,28696714,0.0,0.0,0.0,12.198001067997179,0.9902350708562939,1.4641865861963987,5889280,5992000,3338.072,5.445,7210.334,18.849,1.5187499523162842,4.999999873689376e-05,94404.9453125,-0.05059569329023361,94404.9921875,0.5942549109458923,0.013958124443888664,1.085439682006836,0.0
2211.9466262730875,-176.5393568774293,1103.7015317097348,100.0,56,5600,False,5997600,59976,1071,73b03aedc11d4733ad70480dfb5e4900,2020-03-24_10-17-43,1585045063,10.620184421539307,11342.602520227432,2887,eclipse,137.195.211.213,11342.602520227432,5997600,1071,28,28696714,0.0,0.0,0.0,12.198237004972357,0.9902300413079859,1.4641686511469947,5894784,5997600,3328.475,5.667,7216.018,18.784,1.5187499523162842,4.999999873689376e-05,75364.1484375,-0.04245106503367424,75364.171875,0.6912797689437866,0.013699551112949848,1.1716773509979248,0.0
2211.9466262730875,-50.223308349130704,1252.7173054286636,100.0,56,5600,False,6003200,60032,1072,73b03aedc11d4733ad70480dfb5e4900,2020-03-24_10-17-54,1585045074,10.785143613815308,11353.387663841248,2887,eclipse,137.195.211.213,11353.387663841248,6003200,1072,28,28696714,0.0,0.0,0.0,12.198700972364023,0.9902102977492169,1.4641555609159718,5900288,6003200,3336.359,5.861,7223.421,19.411,1.5187499523162842,4.999999873689376e-05,53830.3671875,-0.04671294614672661,53830.39453125,0.7214222550392151,0.015548747964203358,1.331532597541809,0.0
2241.337268977259,-66.3230080151981,1247.789755852585,100.0,56,5600,False,6008800,60088,1073,73b03aedc11d4733ad70480dfb5e4900,2020-03-24_10-18-05,1585045085,10.684906721115112,11364.072570562363,2887,eclipse,137.195.211.213,11364.072570562363,6008800,1073,28,28696714,0.0,0.0,0.0,12.199194556774028,0.9901852986336812,1.4641410576708491,5905792,6008800,3335.334,6.098,7231.053,19.427,1.5187499523162842,4.999999873689376e-05,64445.08203125,-0.04684167727828026,64445.109375,0.7008407711982727,0.015407883562147617,1.2991292476654053,0.0
2192.6734329122514,-60.36522944492709,1230.0564771229701,100.0,56,5600,False,6014400,60144,1074,73b03aedc11d4733ad70480dfb5e4900,2020-03-24_10-18-16,1585045096,10.549066543579102,11374.621637105942,2887,eclipse,137.195.211.213,11374.621637105942,6014400,1074,28,28696714,0.0,0.0,0.0,12.199625602311734,0.9901714169041128,1.4641327074848265,5911296,6014400,3327.877,6.153,7224.731,20.109,1.5187499523162842,4.999999873689376e-05,55980.03515625,-0.04250049218535423,55980.05859375,0.7215970754623413,0.014983673579990864,1.236167550086975,0.0
2379.8810929795663,-389.10161912221383,1313.851263896565,100.0,56,5600,False,6020000,60200,1075,73b03aedc11d4733ad70480dfb5e4900,2020-03-24_10-18-26,1585045106,10.694480895996094,11385.316118001938,2887,eclipse,137.195.211.213,11385.316118001938,6020000,1075,28,28696714,0.0,0.0,0.0,12.20041080629715,0.9901938384502023,1.4641858950344078,5916800,6020000,3337.531,6.119,7214.656,20.019,1.5187499523162842,4.999999873689376e-05,78616.578125,-0.04620135575532913,78616.59375,0.7127318978309631,0.012879335321485996,1.410948634147644,0.0
2379.8810929795663,-389.10161912221383,1215.567926709806,100.0,56,5600,False,6025600,60256,1076,73b03aedc11d4733ad70480dfb5e4900,2020-03-24_10-18-37,1585045117,10.809323787689209,11396.125441789627,2887,eclipse,137.195.211.213,11396.125441789627,6025600,1076,28,28696714,0.0,0.0,0.0,12.201159867129334,0.9902348706301602,1.4642354881013526,5922304,6025600,3347.991,5.976,7226.185,19.983,1.5187499523162842,4.999999873689376e-05,64397.33203125,-0.053490206599235535,64397.359375,0.7016531229019165,0.01267667580395937,1.321030855178833,0.0
2289.5947550635565,-52.88874581058445,1230.9807034259802,100.0,56,5600,False,6031200,60312,1077,73b03aedc11d4733ad70480dfb5e4900,2020-03-24_10-18-48,1585045128,10.607460498809814,11406.732902288437,2887,eclipse,137.195.211.213,11406.732902288437,6031200,1077,28,28696714,0.01,0.0,1.0,12.20162321098261,0.990240521665079,1.4642221876546833,5927808,6031200,3345.383,6.258,7231.073,20.139,1.5187499523162842,4.999999873689376e-05,62489.07421875,-0.04719289392232895,62489.09375,0.7354007363319397,0.015650058165192604,1.177085518836975,0.0
2347.2512055718917,-618.2196242451082,1259.4476878177773,100.0,56,5600,False,6036800,60368,1078,73b03aedc11d4733ad70480dfb5e4900,2020-03-24_10-18-59,1585045139,10.622668266296387,11417.355570554733,2887,eclipse,137.195.211.213,11417.355570554733,6036800,1078,28,28696714,0.01,0.0,1.0,12.202025883850972,0.9902366247917225,1.464203060818715,5933312,6036800,3338.698,6.274,7226.756,20.28,1.5187499523162842,4.999999873689376e-05,49545.58203125,-0.04192224144935608,49545.60546875,0.8101438283920288,0.010833286680281162,1.719310998916626,0.0
2347.2512055718917,-618.2196242451082,1323.3320104219677,100.0,56,5600,False,6042400,60424,1079,73b03aedc11d4733ad70480dfb5e4900,2020-03-24_10-19-09,1585045149,10.660277128219604,11428.015847682953,2887,eclipse,137.195.211.213,11428.015847682953,6042400,1079,28,28696714,0.0,0.0,0.0,12.202557804461202,0.990233850265687,1.4641804556403297,5938816,6042400,3334.249,6.299,7231.455,20.195,1.5187499523162842,4.999999873689376e-05,53017.57421875,-0.04458291456103325,53017.59765625,0.7555267214775085,0.012586264871060848,1.3664882183074951,0.0
2350.3839510478306,-53.74333497705647,1402.417607120096,100.0,56,5600,False,6048000,60480,1080,73b03aedc11d4733ad70480dfb5e4900,2020-03-24_10-19-20,1585045160,10.598240852355957,11438.614088535309,2887,eclipse,137.195.211.213,11438.614088535309,6048000,1080,28,28696714,0.0,0.0,0.0,12.203192261986732,0.9902301357010529,1.4641537534141278,5944320,6048000,3332.979,6.296,7227.049,20.368,1.5187499523162842,4.999999873689376e-05,47609.51953125,-0.04444816708564758,47609.54296875,0.7597111463546753,0.012793313711881638,1.3449323177337646,0.0
2408.2402149308264,-236.32423402328,1212.7515369704283,100.0,56,5600,False,6053600,60536,1081,73b03aedc11d4733ad70480dfb5e4900,2020-03-24_10-19-30,1585045170,10.536789178848267,11449.150877714157,2887,eclipse,137.195.211.213,11449.150877714157,6053600,1081,28,28696714,0.0,0.0,0.0,12.203637174203541,0.9902209800188357,1.4641336754340621,5949824,6053600,3336.162,6.269,7217.73,20.376,1.5187499523162842,4.999999873689376e-05,78887.8203125,-0.046753041446208954,78887.859375,0.6727675795555115,0.013292419724166393,1.2626354694366455,0.0
2408.2402149308264,-236.32423402328,1192.7184392673425,100.0,56,5600,False,6059200,60592,1082,73b03aedc11d4733ad70480dfb5e4900,2020-03-24_10-19-41,1585045181,10.680979251861572,11459.831856966019,2887,eclipse,137.195.211.213,11459.831856966019,6059200,1082,28,28696714,0.0,0.0,0.0,12.203955912194179,0.9902077582597503,1.4641111432077798,5955328,6059200,3334.518,6.05,7210.645,19.445,1.5187499523162842,4.999999873689376e-05,57924.94140625,-0.04345260187983513,57924.9609375,0.7567668557167053,0.013949868269264698,1.251747727394104,0.0
2276.1365932094604,-47.05938848765421,1268.373305009969,100.0,56,5600,False,6064800,60648,1083,73b03aedc11d4733ad70480dfb5e4900,2020-03-24_10-19-52,1585045192,10.63857126235962,11470.470428228378,2887,eclipse,137.195.211.213,11470.470428228378,6064800,1083,28,28696714,0.0,0.0,0.0,12.204389277869582,0.9901929377853329,1.4640963592433065,5960832,6064800,3337.066,5.95,7203.605,19.75,1.5187499523162842,4.999999873689376e-05,68941.5,-0.0425262451171875,68941.515625,0.7123281955718994,0.014160116203129292,1.2292572259902954,0.0
2313.156966979766,-304.42048438606696,1257.0332298470144,100.0,56,5600,False,6070400,60704,1084,73b03aedc11d4733ad70480dfb5e4900,2020-03-24_10-20-03,1585045203,10.735172510147095,11481.205600738525,2887,eclipse,137.195.211.213,11481.205600738525,6070400,1084,28,28696714,0.0,0.0,0.0,12.204884619480454,0.9901860178987967,1.4640872262604803,5966336,6070400,3343.755,5.621,7215.566,19.356,1.5187499523162842,4.999999873689376e-05,71805.8125,-0.04602024704217911,71805.84375,0.6892094016075134,0.01364266499876976,1.3268749713897705,0.0
2357.8642138357054,-47.701551559401054,1284.7619304086238,100.0,56,5600,False,6076000,60760,1085,73b03aedc11d4733ad70480dfb5e4900,2020-03-24_10-20-13,1585045213,10.393632888793945,11491.59923362732,2887,eclipse,137.195.211.213,11491.59923362732,6076000,1085,28,28696714,0.0,0.0,0.0,12.20553201468365,0.9901918163031302,1.4641014727023545,5971840,6076000,3340.771,5.566,7191.781,19.235,1.5187499523162842,4.999999873689376e-05,59552.74609375,-0.046763453632593155,59552.765625,0.7194316983222961,0.015931906178593636,1.1924110651016235,0.0
2205.3245131449503,-56.440700975432584,1220.3866538080376,100.0,56,5600,False,6081600,60816,1086,73b03aedc11d4733ad70480dfb5e4900,2020-03-24_10-20-24,1585045224,10.430076599121094,11502.02931022644,2887,eclipse,137.195.211.213,11502.02931022644,6081600,1086,28,28696714,0.0,0.0,0.0,12.206114986326691,0.9902098897836896,1.4641401390242437,5977344,6081600,3337.202,5.388,7159.431,18.055,1.5187499523162842,4.999999873689376e-05,49620.98828125,-0.04420628771185875,49621.015625,0.7722128033638,0.013876594603061676,1.2309461832046509,0.0
2425.027651231848,-480.12736519218123,1189.7536293244543,100.0,56,5600,False,6087200,60872,1087,73b03aedc11d4733ad70480dfb5e4900,2020-03-24_10-20-34,1585045234,10.671067237854004,11512.700377464294,2887,eclipse,137.195.211.213,11512.700377464294,6087200,1087,28,28696714,0.0,0.0,0.0,12.206968128436182,0.9902740221746396,1.4642340125881128,5982848,6087200,3360.238,5.447,7142.728,18.228,1.5187499523162842,4.999999873689376e-05,82566.4140625,-0.03789391368627548,82566.421875,0.6763363480567932,0.016482291743159294,1.3221344947814941,0.0
2338.933764249999,-480.12736519218123,1176.3264978238483,100.0,56,5600,False,6092800,60928,1088,73b03aedc11d4733ad70480dfb5e4900,2020-03-24_10-20-45,1585045245,10.616283655166626,11523.316661119461,2887,eclipse,137.195.211.213,11523.316661119461,6092800,1088,28,28696714,0.0,0.0,0.0,12.207719329793566,0.9903193746561979,1.4643328457344729,5988352,6092800,3363.123,5.424,7140.008,17.714,1.5187499523162842,4.999999873689376e-05,67046.625,-0.045329749584198,67046.6484375,0.7217900156974792,0.014070607721805573,1.1239913702011108,0.0
2167.9964200747904,-556.4564686657766,1217.6666488852943,100.0,56,5600,False,6098400,60984,1089,73b03aedc11d4733ad70480dfb5e4900,2020-03-24_10-20-56,1585045256,10.695205926895142,11534.011867046356,2887,eclipse,137.195.211.213,11534.011867046356,6098400,1089,28,28696714,0.0,0.0,0.0,12.20820694868224,0.9903202889383542,1.4643568629569996,5993856,6098400,3360.666,5.398,7145.606,18.497,1.5187499523162842,4.999999873689376e-05,53469.8671875,-0.04633427783846855,53469.890625,0.7551822066307068,0.01423738431185484,1.1956310272216797,0.0
2338.16573262851,-556.4564686657766,1216.5960722603406,100.0,56,5600,False,6104000,61040,1090,73b03aedc11d4733ad70480dfb5e4900,2020-03-24_10-21-06,1585045266,10.570240497589111,11544.582107543945,2887,eclipse,137.195.211.213,11544.582107543945,6104000,1090,28,28696714,0.0,0.0,0.0,12.208624392417018,0.9903170223439459,1.4643365091501384,5999360,6104000,3358.772,5.387,7142.965,18.097,1.5187499523162842,4.999999873689376e-05,63178.94140625,-0.04910080507397652,63178.97265625,0.7200073599815369,0.01357917208224535,1.3284693956375122,0.0
2338.16573262851,-304.74813431900856,1336.2539595290125,100.0,56,5600,False,6109600,61096,1091,73b03aedc11d4733ad70480dfb5e4900,2020-03-24_10-21-17,1585045277,10.710073471069336,11555.292181015015,2887,eclipse,137.195.211.213,11555.292181015015,6109600,1091,28,28696714,0.0,0.0,0.0,12.209243004464204,0.9903105961967928,1.4643232115892924,6004864,6109600,3364.002,5.412,7155.155,18.054,1.5187499523162842,4.999999873689376e-05,56628.44921875,-0.04928583279252052,56628.4765625,0.7370463609695435,0.012641653418540955,1.37777841091156,0.0
2403.18804750678,-52.85890980318743,1314.7679745015794,100.0,56,5600,False,6115200,61152,1092,73b03aedc11d4733ad70480dfb5e4900,2020-03-24_10-21-28,1585045288,10.828699350357056,11566.120880365372,2887,eclipse,137.195.211.213,11566.120880365372,6115200,1092,28,28696714,0.0,0.0,0.0,12.20981285083005,0.9903021663105696,1.4643248517215495,6010368,6115200,3375.29,5.459,7159.46,18.192,1.5187499523162842,4.999999873689376e-05,74229.546875,-0.04635166376829147,74229.5625,0.6553895473480225,0.013892383314669132,1.193373441696167,0.0
2403.18804750678,-62.58625679676255,1297.02938997971,100.0,56,5600,False,6120800,61208,1093,73b03aedc11d4733ad70480dfb5e4900,2020-03-24_10-21-39,1585045299,10.75229024887085,11576.873170614243,2887,eclipse,137.195.211.213,11576.873170614243,6120800,1093,28,28696714,0.0,0.0,0.0,12.210389073408049,0.9902969583444112,1.4643278702572957,6015872,6120800,3378.327,5.332,7166.257,18.245,1.5187499523162842,4.999999873689376e-05,43656.8046875,-0.04749258607625961,43656.828125,0.7973176836967468,0.015034289099276066,1.482892632484436,0.0
2330.380336896136,-62.58625679676255,1376.8799639757863,100.0,56,5600,False,6126400,61264,1094,73b03aedc11d4733ad70480dfb5e4900,2020-03-24_10-21-49,1585045309,10.716819524765015,11587.589990139008,2887,eclipse,137.195.211.213,11587.589990139008,6126400,1094,28,28696714,0.0,0.0,0.0,12.211009957431054,0.990287465797642,1.4643114861370794,6021376,6126400,3381.659,5.652,7161.922,18.053,1.5187499523162842,4.999999873689376e-05,59024.5859375,-0.04543956369161606,59024.60546875,0.7710649967193604,0.014994249679148197,1.1833137273788452,0.0
2268.2094874519735,-58.06169147560363,1336.071479270556,100.0,56,5600,False,6132000,61320,1095,73b03aedc11d4733ad70480dfb5e4900,2020-03-24_10-22-00,1585045320,10.609447479248047,11598.199437618256,2887,eclipse,137.195.211.213,11598.199437618256,6132000,1095,28,28696714,0.0,0.0,0.0,12.211521148560337,0.990286347584058,1.464295647903588,6026880,6132000,3368.961,5.803,7194.294,18.346,1.5187499523162842,4.999999873689376e-05,62580.9765625,-0.04987272620201111,62581.00390625,0.7245150208473206,0.013648346066474915,1.228192925453186,0.0
2291.56244387401,-353.4384101908533,1252.516644089453,100.0,56,5600,False,6137600,61376,1096,73b03aedc11d4733ad70480dfb5e4900,2020-03-24_10-22-11,1585045331,10.627790451049805,11608.827228069305,2887,eclipse,137.195.211.213,11608.827228069305,6137600,1096,28,28696714,0.0,0.0,0.0,12.211987606384909,0.9902809223549522,1.4642877602348634,6032384,6137600,3359.999,6.008,7221.658,19.121,1.5187499523162842,4.999999873689376e-05,60978.84765625,-0.048446279019117355,60978.87890625,0.747671365737915,0.01344079989939928,1.160652756690979,0.0
2313.9895019306427,-353.4384101908533,1279.6165208936932,100.0,56,5600,False,6143200,61432,1097,73b03aedc11d4733ad70480dfb5e4900,2020-03-24_10-22-21,1585045341,10.73914384841919,11619.566371917725,2887,eclipse,137.195.211.213,11619.566371917725,6143200,1097,28,28696714,0.0,0.0,0.0,12.212498710084414,0.9902713392766757,1.4642655619008613,6037888,6143200,3349.901,5.979,7238.057,19.087,1.5187499523162842,4.999999873689376e-05,42849.734375,-0.0472557432949543,42849.765625,0.815960705280304,0.012219940312206745,1.443049669265747,0.0
2313.9895019306427,-57.5300832245139,1342.9637280450534,100.0,56,5600,False,6148800,61488,1098,73b03aedc11d4733ad70480dfb5e4900,2020-03-24_10-22-32,1585045352,10.658506393432617,11630.224878311157,2887,eclipse,137.195.211.213,11630.224878311157,6148800,1098,28,28696714,0.02,0.0,1.0,12.213045995924812,0.9902754944566661,1.4642385555905824,6043392,6148800,3343.437,5.682,7248.822,18.928,1.5187499523162842,4.999999873689376e-05,50194.359375,-0.047024454921483994,50194.37890625,0.781464159488678,0.017332183197140694,1.4846909046173096,0.0
2329.4041655724723,-520.1986643011979,1218.7557425795724,100.0,56,5600,False,6154400,61544,1099,73b03aedc11d4733ad70480dfb5e4900,2020-03-24_10-22-43,1585045363,10.62264609336853,11640.847524404526,2887,eclipse,137.195.211.213,11640.847524404526,6154400,1099,28,28696714,0.02,0.0,1.0,12.213319019436296,0.9902745617564577,1.46421547144592,6048896,6154400,3345.981,5.895,7240.729,19.262,1.5187499523162842,4.999999873689376e-05,68267.6953125,-0.04459566995501518,68267.71875,0.7043592929840088,0.016394542530179024,1.3897560834884644,0.0
2302.5730168192895,-520.1986643011979,995.2552991335248,100.0,56,5600,False,6160000,61600,1100,73b03aedc11d4733ad70480dfb5e4900,2020-03-24_10-22-54,1585045374,10.667197465896606,11651.514721870422,2887,eclipse,137.195.211.213,11651.514721870422,6160000,1100,28,28696714,0.0,0.0,0.0,12.213359935838309,0.9902636114634197,1.4641884163247314,6054400,6160000,3350.05,5.859,7246.56,19.077,1.5187499523162842,4.999999873689376e-05,62672.0,-0.04159640893340111,62672.0234375,0.7340080142021179,0.015419987961649895,1.2992148399353027,0.0
2275.5008792176636,-74.27215408322103,1205.1677934941256,100.0,56,5600,False,6165600,61656,1101,73b03aedc11d4733ad70480dfb5e4900,2020-03-24_10-23-04,1585045384,10.70568060874939,11662.220402479172,2887,eclipse,137.195.211.213,11662.220402479172,6165600,1101,28,28696714,0.0,0.0,0.0,12.213750631460435,0.9902575969590169,1.4641546905462288,6059904,6165600,3350.459,5.789,7245.3,18.84,1.5187499523162842,4.999999873689376e-05,43570.9765625,-0.04908998683094978,43571.0078125,0.8192757964134216,0.012187325395643711,1.4502614736557007,0.0
2275.5008792176636,-305.7073683584424,1212.1021628912354,100.0,56,5600,False,6171200,61712,1102,73b03aedc11d4733ad70480dfb5e4900,2020-03-24_10-23-15,1585045395,10.756314992904663,11672.976717472076,2887,eclipse,137.195.211.213,11672.976717472076,6171200,1102,28,28696714,0.0,0.0,0.0,12.214182557378276,0.9902620181457005,1.4641316974459306,6065408,6171200,3340.081,5.988,7246.255,19.269,1.5187499523162842,4.999999873689376e-05,66913.96875,-0.04315986856818199,66913.9921875,0.7201051712036133,0.01278479304164648,1.3496365547180176,0.0
2249.4209084103973,-62.477682861315664,1085.3868887048925,100.0,56,5600,False,6176800,61768,1103,73b03aedc11d4733ad70480dfb5e4900,2020-03-24_10-23-26,1585045406,10.619702577590942,11683.596420049667,2887,eclipse,137.195.211.213,11683.596420049667,6176800,1103,28,28696714,0.0,0.0,0.0,12.214447283169184,0.9902576350345833,1.464108877557572,6070912,6176800,3330.851,5.841,7241.779,18.949,1.5187499523162842,4.999999873689376e-05,39720.609375,-0.042487479746341705,39720.62890625,0.8313373923301697,0.01262650080025196,1.572698950767517,0.0
2374.816949687405,-62.477682861315664,1290.5363020979462,100.0,56,5600,False,6182400,61824,1104,73b03aedc11d4733ad70480dfb5e4900,2020-03-24_10-23-37,1585045417,10.754687309265137,11694.351107358932,2887,eclipse,137.195.211.213,11694.351107358932,6182400,1104,28,28696714,0.0,0.0,0.0,12.214881443443575,0.990250704144203,1.4640877462167907,6076416,6182400,3328.355,5.985,7245.242,19.35,1.5187499523162842,4.999999873689376e-05,48791.34375,-0.05133046209812164,48791.37890625,0.8041361570358276,0.0137716019526124,1.396626591682434,0.0
2374.816949687405,-538.5699323156311,1368.8912763570802,100.0,56,5600,False,6188000,61880,1105,73b03aedc11d4733ad70480dfb5e4900,2020-03-24_10-23-47,1585045427,10.6360764503479,11704.98718380928,2887,eclipse,137.195.211.213,11704.98718380928,6188000,1105,28,28696714,0.0,0.0,0.0,12.215412257348,0.9902486816556113,1.464071717999174,6081920,6188000,3332.668,5.959,7244.146,19.199,1.5187499523162842,4.999999873689376e-05,48012.6484375,-0.04315219819545746,48012.67578125,0.8177560567855835,0.013313698582351208,1.4859932661056519,0.0
2316.22430411026,-538.5699323156311,1339.8426229365775,100.0,56,5600,False,6193600,61936,1106,73b03aedc11d4733ad70480dfb5e4900,2020-03-24_10-23-58,1585045438,10.63081431388855,11715.617998123169,2887,eclipse,137.195.211.213,11715.617998123169,6193600,1106,28,28696714,0.0,0.0,0.0,12.216006100062918,0.9902390348046669,1.4640511334253603,6087424,6193600,3335.599,6.039,7242.798,19.628,1.5187499523162842,4.999999873689376e-05,82187.6015625,-0.046896807849407196,82187.625,0.5719062685966492,0.013550647534430027,1.3675117492675781,0.0
2299.2998228589736,-79.55988618713302,1307.4962772084762,100.0,56,5600,False,6199200,61992,1107,73b03aedc11d4733ad70480dfb5e4900,2020-03-24_10-24-09,1585045449,10.65173053741455,11726.269728660583,2887,eclipse,137.195.211.213,11726.269728660583,6199200,1107,28,28696714,0.0,0.0,0.0,12.216485816671424,0.9902273486851666,1.4640318957074674,6092928,6199200,3323.449,5.915,7245.529,19.656,1.5187499523162842,4.999999873689376e-05,42586.29296875,-0.0490453839302063,42586.32421875,0.8299431204795837,0.015348212793469429,1.5303914546966553,0.0
2299.2998228589736,-574.8668421108215,1217.078202892479,100.0,56,5600,False,6204800,62048,1108,73b03aedc11d4733ad70480dfb5e4900,2020-03-24_10-24-19,1585045459,10.561002969741821,11736.830731630325,2887,eclipse,137.195.211.213,11736.830731630325,6204800,1108,28,28696714,0.0,0.0,0.0,12.216794473530811,0.9902182427346645,1.4640075356162987,6098432,6204800,3324.129,5.91,7236.285,19.853,1.5187499523162842,4.999999873689376e-05,73503.828125,-0.048647426068782806,73503.875,0.7239236831665039,0.012997785583138466,1.2843756675720215,0.0
2300.532691121607,-574.8668421108215,1228.2868054242344,100.0,56,5600,False,6210400,62104,1109,73b03aedc11d4733ad70480dfb5e4900,2020-03-24_10-24-30,1585045470,10.628466844558716,11747.459198474884,2887,eclipse,137.195.211.213,11747.459198474884,6210400,1109,28,28696714,0.0,0.0,0.0,12.217175887318254,0.9902183397683276,1.4639697980282267,6103936,6210400,3323.678,5.712,7236.533,19.536,1.5187499523162842,4.999999873689376e-05,46079.91015625,-0.052520751953125,46079.94140625,0.789237380027771,0.014857648871839046,1.4015382528305054,0.0
2301.296470052185,-51.28482368619884,1245.4945702632626,100.0,56,5600,False,6216000,62160,1110,73b03aedc11d4733ad70480dfb5e4900,2020-03-24_10-24-40,1585045480,10.600699663162231,11758.059898138046,2887,eclipse,137.195.211.213,11758.059898138046,6216000,1110,28,28696714,0.0,0.0,0.0,12.217579777335436,0.9902225473774816,1.4639357547874914,6109440,6216000,3318.111,5.886,7237.585,19.809,1.5187499523162842,4.999999873689376e-05,38297.6640625,-0.04854094237089157,38297.69921875,0.835788369178772,0.011062219738960266,1.3143666982650757,0.0
2301.296470052185,-45.53398301898853,1264.7790107874282,100.0,56,5600,False,6221600,62216,1111,73b03aedc11d4733ad70480dfb5e4900,2020-03-24_10-24-51,1585045491,10.729702234268188,11768.789600372314,2887,eclipse,137.195.211.213,11768.789600372314,6221600,1111,28,28696714,0.0,0.0,0.0,12.218072548866093,0.990225131660182,1.4639096726396787,6114944,6221600,3317.374,6.068,7240.936,19.914,1.5187499523162842,4.999999873689376e-05,74012.25,-0.04825457185506821,74012.265625,0.6795498132705688,0.013956529088318348,1.2120089530944824,0.0
2266.0938080471824,-56.351970773201714,1295.0212834586473,100.0,56,5600,False,6227200,62272,1112,73b03aedc11d4733ad70480dfb5e4900,2020-03-24_10-25-02,1585045502,10.600680112838745,11779.390280485153,2887,eclipse,137.195.211.213,11779.390280485153,6227200,1112,28,28696714,0.0,0.0,0.0,12.218674750816872,0.9902175109456034,1.463913071540024,6120448,6227200,3317.176,5.878,7227.936,19.394,1.5187499523162842,4.999999873689376e-05,48778.42578125,-0.04826920107007027,48778.453125,0.7887709736824036,0.012396012432873249,1.5050172805786133,0.0
2326.6248353606907,-548.122422294962,1286.073742843831,100.0,56,5600,False,6232800,62328,1113,73b03aedc11d4733ad70480dfb5e4900,2020-03-24_10-25-12,1585045512,10.336268901824951,11789.726549386978,2887,eclipse,137.195.211.213,11789.726549386978,6232800,1113,28,28696714,0.0,0.0,0.0,12.219256484761058,0.9902166825036034,1.463915274663808,6125952,6232800,3328.47,5.882,7191.849,18.879,1.5187499523162842,4.999999873689376e-05,65591.71875,-0.04672406613826752,65591.734375,0.7034968733787537,0.01578274369239807,1.3190802335739136,0.0
2326.6248353606907,-548.122422294962,1272.2323947968814,100.0,56,5600,False,6238400,62384,1114,73b03aedc11d4733ad70480dfb5e4900,2020-03-24_10-25-23,1585045523,10.289453268051147,11800.01600265503,2887,eclipse,137.195.211.213,11800.01600265503,6238400,1114,28,28696714,0.0,0.0,0.0,12.219996114101393,0.9902220216878141,1.4639378609004567,6131456,6238400,3331.268,5.429,7146.405,18.13,1.5187499523162842,4.999999873689376e-05,60221.8671875,-0.03861748427152634,60221.8828125,0.7340816259384155,0.01289588212966919,1.2562251091003418,0.0
2208.760810259886,-515.2542931176034,1272.7201852064306,100.0,56,5600,False,6244000,62440,1115,73b03aedc11d4733ad70480dfb5e4900,2020-03-24_10-25-33,1585045533,10.51625370979309,11810.532256364822,2887,eclipse,137.195.211.213,11810.532256364822,6244000,1115,28,28696714,0.0,0.0,0.0,12.220801679520978,0.990235249928372,1.4639822294960592,6136960,6244000,3339.273,5.3,7127.716,18.001,1.5187499523162842,4.999999873689376e-05,42069.5859375,-0.045684341341257095,42069.61328125,0.8118957877159119,0.012651482596993446,1.4846864938735962,0.0
2244.0822608703147,-272.5239794115501,1283.4148885256639,100.0,56,5600,False,6249600,62496,1116,73b03aedc11d4733ad70480dfb5e4900,2020-03-24_10-25-44,1585045544,10.673925638198853,11821.206182003021,2887,eclipse,137.195.211.213,11821.206182003021,6249600,1116,28,28696714,0.0,0.0,0.0,12.221572815152662,0.9902414312451683,1.4640275835721248,6142464,6249600,3350.031,5.249,7121.281,17.211,1.5187499523162842,4.999999873689376e-05,65541.921875,-0.05126948654651642,65541.953125,0.7156303524971008,0.013965399004518986,1.450793743133545,0.0
2254.816794093281,-272.5239794115501,1161.9550880442323,100.0,56,5600,False,6255200,62552,1117,73b03aedc11d4733ad70480dfb5e4900,2020-03-24_10-25-55,1585045555,10.66901969909668,11831.875201702118,2887,eclipse,137.195.211.213,11831.875201702118,6255200,1117,28,28696714,0.0,0.0,0.0,12.222047670329161,0.9902431927565192,1.4640425999874553,6147968,6255200,3351.789,5.339,7120.202,16.587,1.5187499523162842,4.999999873689376e-05,46781.77734375,-0.04770320653915405,46781.80078125,0.7694604396820068,0.01607104390859604,1.2545373439788818,0.0
2211.176624905449,-61.52056581618269,1154.40821977417,100.0,56,5600,False,6260800,62608,1118,73b03aedc11d4733ad70480dfb5e4900,2020-03-24_10-26-05,1585045565,10.630377292633057,11842.505578994751,2887,eclipse,137.195.211.213,11842.505578994751,6260800,1118,28,28696714,0.0,0.0,0.0,12.222424746633918,0.9902354352975573,1.4640357360750875,6153472,6260800,3354.589,5.898,7122.207,16.83,1.5187499523162842,4.999999873689376e-05,54897.5234375,-0.044913556426763535,54897.55859375,0.7341521382331848,0.013550876639783382,1.4160186052322388,0.0
2373.790043223376,-288.55170565619954,1166.9476271361489,100.0,56,5600,False,6266400,62664,1119,73b03aedc11d4733ad70480dfb5e4900,2020-03-24_10-26-16,1585045576,10.57016634941101,11853.075745344162,2887,eclipse,137.195.211.213,11853.075745344162,6266400,1119,28,28696714,0.0,0.0,0.0,12.222732763190605,0.990231003933918,1.46403502239299,6158976,6266400,3353.902,5.605,7116.87,17.066,1.5187499523162842,4.999999873689376e-05,65958.03125,-0.04801395162940025,65958.0625,0.7396329045295715,0.01231846958398819,1.3566654920578003,0.0
2373.790043223376,-74.30371804886485,1131.4086570712461,100.0,56,5600,False,6272000,62720,1120,73b03aedc11d4733ad70480dfb5e4900,2020-03-24_10-26-27,1585045587,10.639644861221313,11863.715390205383,2887,eclipse,137.195.211.213,11863.715390205383,6272000,1120,28,28696714,0.01,0.0,1.0,12.222850116255973,0.9902301406736572,1.4640136602728113,6164480,6272000,3353.146,5.447,7119.649,16.418,1.5187499523162842,4.999999873689376e-05,54961.6796875,-0.04269469529390335,54961.703125,0.7638490200042725,0.012611540034413338,1.4401198625564575,0.0
2168.6572788842204,-468.2073958361541,1108.6252853424671,100.0,56,5600,False,6277600,62776,1121,73b03aedc11d4733ad70480dfb5e4900,2020-03-24_10-26-37,1585045597,10.575744867324829,11874.291135072708,2887,eclipse,137.195.211.213,11874.291135072708,6277600,1121,28,28696714,0.02,0.0,1.0,12.222997380621491,0.9902440266649538,1.4640047003167558,6169984,6277600,3350.431,5.286,7106.825,16.579,1.5187499523162842,4.999999873689376e-05,90979.125,-0.04413973540067673,90979.1484375,0.5863218307495117,0.013163408264517784,1.213087797164917,0.0
2332.985657171966,-496.6696174152858,1190.90876240255,100.0,56,5600,False,6283200,62832,1122,73b03aedc11d4733ad70480dfb5e4900,2020-03-24_10-26-48,1585045608,10.565630197525024,11884.856765270233,2887,eclipse,137.195.211.213,11884.856765270233,6283200,1122,28,28696714,0.01,0.0,1.0,12.22323202549194,0.9902395791834451,1.4639979181240625,6175488,6283200,3341.373,5.271,7111.53,16.691,1.5187499523162842,4.999999873689376e-05,60025.5,-0.04171501100063324,60025.5234375,0.7752943634986877,0.014180240221321583,1.4436116218566895,0.0
2332.985657171966,-180.89121486971027,1288.3475770394857,100.0,56,5600,False,6288800,62888,1123,73b03aedc11d4733ad70480dfb5e4900,2020-03-24_10-26-58,1585045618,10.597397327423096,11895.454162597656,2887,eclipse,137.195.211.213,11895.454162597656,6288800,1123,28,28696714,0.0,0.0,0.0,12.223680995309142,0.9902368216476453,1.4639939753796447,6180992,6288800,3336.329,5.519,7141.346,17.562,1.5187499523162842,4.999999873689376e-05,47259.7890625,-0.04779735207557678,47259.8125,0.8033438324928284,0.012710035778582096,1.6060376167297363,0.0
2264.371444866894,-180.89121486971027,1270.6007571329098,100.0,56,5600,False,6294400,62944,1124,73b03aedc11d4733ad70480dfb5e4900,2020-03-24_10-27-09,1585045629,10.561235427856445,11906.015398025513,2887,eclipse,137.195.211.213,11906.015398025513,6294400,1124,28,28696714,0.0,0.0,0.0,12.224121091179118,0.9902437475551439,1.4639825573243508,6186496,6294400,3319.576,5.512,7183.734,18.048,1.5187499523162842,4.999999873689376e-05,79192.0078125,-0.04697893559932709,79192.03125,0.6109803915023804,0.014067843556404114,1.3597873449325562,0.0
2254.130494674858,-54.39274269728703,1243.887126998644,100.0,56,5600,False,6300000,63000,1125,73b03aedc11d4733ad70480dfb5e4900,2020-03-24_10-27-20,1585045640,10.657746315002441,11916.673144340515,2887,eclipse,137.195.211.213,11916.673144340515,6300000,1125,28,28696714,0.0,0.0,0.0,12.22448095527511,0.9902469784447265,1.4639627978421077,6192000,6300000,3312.409,5.527,7204.883,17.678,1.5187499523162842,4.999999873689376e-05,52906.5703125,-0.04457781836390495,52906.59375,0.77450031042099,0.01246327068656683,1.4280328750610352,0.0
2439.5523941810998,-53.63688722239804,1321.017776282939,100.0,56,5600,False,6305600,63056,1126,73b03aedc11d4733ad70480dfb5e4900,2020-03-24_10-27-30,1585045650,10.668959140777588,11927.342103481293,2887,eclipse,137.195.211.213,11927.342103481293,6305600,1126,28,28696714,0.0,0.0,0.0,12.22492257865859,0.9902432358006159,1.4639370111171963,6197504,6305600,3298.07,6.022,7217.209,18.601,1.5187499523162842,4.999999873689376e-05,62549.58203125,-0.044301990419626236,62549.60546875,0.7801787853240967,0.016122037544846535,1.4613934755325317,0.0
2439.5523941810998,-136.80058307522626,1213.7762290896944,100.0,56,5600,False,6311200,63112,1127,73b03aedc11d4733ad70480dfb5e4900,2020-03-24_10-27-41,1585045661,10.672417879104614,11938.014521360397,2887,eclipse,137.195.211.213,11938.014521360397,6311200,1127,28,28696714,0.0,0.0,0.0,12.225188095134845,0.9902374804949252,1.4639126188297973,6203008,6311200,3299.794,6.117,7219.105,18.477,1.5187499523162842,4.999999873689376e-05,80450.9453125,-0.04913405328989029,80450.96875,0.6560781598091125,0.013885981403291225,1.3512859344482422,0.0
2295.7507531266756,-136.80058307522626,1218.8072929605396,100.0,56,5600,False,6316800,63168,1128,73b03aedc11d4733ad70480dfb5e4900,2020-03-24_10-27-52,1585045672,10.64293360710144,11948.657454967499,2887,eclipse,137.195.211.213,11948.657454967499,6316800,1128,28,28696714,0.0,0.0,0.0,12.225542195886486,0.9902353676154899,1.4638843874535987,6208512,6316800,3299.097,5.8,7222.441,18.44,1.5187499523162842,4.999999873689376e-05,66936.4609375,-0.03896336629986763,66936.46875,0.6895294785499573,0.016148515045642853,1.2480828762054443,0.0
2295.7507531266756,-365.5986464523076,1250.1858908232934,100.0,56,5600,False,6322400,63224,1129,73b03aedc11d4733ad70480dfb5e4900,2020-03-24_10-28-03,1585045683,10.717940092086792,11959.375395059586,2887,eclipse,137.195.211.213,11959.375395059586,6322400,1129,28,28696714,0.0,0.0,0.0,12.226045543590644,0.9902454718822846,1.463896200698465,6214016,6322400,3314.265,6.077,7223.237,17.934,1.5187499523162842,4.999999873689376e-05,69500.53125,-0.044241853058338165,69500.5625,0.7103475332260132,0.012344255112111568,1.3281292915344238,0.0
2269.774683104084,-365.5986464523076,1258.4718570851717,100.0,56,5600,False,6328000,63280,1130,73b03aedc11d4733ad70480dfb5e4900,2020-03-24_10-28-13,1585045693,10.630852699279785,11970.006247758865,2887,eclipse,137.195.211.213,11970.006247758865,6328000,1130,28,28696714,0.0,0.0,0.0,12.22645466579363,0.9902504866358636,1.4639022402299942,6219520,6328000,3312.671,6.019,7223.928,18.16,1.5187499523162842,4.999999873689376e-05,67836.25,-0.046787794679403305,67836.28125,0.7304742336273193,0.014443102292716503,1.1865993738174438,0.0
2304.9705967841396,-53.57392169816186,1303.9676617223492,100.0,56,5600,False,6333600,63336,1131,73b03aedc11d4733ad70480dfb5e4900,2020-03-24_10-28-24,1585045704,10.73906922340393,11980.74531698227,2887,eclipse,137.195.211.213,11980.74531698227,6333600,1131,28,28696714,0.0,0.0,0.0,12.226898971153874,0.9902510304831154,1.4638826085537604,6225024,6333600,3317.653,6.061,7234.072,17.86,1.5187499523162842,4.999999873689376e-05,52379.97265625,-0.04585257172584534,52379.99609375,0.7853110432624817,0.01373330783098936,1.3399839401245117,0.0
2335.776651113444,-54.6399858466285,1337.1748758178107,100.0,56,5600,False,6339200,63392,1132,73b03aedc11d4733ad70480dfb5e4900,2020-03-24_10-28-35,1585045715,10.582622289657593,11991.327939271927,2887,eclipse,137.195.211.213,11991.327939271927,6339200,1132,28,28696714,0.0,0.0,0.0,12.227365864928434,0.9902376236889957,1.4638574728259186,6230528,6339200,3314.495,6.04,7237.526,17.968,1.5187499523162842,4.999999873689376e-05,57076.515625,-0.04674513265490532,57076.53515625,0.7766515016555786,0.014207348227500916,1.388318657875061,0.0
2335.776651113444,-54.83951396398351,1258.7947497018124,100.0,56,5600,False,6344800,63448,1133,73b03aedc11d4733ad70480dfb5e4900,2020-03-24_10-28-45,1585045725,10.637462615966797,12001.965401887894,2887,eclipse,137.195.211.213,12001.965401887894,6344800,1133,28,28696714,0.0,0.0,0.0,12.227726263916539,0.9902178489712319,1.4638387992201995,6236032,6344800,3310.243,5.921,7243.568,18.172,1.5187499523162842,4.999999873689376e-05,55884.9296875,-0.045912228524684906,55884.9609375,0.7528248429298401,0.014282658696174622,1.3687217235565186,0.0
2220.7004614979223,-350.37258350031533,1280.547123482325,100.0,56,5600,False,6350400,63504,1134,73b03aedc11d4733ad70480dfb5e4900,2020-03-24_10-28-56,1585045736,10.68386721611023,12012.649269104004,2887,eclipse,137.195.211.213,12012.649269104004,6350400,1134,28,28696714,0.02,0.0,1.0,12.22813050435102,0.9902059584910486,1.4638158098243788,6241536,6350400,3320.17,6.305,7245.088,17.725,1.5187499523162842,4.999999873689376e-05,82641.140625,-0.04435001313686371,82641.1484375,0.6679018139839172,0.01416360680013895,1.3066672086715698,0.0
2313.454059922655,-350.37258350031533,1244.2896456992419,100.0,56,5600,False,6356000,63560,1135,73b03aedc11d4733ad70480dfb5e4900,2020-03-24_10-29-07,1585045747,10.627784013748169,12023.277053117752,2887,eclipse,137.195.211.213,12023.277053117752,6356000,1135,28,28696714,0.0,0.0,0.0,12.228428045555445,0.9901965062651991,1.4637917449183702,6247040,6356000,3317.316,6.265,7243.084,18.214,1.5187499523162842,4.999999873689376e-05,62408.9296875,-0.046522606164216995,62408.9609375,0.734005331993103,0.01243542693555355,1.326658844947815,0.0
2313.454059922655,-449.8221536739528,1230.482691555314,100.0,56,5600,False,6361600,63616,1136,73b03aedc11d4733ad70480dfb5e4900,2020-03-24_10-29-17,1585045757,10.654396772384644,12033.931449890137,2887,eclipse,137.195.211.213,12033.931449890137,6361600,1136,28,28696714,0.0,0.0,0.0,12.228782954265773,0.9901863919508473,1.4637650818436083,6252544,6361600,3321.5,6.028,7239.54,17.654,1.5187499523162842,4.999999873689376e-05,57201.05078125,-0.042436446994543076,57201.07421875,0.7673624753952026,0.014730132184922695,1.3770958185195923,0.0
2287.602325874937,-449.8221536739528,1194.4350294909937,100.0,56,5600,False,6367200,63672,1137,73b03aedc11d4733ad70480dfb5e4900,2020-03-24_10-29-28,1585045768,10.688936471939087,12044.620386362076,2887,eclipse,137.195.211.213,12044.620386362076,6367200,1137,28,28696714,0.0,0.0,0.0,12.229103652804264,0.9901771535870861,1.4637410027385138,6258048,6367200,3321.038,5.887,7239.631,18.051,1.5187499523162842,4.999999873689376e-05,52328.33203125,-0.04309745877981186,52328.34375,0.7841586470603943,0.018310854211449623,1.1321169137954712,0.0
2229.426201002562,-53.22314393513811,1245.9389547422825,100.0,56,5600,False,6372800,63728,1138,73b03aedc11d4733ad70480dfb5e4900,2020-03-24_10-29-39,1585045779,10.508819341659546,12055.129205703735,2887,eclipse,137.195.211.213,12055.129205703735,6372800,1138,28,28696714,0.0,0.0,0.0,12.229482029995436,0.9901747984572428,1.4637161921636317,6263552,6372800,3317.569,6.05,7229.358,18.04,1.5187499523162842,4.999999873689376e-05,59461.2890625,-0.04862292483448982,59461.3125,0.7451342940330505,0.013221848756074905,1.3997915983200073,0.0
2334.050875543775,-53.22314393513811,1310.5527993793157,100.0,56,5600,False,6378400,63784,1139,73b03aedc11d4733ad70480dfb5e4900,2020-03-24_10-29-49,1585045789,10.616477489471436,12065.745683193207,2887,eclipse,137.195.211.213,12065.745683193207,6378400,1139,28,28696714,0.0,0.0,0.0,12.22994784473834,0.9901815663967304,1.463702796560706,6269056,6378400,3301.422,5.78,7234.344,18.075,1.5187499523162842,4.999999873689376e-05,73222.0546875,-0.04475909471511841,73222.09375,0.6877562999725342,0.011113242246210575,1.2659385204315186,0.0
2334.050875543775,-525.6231411672358,1356.5228279346636,100.0,56,5600,False,6384000,63840,1140,73b03aedc11d4733ad70480dfb5e4900,2020-03-24_10-30-00,1585045800,10.606914758682251,12076.352597951889,2887,eclipse,137.195.211.213,12076.352597951889,6384000,1140,28,28696714,0.0,0.0,0.0,12.230501504620543,0.9901859684425842,1.4636959333691504,6274560,6384000,3306.2,5.586,7228.309,18.621,1.5187499523162842,4.999999873689376e-05,67096.6015625,-0.04638359695672989,67096.625,0.7163922786712646,0.012774464674293995,1.382869839668274,0.0
2394.4425659563053,-525.6231411672358,1284.8063550944116,100.0,56,5600,False,6389600,63896,1141,73b03aedc11d4733ad70480dfb5e4900,2020-03-24_10-30-11,1585045811,10.588542222976685,12086.941140174866,2887,eclipse,137.195.211.213,12086.941140174866,6389600,1141,28,28696714,0.0,0.0,0.0,12.231353754191195,0.990219705541322,1.4637894656773485,6280064,6389600,3335.221,5.582,7185.686,18.498,1.5187499523162842,4.999999873689376e-05,48996.23828125,-0.04698213189840317,48996.265625,0.8015732169151306,0.01378397736698389,1.3244274854660034,0.0
2394.4425659563053,-82.57215125488284,1254.2747940228633,100.0,56,5600,False,6395200,63952,1142,73b03aedc11d4733ad70480dfb5e4900,2020-03-24_10-30-22,1585045822,11.003467321395874,12097.944607496262,2887,eclipse,137.195.211.213,12097.944607496262,6395200,1142,28,28696714,0.0,0.0,0.0,12.232798852230799,0.9903376997798784,1.4641208070156266,6285568,6395200,3417.08,5.842,7147.433,18.454,1.5187499523162842,4.999999873689376e-05,80334.1796875,-0.039152029901742935,80334.203125,0.6834573149681091,0.01379019021987915,1.2789238691329956,0.0
2362.866224561,-82.57215125488284,1293.8046340927526,100.0,56,5600,False,6400800,64008,1143,73b03aedc11d4733ad70480dfb5e4900,2020-03-24_10-30-32,1585045832,10.503659963607788,12108.44826745987,2887,eclipse,137.195.211.213,12108.44826745987,6400800,1143,28,28696714,0.0,0.0,0.0,12.233925143666267,0.9904152170788089,1.4643677828136543,6291072,6400800,3427.733,5.855,7125.77,17.519,1.5187499523162842,4.999999873689376e-05,62420.62890625,-0.04454049468040466,62420.65234375,0.7222055196762085,0.012674837373197079,1.2100334167480469,0.0
2402.3374210164034,-42.14415310875434,1369.9765824605213,100.0,56,5600,False,6406400,64064,1144,73b03aedc11d4733ad70480dfb5e4900,2020-03-24_10-30-43,1585045843,10.555229425430298,12119.0034968853,2887,eclipse,137.195.211.213,12119.0034968853,6406400,1144,28,28696714,0.0,0.0,0.0,12.234703931008148,0.9904471258277207,1.4644265304413688,6296576,6406400,3438.767,5.72,7103.075,17.641,1.5187499523162842,4.999999873689376e-05,65277.32421875,-0.04780697450041771,65277.35546875,0.6522355079650879,0.012125832960009575,1.1578450202941895,0.0
2402.3374210164034,-54.82611139166874,1261.7299522972353,100.0,56,5600,False,6412000,64120,1145,73b03aedc11d4733ad70480dfb5e4900,2020-03-24_10-30-53,1585045853,10.68666934967041,12129.69016623497,2887,eclipse,137.195.211.213,12129.69016623497,6412000,1145,28,28696714,0.0,0.0,0.0,12.235276646173261,0.990455976757996,1.4644456168883442,6302080,6412000,3441.081,5.465,7107.25,17.641,1.5187499523162842,4.999999873689376e-05,65530.74609375,-0.04655240476131439,65530.7734375,0.7101607322692871,0.013995949178934097,1.2084767818450928,0.0
2344.159497259408,-565.4579143773219,1160.3568537647434,100.0,56,5600,False,6417600,64176,1146,73b03aedc11d4733ad70480dfb5e4900,2020-03-24_10-31-04,1585045864,10.665388584136963,12140.355554819107,2887,eclipse,137.195.211.213,12140.355554819107,6417600,1146,28,28696714,0.0,0.0,0.0,12.235584907411571,0.99045330511205,1.4644477414721637,6307584,6417600,3438.893,4.965,7110.069,18.072,1.5187499523162842,4.999999873689376e-05,92530.6484375,-0.0494595505297184,92530.6796875,0.6650651693344116,0.013806277886033058,1.2677745819091797,0.0
2412.7170841223588,-565.4579143773219,1208.8661565284194,100.0,56,5600,False,6423200,64232,1147,73b03aedc11d4733ad70480dfb5e4900,2020-03-24_10-31-15,1585045875,10.711070775985718,12151.066625595093,2887,eclipse,137.195.211.213,12151.066625595093,6423200,1147,28,28696714,0.0,0.0,0.0,12.235924251439103,0.990450298294651,1.464444438830412,6313088,6423200,3449.25,4.983,7102.343,17.997,1.5187499523162842,4.999999873689376e-05,52074.03515625,-0.05078941211104393,52074.0703125,0.7972701191902161,0.013911397196352482,1.258829951286316,0.0
2412.7170841223588,-53.07602654824221,1218.5115392150608,100.0,56,5600,False,6428800,64288,1148,73b03aedc11d4733ad70480dfb5e4900,2020-03-24_10-31-26,1585045886,10.595550537109375,12161.662176132202,2887,eclipse,137.195.211.213,12161.662176132202,6428800,1148,28,28696714,0.0,0.0,0.0,12.236226331782266,0.990445111524366,1.464419544654508,6318592,6428800,3447.504,4.68,7114.225,17.673,1.5187499523162842,4.999999873689376e-05,65810.625,-0.048406023532152176,65810.65625,0.7362680435180664,0.012442695908248425,1.4475408792495728,0.0
2284.810891169362,-53.07602654824221,1284.5338726956238,100.0,56,5600,False,6434400,64344,1149,73b03aedc11d4733ad70480dfb5e4900,2020-03-24_10-31-36,1585045896,10.728304862976074,12172.390480995178,2887,eclipse,137.195.211.213,12172.390480995178,6434400,1149,28,28696714,0.0,0.0,0.0,12.23665822398732,0.9904387256107584,1.464395295940181,6324096,6434400,3454.556,5.094,7117.532,17.973,1.5187499523162842,4.999999873689376e-05,61585.16796875,-0.04385862126946449,61585.19921875,0.7246816754341125,0.012821061536669731,1.3104100227355957,0.0
2284.810891169362,-101.62847880874659,1272.185487290024,100.0,56,5600,False,6440000,64400,1150,73b03aedc11d4733ad70480dfb5e4900,2020-03-24_10-31-47,1585045907,10.601734399795532,12182.992215394974,2887,eclipse,137.195.211.213,12182.992215394974,6440000,1150,28,28696714,0.0,0.0,0.0,12.237060034354158,0.9904313462539313,1.464372402760876,6329600,6440000,3449.565,5.293,7122.749,17.276,1.5187499523162842,4.999999873689376e-05,59451.46484375,-0.049419645220041275,59451.48828125,0.7451773285865784,0.013781013898551464,1.0674998760223389,0.0
2271.0190318420523,-101.62847880874659,1280.7806707324933,100.0,56,5600,False,6445600,64456,1151,73b03aedc11d4733ad70480dfb5e4900,2020-03-24_10-31-58,1585045918,10.720224618911743,12193.712440013885,2887,eclipse,137.195.211.213,12193.712440013885,6445600,1151,28,28696714,0.0,0.0,0.0,12.237567936284314,0.9904389441624261,1.4643699234886873,6335104,6445600,3424.999,5.254,7160.014,17.645,1.5187499523162842,4.999999873689376e-05,61464.19921875,-0.04315328225493431,61464.22265625,0.7120949625968933,0.01533255074173212,1.1691126823425293,0.0
2413.803487272106,-474.9987940713696,1165.3422221490844,100.0,56,5600,False,6451200,64512,1152,73b03aedc11d4733ad70480dfb5e4900,2020-03-24_10-32-08,1585045928,10.587497472763062,12204.299937486649,2887,eclipse,137.195.211.213,12204.299937486649,6451200,1152,28,28696714,0.0,0.0,0.0,12.237843185493645,0.9904565111503659,1.464357532300434,6340608,6451200,3344.315,5.013,7199.104,17.556,1.5187499523162842,4.999999873689376e-05,60396.65625,-0.047736551612615585,60396.6796875,0.7725111246109009,0.01258797012269497,1.1621900796890259,0.0
2413.803487272106,-474.9987940713696,1255.808464613243,100.0,56,5600,False,6456800,64568,1153,73b03aedc11d4733ad70480dfb5e4900,2020-03-24_10-32-19,1585045939,10.620760202407837,12214.920697689056,2887,eclipse,137.195.211.213,12214.920697689056,6456800,1153,28,28696714,0.0,0.0,0.0,12.238238027411482,0.9904558048409027,1.4643481068011532,6346112,6456800,3334.514,4.754,7219.86,17.955,1.5187499523162842,4.999999873689376e-05,62808.1171875,-0.045357611030340195,62808.1328125,0.7360664010047913,0.014464184641838074,1.3102902173995972,0.0
2326.1828250793005,-57.682265018011485,1173.9766019032124,100.0,56,5600,False,6462400,64624,1154,73b03aedc11d4733ad70480dfb5e4900,2020-03-24_10-32-30,1585045950,10.582189798355103,12225.502887487411,2887,eclipse,137.195.211.213,12225.502887487411,6462400,1154,28,28696714,0.0,0.0,0.0,12.238501558465007,0.9904391280328342,1.464334702815276,6351616,6462400,3315.775,4.754,7241.477,17.643,1.5187499523162842,4.999999873689376e-05,54856.1875,-0.05478683114051819,54856.22265625,0.7879138588905334,0.014903351664543152,1.212121605873108,0.0
2444.0864523330883,-58.03789734191518,1271.0160002043501,100.0,56,5600,False,6468000,64680,1155,73b03aedc11d4733ad70480dfb5e4900,2020-03-24_10-32-40,1585045960,10.71331000328064,12236.216197490692,2887,eclipse,137.195.211.213,12236.216197490692,6468000,1155,28,28696714,0.0,0.0,0.0,12.23893655454665,0.990441665726253,1.4643204003891719,6357120,6468000,3317.459,5.038,7243.064,16.988,1.5187499523162842,4.999999873689376e-05,53352.015625,-0.04318361356854439,53352.0390625,0.7510524988174438,0.012924869544804096,1.391237735748291,0.0
2444.0864523330883,-66.96015586460277,1267.703939202312,100.0,56,5600,False,6473600,64736,1156,73b03aedc11d4733ad70480dfb5e4900,2020-03-24_10-32-51,1585045971,10.630414247512817,12246.846611738205,2887,eclipse,137.195.211.213,12246.846611738205,6473600,1156,28,28696714,0.0,0.0,0.0,12.239330824825355,0.9904477386164325,1.4643123627143089,6362624,6473600,3316.32,5.471,7239.78,16.623,1.5187499523162842,4.999999873689376e-05,77027.1953125,-0.04771865904331207,77027.21875,0.6852821707725525,0.015394916757941246,1.0520391464233398,0.0
2314.1768712404278,-525.0288334487797,1184.7304950519265,100.0,56,5600,False,6479200,64792,1157,73b03aedc11d4733ad70480dfb5e4900,2020-03-24_10-33-02,1585045982,10.61535930633545,12257.46197104454,2887,eclipse,137.195.211.213,12257.46197104454,6479200,1157,28,28696714,0.0,0.0,0.0,12.239615234108912,0.9904347382514886,1.4643037189623826,6368128,6479200,3302.847,5.451,7242.488,17.005,1.5187499523162842,4.999999873689376e-05,66290.3046875,-0.05078859254717827,66290.34375,0.7411484122276306,0.012850613333284855,1.324386477470398,0.0
2314.1768712404278,-525.0288334487797,1256.3776757555524,100.0,56,5600,False,6484800,64848,1158,73b03aedc11d4733ad70480dfb5e4900,2020-03-24_10-33-12,1585045992,10.635212659835815,12268.097183704376,2887,eclipse,137.195.211.213,12268.097183704376,6484800,1158,28,28696714,0.0,0.0,0.0,12.240012016815122,0.9904311670841045,1.4642963377157963,6373632,6484800,3306.723,5.631,7241.22,17.442,1.5187499523162842,4.999999873689376e-05,57002.3828125,-0.050011586397886276,57002.4140625,0.7657293081283569,0.01527993194758892,1.0503919124603271,0.0
2308.7821006391578,-47.03414623803759,1296.7851895260721,100.0,56,5600,False,6490400,64904,1159,73b03aedc11d4733ad70480dfb5e4900,2020-03-24_10-33-23,1585046003,10.579431056976318,12278.676614761353,2887,eclipse,137.195.211.213,12278.676614761353,6490400,1159,28,28696714,0.0,0.0,0.0,12.24049817888284,0.9904308902555309,1.464284649691122,6379136,6490400,3300.527,5.504,7232.631,16.721,1.5187499523162842,4.999999873689376e-05,66512.328125,-0.04254728555679321,66512.359375,0.7142915725708008,0.014546720311045647,1.2308969497680664,0.0
2292.70630990335,-539.4837169626248,1304.224937613795,100.0,56,5600,False,6496000,64960,1160,73b03aedc11d4733ad70480dfb5e4900,2020-03-24_10-33-34,1585046014,10.749618768692017,12289.426233530045,2887,eclipse,137.195.211.213,12289.426233530045,6496000,1160,28,28696714,0.0,0.0,0.0,12.24099668904178,0.9904265613045246,1.4642793342528082,6384640,6496000,3313.108,5.565,7233.232,17.376,1.5187499523162842,4.999999873689376e-05,58771.83203125,-0.04557034745812416,58771.84765625,0.7576209902763367,0.013065117411315441,1.5386632680892944,0.0
2361.4883630252816,-539.4837169626248,1357.240033301428,100.0,56,5600,False,6501600,65016,1161,73b03aedc11d4733ad70480dfb5e4900,2020-03-24_10-33-44,1585046024,10.659824848175049,12300.08605837822,2887,eclipse,137.195.211.213,12300.08605837822,6501600,1161,28,28696714,0.0,0.0,0.0,12.241540733821559,0.9904205329938148,1.4642615546028708,6390144,6501600,3307.422,5.571,7233.495,17.098,1.5187499523162842,4.999999873689376e-05,71128.296875,-0.04238428920507431,71128.328125,0.6751657724380493,0.012933935038745403,1.282792329788208,0.0
2341.8669840174725,-60.43098060361125,1338.4897139158793,100.0,56,5600,False,6507200,65072,1162,73b03aedc11d4733ad70480dfb5e4900,2020-03-24_10-33-55,1585046035,10.455950260162354,12310.542008638382,2887,eclipse,137.195.211.213,12310.542008638382,6507200,1162,28,28696714,0.0,0.0,0.0,12.241997322178356,0.9904080866976943,1.464239899772709,6395648,6507200,3311.141,5.617,7217.304,17.182,1.5187499523162842,4.999999873689376e-05,65381.4609375,-0.04648816958069801,65381.484375,0.7213389873504639,0.013686705380678177,1.4137368202209473,0.0
2341.8669840174725,-60.43098060361125,1299.7447254479232,100.0,56,5600,False,6512800,65128,1163,73b03aedc11d4733ad70480dfb5e4900,2020-03-24_10-34-06,1585046046,10.744235277175903,12321.286243915558,2887,eclipse,137.195.211.213,12321.286243915558,6512800,1163,28,28696714,0.0,0.0,0.0,12.242458631893323,0.9904119478379394,1.464227738415941,6401152,6512800,3319.383,6.194,7218.915,17.482,1.5187499523162842,4.999999873689376e-05,62454.34375,-0.04871067777276039,62454.37109375,0.7179229855537415,0.014557035639882088,1.2412539720535278,0.0
2363.1090389699875,-60.27978192170087,1383.9432467777922,100.0,56,5600,False,6518400,65184,1164,73b03aedc11d4733ad70480dfb5e4900,2020-03-24_10-34-16,1585046056,10.679265975952148,12331.96550989151,2887,eclipse,137.195.211.213,12331.96550989151,6518400,1164,28,28696714,0.0,0.0,0.0,12.2430429938504,0.9904179284718079,1.4642163272668198,6406656,6518400,3328.841,5.953,7219.942,17.703,1.5187499523162842,4.999999873689376e-05,53704.8671875,-0.049419790506362915,53704.90625,0.7699801325798035,0.01149607915431261,1.7598062753677368,0.0
2363.1090389699875,-51.30686778949061,1391.8967454234742,100.0,56,5600,False,6524000,65240,1165,73b03aedc11d4733ad70480dfb5e4900,2020-03-24_10-34-27,1585046067,10.615569114685059,12342.581079006195,2887,eclipse,137.195.211.213,12342.581079006195,6524000,1165,28,28696714,0.0,0.0,0.0,12.243652527508653,0.9904203365736802,1.4642086450309022,6412160,6524000,3328.225,5.67,7210.387,17.965,1.5187499523162842,4.999999873689376e-05,57608.98828125,-0.046959035098552704,57609.015625,0.7418720722198486,0.013207707554101944,1.3627432584762573,0.0
2251.590862698039,-44.0574937823523,1327.8337617657132,100.0,56,5600,False,6529600,65296,1166,73b03aedc11d4733ad70480dfb5e4900,2020-03-24_10-34-38,1585046078,10.700866460800171,12353.281945466995,2887,eclipse,137.195.211.213,12353.281945466995,6529600,1166,28,28696714,0.0,0.0,0.0,12.244248463156318,0.990423643175475,1.4642068041559668,6417664,6529600,3334.295,5.444,7212.932,17.576,1.5187499523162842,4.999999873689376e-05,50039.92578125,-0.04970501735806465,50039.94921875,0.7378196120262146,0.013904580846428871,1.2410955429077148,0.0
2304.1425757933753,-152.81784659500656,1286.5185573185645,100.0,56,5600,False,6535200,65352,1167,73b03aedc11d4733ad70480dfb5e4900,2020-03-24_10-34-49,1585046089,10.637677431106567,12363.919622898102,2887,eclipse,137.195.211.213,12363.919622898102,6535200,1167,28,28696714,0.0,0.0,0.0,12.244741660015043,0.9904181471216132,1.4641972540045445,6423168,6535200,3337.397,5.485,7211.694,17.593,1.5187499523162842,4.999999873689376e-05,62815.765625,-0.042703911662101746,62815.78515625,0.7569308876991272,0.014742525294423103,1.5170930624008179,0.0
2309.3572640436546,-152.81784659500656,1320.8963793809298,100.0,56,5600,False,6540800,65408,1168,73b03aedc11d4733ad70480dfb5e4900,2020-03-24_10-34-59,1585046099,10.769452571868896,12374.68907546997,2887,eclipse,137.195.211.213,12374.68907546997,6540800,1168,28,28696714,0.0,0.0,0.0,12.245310000199389,0.990415199869586,1.4641871720548962,6428672,6540800,3347.263,5.193,7215.509,17.768,1.5187499523162842,4.999999873689376e-05,66646.640625,-0.04790633171796799,66646.6640625,0.6373264193534851,0.014444442465901375,1.3404648303985596,0.0
2361.9233780218874,-31.002272489689066,1248.8178618900274,100.0,56,5600,False,6546400,65464,1169,73b03aedc11d4733ad70480dfb5e4900,2020-03-24_10-35-10,1585046110,10.346293449401855,12385.035368919373,2887,eclipse,137.195.211.213,12385.035368919373,6546400,1169,28,28696714,0.0,0.0,0.0,12.245830430791532,0.9904155241152277,1.4641670598949472,6434176,6546400,3343.836,5.163,7195.398,18.468,1.5187499523162842,4.999999873689376e-05,78489.515625,-0.045566875487565994,78489.53125,0.6444072127342224,0.013613916002213955,1.17661452293396,0.0
2318.343716196612,-111.61347191323924,1230.5095108944013,100.0,56,5600,False,6552000,65520,1170,73b03aedc11d4733ad70480dfb5e4900,2020-03-24_10-35-20,1585046120,10.411574125289917,12395.446943044662,2887,eclipse,137.195.211.213,12395.446943044662,6552000,1170,28,28696714,0.0,0.0,0.0,12.246363944139345,0.990431719097773,1.4641783944108773,6439680,6552000,3345.071,5.02,7161.71,19.111,1.5187499523162842,4.999999873689376e-05,73355.015625,-0.04996628686785698,73355.0546875,0.6586158275604248,0.012194721959531307,1.4765281677246094,0.0
2415.61445986755,-354.20021363230234,1173.8227481098556,100.0,56,5600,False,6557600,65576,1171,73b03aedc11d4733ad70480dfb5e4900,2020-03-24_10-35-31,1585046131,10.503012418746948,12405.94995546341,2887,eclipse,137.195.211.213,12405.94995546341,6557600,1171,28,28696714,0.0,0.0,0.0,12.24693118193593,0.9904466623208896,1.4642217933158461,6445184,6557600,3348.384,4.741,7144.543,18.683,1.5187499523162842,4.999999873689376e-05,63229.16796875,-0.049550965428352356,63229.19140625,0.6903390288352966,0.014657196588814259,1.0087668895721436,0.0
2452.3795345622284,-354.20021363230234,1202.0607016080864,100.0,56,5600,False,6563200,65632,1172,73b03aedc11d4733ad70480dfb5e4900,2020-03-24_10-35-41,1585046141,10.604420900344849,12416.554376363754,2887,eclipse,137.195.211.213,12416.554376363754,6563200,1172,28,28696714,0.0,0.0,0.0,12.247492331624672,0.9904506405116996,1.464271894049099,6450688,6563200,3367.308,4.722,7140.69,18.059,1.5187499523162842,4.999999873689376e-05,68866.3515625,-0.04226769879460335,68866.375,0.7124360799789429,0.01293549407273531,1.2986583709716797,0.0
2496.674580069388,-45.5597239231039,1330.0030751027882,100.0,56,5600,False,6568800,65688,1173,73b03aedc11d4733ad70480dfb5e4900,2020-03-24_10-35-52,1585046152,10.628630638122559,12427.183007001877,2887,eclipse,137.195.211.213,12427.183007001877,6568800,1173,28,28696714,0.0,0.0,0.0,12.248157816839596,0.9904546671143076,1.4642998626067323,6456192,6568800,3366.861,4.424,7131.396,17.975,1.5187499523162842,4.999999873689376e-05,51822.9609375,-0.04993894323706627,51822.98828125,0.7860868573188782,0.013217832893133163,1.2163528203964233,0.0
2496.674580069388,-60.73886470507009,1304.0956360237258,100.0,56,5600,False,6574400,65744,1174,73b03aedc11d4733ad70480dfb5e4900,2020-03-24_10-36-03,1585046163,10.742608785629272,12437.925615787506,2887,eclipse,137.195.211.213,12437.925615787506,6574400,1174,28,28696714,0.0,0.0,0.0,12.248607148271194,0.9904588184339377,1.4642811777968519,6461696,6574400,3368.412,4.781,7135.419,18.219,1.5187499523162842,4.999999873689376e-05,73785.828125,-0.046394526958465576,73785.875,0.6749118566513062,0.01464822981506586,1.2587188482284546,0.0
4037.7122331941378,-60.73886470507009,1309.1291067493946,100.0,56,5600,False,6580000,65800,1175,73b03aedc11d4733ad70480dfb5e4900,2020-03-24_10-36-13,1585046173,10.619502305984497,12448.54511809349,2887,eclipse,137.195.211.213,12448.54511809349,6580000,1175,28,28696714,0.01,0.0,1.0,12.248912705755505,0.9904467058284024,1.4642543745977414,6467200,6580000,3365.764,4.825,7139.05,18.263,1.5187499523162842,4.999999873689376e-05,134125.859375,-0.04590626806020737,134125.859375,0.5238683819770813,0.01369973924010992,1.0922452211380005,0.0
4037.7122331941378,-424.07985687608675,1189.619079876449,100.0,56,5600,False,6585600,65856,1176,73b03aedc11d4733ad70480dfb5e4900,2020-03-24_10-36-24,1585046184,10.633053302764893,12459.178171396255,2887,eclipse,137.195.211.213,12459.178171396255,6585600,1176,28,28696714,0.01,0.0,1.0,12.249228735412935,0.990451763153649,1.4642384057512834,6472704,6585600,3363.447,4.888,7132.675,18.164,1.5187499523162842,4.999999873689376e-05,80593.78125,-0.04599788784980774,80593.8046875,0.5960039496421814,0.015659432858228683,1.2686489820480347,0.0
2324.4542350125794,-424.07985687608675,1155.8203194144724,100.0,56,5600,False,6591200,65912,1177,73b03aedc11d4733ad70480dfb5e4900,2020-03-24_10-36-35,1585046195,10.652798175811768,12469.830969572067,2887,eclipse,137.195.211.213,12469.830969572067,6591200,1177,28,28696714,0.0,0.0,0.0,12.249546594872418,0.9904472682449401,1.4642266895915794,6478208,6591200,3359.733,5.032,7139.093,18.057,1.5187499523162842,4.999999873689376e-05,51487.25,-0.03964855521917343,51487.26171875,0.7657919526100159,0.016777584329247475,1.0768927335739136,0.0
2340.00593212008,-45.89049442299762,1237.4285946287991,100.0,56,5600,False,6596800,65968,1178,73b03aedc11d4733ad70480dfb5e4900,2020-03-24_10-36-45,1585046205,10.507911682128906,12480.338881254196,2887,eclipse,137.195.211.213,12480.338881254196,6596800,1178,28,28696714,0.0,0.0,0.0,12.249882912519785,0.990437767113998,1.464208176558612,6483712,6596800,3347.418,5.302,7125.096,18.049,1.5187499523162842,4.999999873689376e-05,59712.3359375,-0.050316955894231796,59712.37109375,0.7347423434257507,0.012311268597841263,1.4025607109069824,0.0
2502.620871632124,-47.85452020193956,1358.7058302822056,100.0,56,5600,False,6602400,66024,1179,73b03aedc11d4733ad70480dfb5e4900,2020-03-24_10-36-56,1585046216,10.482165813446045,12490.821047067642,2887,eclipse,137.195.211.213,12490.821047067642,6602400,1179,28,28696714,0.0,0.0,0.0,12.25036780094526,0.9904287258319545,1.4641878172976635,6489216,6602400,3352.02,5.272,7134.949,17.759,1.5187499523162842,4.999999873689376e-05,60193.46484375,-0.04996749013662338,60193.49609375,0.7632932662963867,0.01169841643422842,1.4090912342071533,0.0
2551.8963848088715,-47.436845180020875,1402.3885573612226,100.0,56,5600,False,6608000,66080,1180,73b03aedc11d4733ad70480dfb5e4900,2020-03-24_10-37-07,1585046227,10.656641006469727,12501.477688074112,2887,eclipse,137.195.211.213,12501.477688074112,6608000,1180,28,28696714,0.01,0.0,1.0,12.250908470651552,0.9904095194959329,1.4641639705431913,6494720,6608000,3343.926,5.248,7165.394,16.904,1.5187499523162842,4.999999873689376e-05,54672.6640625,-0.04909553751349449,54672.6796875,0.8062827587127686,0.016935568302869797,1.3119655847549438,0.0
2551.8963848088715,-407.20542747947843,1339.2621371234109,100.0,56,5600,False,6613600,66136,1181,73b03aedc11d4733ad70480dfb5e4900,2020-03-24_10-37-17,1585046237,10.6403329372406,12512.118021011353,2887,eclipse,137.195.211.213,12512.118021011353,6613600,1181,28,28696714,0.02,0.0,1.0,12.251405785897894,0.9904011192795571,1.464137152456439,6500224,6613600,3335.276,5.501,7186.162,17.757,1.5187499523162842,4.999999873689376e-05,56831.10546875,-0.042548757046461105,56831.1171875,0.7416279315948486,0.016081033274531364,1.3947151899337769,0.0
2347.1442192646355,-407.20542747947843,1369.573720625302,100.0,56,5600,False,6619200,66192,1182,73b03aedc11d4733ad70480dfb5e4900,2020-03-24_10-37-28,1585046248,10.566131353378296,12522.68415236473,2887,eclipse,137.195.211.213,12522.68415236473,6619200,1182,28,28696714,0.02,0.0,1.0,12.251942998462141,0.9904015400592402,1.46411985753774,6505728,6619200,3316.412,5.36,7198.693,18.507,1.5187499523162842,4.999999873689376e-05,67272.1953125,-0.04190518707036972,67272.21875,0.667654812335968,0.013960207812488079,1.296937346458435,0.0
2359.4532300645947,-323.68598277981084,1303.459929308935,100.0,56,5600,False,6624800,66248,1183,73b03aedc11d4733ad70480dfb5e4900,2020-03-24_10-37-39,1585046259,10.658604383468628,12533.3427567482,2887,eclipse,137.195.211.213,12533.3427567482,6624800,1183,28,28696714,0.02,0.0,1.0,12.252435364808793,0.9904125771467258,1.464128735114794,6511232,6624800,3314.511,5.295,7203.173,18.407,1.5187499523162842,4.999999873689376e-05,73970.890625,-0.046832188963890076,73970.921875,0.6873607039451599,0.012643089517951012,1.1515121459960938,0.0
2359.4532300645947,-477.30609216309574,1151.1442364992527,100.0,56,5600,False,6630400,66304,1184,73b03aedc11d4733ad70480dfb5e4900,2020-03-24_10-37-49,1585046269,10.522528409957886,12543.865285158157,2887,eclipse,137.195.211.213,12543.865285158157,6630400,1184,28,28696714,0.01,0.0,1.0,12.252721985422626,0.9904192514858856,1.46412735679603,6516736,6630400,3310.543,5.265,7185.927,18.37,1.5187499523162842,4.999999873689376e-05,51777.33203125,-0.044867269694805145,51777.34375,0.8095827102661133,0.017857439815998077,1.2857574224472046,0.0
2390.9811519132395,-477.30609216309574,1139.0785520649424,100.0,56,5600,False,6636000,66360,1185,73b03aedc11d4733ad70480dfb5e4900,2020-03-24_10-38-00,1585046280,10.616896152496338,12554.482181310654,2887,eclipse,137.195.211.213,12554.482181310654,6636000,1185,28,28696714,0.0,0.0,0.0,12.25292829763792,0.9904266087255539,1.4641078259365667,6522240,6636000,3311.574,5.537,7183.829,18.649,1.5187499523162842,4.999999873689376e-05,73017.1640625,-0.049946196377277374,73017.1953125,0.7181268930435181,0.014900825917720795,1.192298412322998,0.0
2390.9811519132395,-53.346405609767054,1222.3304392447683,100.0,56,5600,False,6641600,66416,1186,73b03aedc11d4733ad70480dfb5e4900,2020-03-24_10-38-11,1585046291,10.693248748779297,12565.175430059433,2887,eclipse,137.195.211.213,12565.175430059433,6641600,1186,28,28696714,0.0,0.0,0.0,12.253247886543328,0.9904208768058161,1.4640916904545338,6527744,6641600,3315.913,5.641,7187.829,18.753,1.5187499523162842,4.999999873689376e-05,61440.19921875,-0.0475497730076313,61440.2265625,0.7663063406944275,0.014400781132280827,1.335158109664917,0.0
2385.4832315530984,-56.92480555791552,1271.5940968381108,100.0,56,5600,False,6647200,66472,1187,73b03aedc11d4733ad70480dfb5e4900,2020-03-24_10-38-21,1585046301,10.578876733779907,12575.754306793213,2887,eclipse,137.195.211.213,12575.754306793213,6647200,1187,28,28696714,0.0,0.0,0.0,12.25358321726852,0.9904176500529985,1.4640757971430785,6533248,6647200,3319.408,5.472,7178.101,18.16,1.5187499523162842,4.999999873689376e-05,52978.5234375,-0.04400812089443207,52978.5390625,0.7872912287712097,0.013619014993309975,1.2836989164352417,0.0
2373.8646678379314,-56.92480555791552,1299.7104254273281,100.0,56,5600,False,6652800,66528,1188,73b03aedc11d4733ad70480dfb5e4900,2020-03-24_10-38-32,1585046312,10.657029151916504,12586.41133594513,2887,eclipse,137.195.211.213,12586.41133594513,6652800,1188,28,28696714,0.0,0.0,0.0,12.253966624472373,0.9904182853782284,1.464055209415477,6538752,6652800,3322.969,5.46,7189.681,17.732,1.5187499523162842,4.999999873689376e-05,62492.82421875,-0.046537820249795914,62492.84375,0.7022107839584351,0.014718033373355865,1.0266200304031372,0.0
2373.8646678379314,-64.1428324941804,1355.8343267363598,100.0,56,5600,False,6658400,66584,1189,73b03aedc11d4733ad70480dfb5e4900,2020-03-24_10-38-43,1585046323,10.614200592041016,12597.02553653717,2887,eclipse,137.195.211.213,12597.02553653717,6658400,1189,28,28696714,0.0,0.0,0.0,12.254462993024717,0.9904188466206528,1.4640412423540232,6544256,6658400,3324.13,5.588,7200.43,17.889,1.5187499523162842,4.999999873689376e-05,56967.66796875,-0.046842679381370544,56967.703125,0.7592290639877319,0.01350410282611847,1.2370895147323608,0.0
2347.8149893153577,-64.1428324941804,1314.451393172645,100.0,56,5600,False,6664000,66640,1190,73b03aedc11d4733ad70480dfb5e4900,2020-03-24_10-38-53,1585046333,10.653786182403564,12607.679322719574,2887,eclipse,137.195.211.213,12607.679322719574,6664000,1190,28,28696714,0.0,0.0,0.0,12.254962178628872,0.9904211805500626,1.464031096863843,6549760,6664000,3321.702,5.764,7201.953,17.509,1.5187499523162842,4.999999873689376e-05,46446.453125,-0.04649464040994644,46446.4765625,0.7923448085784912,0.014384463429450989,1.2895210981369019,0.0
2322.9197395021274,-50.325320143660605,1162.748135314489,100.0,56,5600,False,6669600,66696,1191,73b03aedc11d4733ad70480dfb5e4900,2020-03-24_10-39-04,1585046344,10.597837686538696,12618.277160406113,2887,eclipse,137.195.211.213,12618.277160406113,6669600,1191,28,28696714,0.0,0.0,0.0,12.255173475552247,0.9904176853451113,1.464014531259474,6555264,6669600,3324.368,5.599,7193.009,17.522,1.5187499523162842,4.999999873689376e-05,76295.40625,-0.042854320257902145,76295.421875,0.6954632997512817,0.01387274544686079,1.2390718460083008,0.0
2322.9197395021274,-404.70940120000313,1246.5522446122125,100.0,56,5600,False,6675200,66752,1192,73b03aedc11d4733ad70480dfb5e4900,2020-03-24_10-39-15,1585046355,10.618910312652588,12628.896070718765,2887,eclipse,137.195.211.213,12628.896070718765,6675200,1192,28,28696714,0.0,0.0,0.0,12.255485001540102,0.990401182190696,1.4639916439501446,6560768,6675200,3329.474,5.668,7195.631,16.891,1.5187499523162842,4.999999873689376e-05,52529.140625,-0.050376225262880325,52529.1640625,0.7840688824653625,0.012248680926859379,1.3977458477020264,0.0
2351.2274809417863,-404.70940120000313,1213.5387623900729,100.0,56,5600,False,6680800,66808,1193,73b03aedc11d4733ad70480dfb5e4900,2020-03-24_10-39-25,1585046365,10.683990240097046,12639.580060958862,2887,eclipse,137.195.211.213,12639.580060958862,6680800,1193,28,28696714,0.0,0.0,0.0,12.255688304443522,0.9903978443054396,1.4639693802123463,6566272,6680800,3331.894,5.788,7196.885,17.296,1.5187499523162842,4.999999873689376e-05,76067.578125,-0.04058358818292618,76067.6015625,0.7031961679458618,0.012994243763387203,1.1682353019714355,0.0
2351.2274809417863,-385.5026277766245,1262.9808265534696,100.0,56,5600,False,6686400,66864,1194,73b03aedc11d4733ad70480dfb5e4900,2020-03-24_10-39-36,1585046376,10.665107011795044,12650.245167970657,2887,eclipse,137.195.211.213,12650.245167970657,6686400,1194,28,28696714,0.0,0.0,0.0,12.255994700256938,0.9904008998011647,1.4639470362039138,6571776,6686400,3330.546,5.722,7211.102,17.277,1.5187499523162842,4.999999873689376e-05,58872.59765625,-0.04234343022108078,58872.6171875,0.7482179999351501,0.013893228955566883,1.1830593347549438,0.0
2263.7566943789257,-116.72332660699493,1246.2914606325007,100.0,56,5600,False,6692000,66920,1195,73b03aedc11d4733ad70480dfb5e4900,2020-03-24_10-39-47,1585046387,10.642248630523682,12660.887416601181,2887,eclipse,137.195.211.213,12660.887416601181,6692000,1195,28,28696714,0.0,0.0,0.0,12.256340173539709,0.9904056592688826,1.4639288369952583,6577280,6692000,3328.229,5.707,7216.785,17.144,1.5187499523162842,4.999999873689376e-05,79599.5,-0.04383758082985878,79599.515625,0.6686144471168518,0.014535469003021717,1.3488574028015137,0.0
2263.7566943789257,-116.72332660699493,1171.6878216267462,100.0,56,5600,False,6697600,66976,1196,73b03aedc11d4733ad70480dfb5e4900,2020-03-24_10-39-57,1585046397,10.537872552871704,12671.425289154053,2887,eclipse,137.195.211.213,12671.425289154053,6697600,1196,28,28696714,0.0,0.0,0.0,12.256523975910882,0.9903974691287409,1.4639046505879754,6582784,6697600,3324.625,5.6,7203.076,17.926,1.5187499523162842,4.999999873689376e-05,62597.77734375,-0.05495137348771095,62597.8125,0.7395853400230408,0.013353089801967144,1.2241417169570923,0.0
2386.612913324727,-41.91672775423071,1246.626544773116,100.0,56,5600,False,6703200,67032,1197,73b03aedc11d4733ad70480dfb5e4900,2020-03-24_10-40-08,1585046408,10.484344244003296,12681.909633398056,2887,eclipse,137.195.211.213,12681.909633398056,6703200,1197,28,28696714,0.0,0.0,0.0,12.256873226756039,0.9904066856984604,1.4638939738154932,6588288,6703200,3327.708,5.683,7191.059,18.837,1.5187499523162842,4.999999873689376e-05,67726.125,-0.045538824051618576,67726.1484375,0.7292302846908569,0.015145042911171913,1.417980670928955,0.0
2386.612913324727,-50.816240572704714,1337.9741757505308,100.0,56,5600,False,6708800,67088,1198,73b03aedc11d4733ad70480dfb5e4900,2020-03-24_10-40-18,1585046418,10.258980751037598,12692.168614149094,2887,eclipse,137.195.211.213,12692.168614149094,6708800,1198,28,28696714,0.0,0.0,0.0,12.257363213178582,0.9904193371652025,1.463910420748776,6593792,6708800,3326.29,5.668,7153.814,18.321,1.5187499523162842,4.999999873689376e-05,48890.55859375,-0.047822773456573486,48890.58203125,0.7792394161224365,0.017994072288274765,1.1626782417297363,0.0
2354.887492596265,-457.10252985739857,1211.9381183473206,100.0,56,5600,False,6714400,67144,1199,73b03aedc11d4733ad70480dfb5e4900,2020-03-24_10-40-28,1585046428,10.288726091384888,12702.457340240479,2887,eclipse,137.195.211.213,12702.457340240479,6714400,1199,28,28696714,0.0,0.0,0.0,12.2577665039043,0.9904261859316064,1.4639507113149555,6599296,6714400,3325.299,5.575,7121.529,18.538,1.5187499523162842,4.999999873689376e-05,93543.859375,-0.04083378612995148,93543.8828125,0.640349805355072,0.013292944990098476,1.1514850854873657,0.0
2354.887492596265,-457.10252985739857,1271.2869798468082,100.0,56,5600,False,6720000,67200,1200,73b03aedc11d4733ad70480dfb5e4900,2020-03-24_10-40-39,1585046439,10.586353540420532,12713.043693780899,2887,eclipse,137.195.211.213,12713.043693780899,6720000,1200,28,28696714,0.0,0.0,0.0,12.25859850667991,0.9904527349385472,1.4640591764842703,6604800,6720000,3368.124,5.352,7075.736,18.357,1.5187499523162842,4.999999873689376e-05,59305.67578125,-0.049699507653713226,59305.69921875,0.7691519260406494,0.013861743733286858,1.3701483011245728,0.0
2362.395061603112,-47.17859134310296,1231.2709583690491,100.0,56,5600,False,6725600,67256,1201,73b03aedc11d4733ad70480dfb5e4900,2020-03-24_10-40-50,1585046450,10.569313764572144,12723.613007545471,2887,eclipse,137.195.211.213,12723.613007545471,6725600,1201,28,28696714,0.0,0.0,0.0,12.259406411145967,0.9904807877230439,1.4641602453976568,6610304,6725600,3368.421,5.493,7075.112,18.006,1.5187499523162842,4.999999873689376e-05,55150.67578125,-0.05034637078642845,55150.69140625,0.7395516037940979,0.013599077239632607,1.0735481977462769,0.0
2362.395061603112,-34.84737454505374,1243.3452893614883,100.0,56,5600,False,6731200,67312,1202,73b03aedc11d4733ad70480dfb5e4900,2020-03-24_10-41-00,1585046460,10.638925790786743,12734.251933336258,2887,eclipse,137.195.211.213,12734.251933336258,6731200,1202,28,28696714,0.0,0.0,0.0,12.259859986092906,0.9904879503965787,1.4641698130739633,6615808,6731200,3365.734,5.361,7077.863,18.494,1.5187499523162842,4.999999873689376e-05,76516.8515625,-0.04489586129784584,76516.8828125,0.63360995054245,0.01259477436542511,1.1530143022537231,0.0
2288.5189334947327,-385.98011307463196,1267.0605302978527,100.0,56,5600,False,6736800,67368,1203,73b03aedc11d4733ad70480dfb5e4900,2020-03-24_10-41-11,1585046471,10.610182285308838,12744.862115621567,2887,eclipse,137.195.211.213,12744.862115621567,6736800,1203,28,28696714,0.0,0.0,0.0,12.260234281875139,0.9904850194840422,1.4641542774188516,6621312,6736800,3356.775,5.154,7079.049,17.442,1.5187499523162842,4.999999873689376e-05,67929.3984375,-0.04974845424294472,67929.4296875,0.7134860157966614,0.014143270440399647,1.2173566818237305,0.0
2347.384184762142,-385.98011307463196,1283.1785002432182,100.0,56,5600,False,6742400,67424,1204,73b03aedc11d4733ad70480dfb5e4900,2020-03-24_10-41-22,1585046482,10.54747748374939,12755.409593105316,2887,eclipse,137.195.211.213,12755.409593105316,6742400,1204,28,28696714,0.0,0.0,0.0,12.260604238360093,0.9904915897417333,1.4641430183142143,6626816,6742400,3356.258,5.123,7068.551,17.348,1.5187499523162842,4.999999873689376e-05,91844.375,-0.05035543814301491,91844.40625,0.589188277721405,0.01286601647734642,1.2995009422302246,0.0
2347.384184762142,-40.77657112261616,1260.60323415578,100.0,56,5600,False,6748000,67480,1205,73b03aedc11d4733ad70480dfb5e4900,2020-03-24_10-41-32,1585046492,10.646032810211182,12766.055625915527,2887,eclipse,137.195.211.213,12766.055625915527,6748000,1205,28,28696714,0.0,0.0,0.0,12.26108389609704,0.9904995554908583,1.464119558058623,6632320,6748000,3363.7,5.07,7060.991,16.807,1.5187499523162842,4.999999873689376e-05,72241.671875,-0.042865585535764694,72241.6953125,0.6180235743522644,0.011739721521735191,1.4668269157409668,0.0
2297.962983158413,-56.56822044869086,1204.1437537948782,100.0,56,5600,False,6753600,67536,1206,73b03aedc11d4733ad70480dfb5e4900,2020-03-24_10-41-43,1585046503,10.722535133361816,12776.77816104889,2887,eclipse,137.195.211.213,12776.77816104889,6753600,1206,28,28696714,0.0,0.0,0.0,12.261443380863716,0.9904983921681924,1.4640958805281648,6637824,6753600,3363.596,5.232,7078.891,16.796,1.5187499523162842,4.999999873689376e-05,62525.3671875,-0.04835301265120506,62525.39453125,0.7016692757606506,0.013655860908329487,1.5298378467559814,0.0
2414.7213479905363,-61.69227842895433,1214.723722510876,100.0,56,5600,False,6759200,67592,1207,73b03aedc11d4733ad70480dfb5e4900,2020-03-24_10-41-54,1585046514,10.680933475494385,12787.459094524384,2887,eclipse,137.195.211.213,12787.459094524384,6759200,1207,28,28696714,0.0,0.0,0.0,12.261799321210638,0.9905023641433366,1.4640745442815528,6643328,6759200,3360.664,5.188,7099.598,16.505,1.5187499523162842,4.999999873689376e-05,52758.4765625,-0.04928693175315857,52758.51171875,0.7651965022087097,0.014406513422727585,1.3478373289108276,0.0
2414.7213479905363,-61.69227842895433,1312.4669111871854,100.0,56,5600,False,6764800,67648,1208,73b03aedc11d4733ad70480dfb5e4900,2020-03-24_10-42-04,1585046524,10.628979444503784,12798.088073968887,2887,eclipse,137.195.211.213,12798.088073968887,6764800,1208,28,28696714,0.0,0.0,0.0,12.262301580998033,0.9905018409168462,1.464056191445309,6648832,6764800,3361.764,4.979,7133.22,16.972,1.5187499523162842,4.999999873689376e-05,56038.1171875,-0.050077155232429504,56038.140625,0.772733747959137,0.013219435699284077,1.4126564264297485,0.0
2542.7141242487724,-53.43389323392331,1362.0957591381175,100.0,56,5600,False,6770400,67704,1209,73b03aedc11d4733ad70480dfb5e4900,2020-03-24_10-42-15,1585046535,10.670993566513062,12808.7590675354,2887,eclipse,137.195.211.213,12808.7590675354,6770400,1209,28,28696714,0.0,0.0,0.0,12.262868020577555,0.990502681075349,1.4640518475241293,6654336,6770400,3364.857,5.001,7169.703,16.859,1.5187499523162842,4.999999873689376e-05,67505.5703125,-0.05099831148982048,67505.59375,0.6357478499412537,0.015111098065972328,1.2874150276184082,0.0
2542.7141242487724,-57.451431691945196,1319.133585463748,100.0,56,5600,False,6776000,67760,1210,73b03aedc11d4733ad70480dfb5e4900,2020-03-24_10-42-26,1585046546,10.684967279434204,12819.444034814835,2887,eclipse,137.195.211.213,12819.444034814835,6776000,1210,28,28696714,0.0,0.0,0.0,12.263439631148415,0.9905047590642991,1.4640593772669848,6659840,6776000,3324.299,5.174,7215.957,17.946,1.5187499523162842,4.999999873689376e-05,60718.96484375,-0.04202696681022644,60718.984375,0.7227051258087158,0.013552938587963581,1.3965873718261719,0.0
2294.492911562088,-52.1437082696298,1184.8218065711021,100.0,56,5600,False,6781600,67816,1211,73b03aedc11d4733ad70480dfb5e4900,2020-03-24_10-42-37,1585046557,10.69411587715149,12830.138150691986,2887,eclipse,137.195.211.213,12830.138150691986,6781600,1211,28,28696714,0.0,0.0,0.0,12.263728221872498,0.9905082415182769,1.464055162529807,6665344,6781600,3322.233,5.248,7227.684,18.296,1.5187499523162842,4.999999873689376e-05,66172.171875,-0.05219025909900665,66172.1953125,0.6793094277381897,0.015614110045135021,1.0831530094146729,0.0
2388.775425091438,-350.0220373738602,1258.2741820779363,100.0,56,5600,False,6787200,67872,1212,73b03aedc11d4733ad70480dfb5e4900,2020-03-24_10-42-47,1585046567,10.718070268630981,12840.856220960617,2887,eclipse,137.195.211.213,12840.856220960617,6787200,1212,28,28696714,0.0,0.0,0.0,12.264059689314148,0.990516111895178,1.4640299192095259,6670848,6787200,3327.457,5.486,7231.834,18.204,1.5187499523162842,4.999999873689376e-05,54205.1796875,-0.04872957989573479,54205.203125,0.7722111344337463,0.013948558829724789,1.4816818237304688,0.0
2426.6056786500912,-502.3115772261266,1195.1904936630056,100.0,56,5600,False,6792800,67928,1213,73b03aedc11d4733ad70480dfb5e4900,2020-03-24_10-42-58,1585046578,10.581007480621338,12851.437228441238,2887,eclipse,137.195.211.213,12851.437228441238,6792800,1213,28,28696714,0.0,0.0,0.0,12.264338037400567,0.9905191535924475,1.4640100781203045,6676352,6792800,3327.333,5.755,7228.544,19.048,1.5187499523162842,4.999999873689376e-05,62074.67578125,-0.0505366176366806,62074.69140625,0.752297043800354,0.016242273151874542,1.3090267181396484,0.0
2426.6056786500912,-50.104411382251506,1138.925395942901,100.0,56,5600,False,6798400,67984,1214,73b03aedc11d4733ad70480dfb5e4900,2020-03-24_10-43-09,1585046589,10.676257133483887,12862.113485574722,2887,eclipse,137.195.211.213,12862.113485574722,6798400,1214,28,28696714,0.0,0.0,0.0,12.264584731871,0.9905231011618482,1.4639955824584678,6681856,6798400,3330.188,5.807,7238.801,19.155,1.5187499523162842,4.999999873689376e-05,53959.85546875,-0.04902989789843559,53959.87109375,0.761959433555603,0.01630416326224804,1.0627628564834595,0.0
2320.9708692095837,-174.70700458750304,1121.6584483551753,100.0,56,5600,False,6804000,68040,1215,73b03aedc11d4733ad70480dfb5e4900,2020-03-24_10-43-19,1585046599,10.577112674713135,12872.690598249435,2887,eclipse,137.195.211.213,12872.690598249435,6804000,1215,28,28696714,0.0,0.0,0.0,12.264711423213265,0.9905175243530878,1.4639865705985828,6687360,6804000,3316.925,5.564,7246.208,19.996,1.5187499523162842,4.999999873689376e-05,61308.9609375,-0.042989809066057205,61308.98828125,0.7673481702804565,0.01354309543967247,1.2444781064987183,0.0
2270.11910035629,-176.70591269055922,1178.9715100951075,100.0,56,5600,False,6809600,68096,1216,73b03aedc11d4733ad70480dfb5e4900,2020-03-24_10-43-30,1585046610,10.597925901412964,12883.288524150848,2887,eclipse,137.195.211.213,12883.288524150848,6809600,1216,28,28696714,0.0,0.0,0.0,12.26491287460821,0.9905048383573615,1.4639705901495403,6692864,6809600,3314.144,5.383,7238.466,19.198,1.5187499523162842,4.999999873689376e-05,64169.484375,-0.05283927917480469,64169.515625,0.7205160856246948,0.013415421359241009,1.4193469285964966,0.0
2340.0501668446605,-176.70591269055922,1196.4394448134638,100.0,56,5600,False,6815200,68152,1217,73b03aedc11d4733ad70480dfb5e4900,2020-03-24_10-43-41,1585046621,10.562113523483276,12893.850637674332,2887,eclipse,137.195.211.213,12893.850637674332,6815200,1217,28,28696714,0.0,0.0,0.0,12.265188928368577,0.9905010002413002,1.4639593211722288,6698368,6815200,3312.998,5.346,7229.423,19.06,1.5187499523162842,4.999999873689376e-05,60696.765625,-0.05101803317666054,60696.7890625,0.7285243272781372,0.017131643369793892,1.20466947555542,0.0
2471.047631838628,-426.03144364835214,1182.9029387619228,100.0,56,5600,False,6820800,68208,1218,73b03aedc11d4733ad70480dfb5e4900,2020-03-24_10-43-51,1585046631,10.566089868545532,12904.416727542877,2887,eclipse,137.195.211.213,12904.416727542877,6820800,1218,28,28696714,0.0,0.0,0.0,12.265390345882539,0.9905165668088407,1.463952312345704,6703872,6820800,3309.081,5.323,7228.689,18.731,1.5187499523162842,4.999999873689376e-05,80599.3828125,-0.04542480409145355,80599.4140625,0.6678358912467957,0.012361103668808937,1.2938287258148193,0.0
2471.047631838628,-424.74601880778414,1221.0431259440527,100.0,56,5600,False,6826400,68264,1219,73b03aedc11d4733ad70480dfb5e4900,2020-03-24_10-44-02,1585046642,10.882729768753052,12915.29945731163,2887,eclipse,137.195.211.213,12915.29945731163,6826400,1219,28,28696714,0.0,0.0,0.0,12.265969297769493,0.9905300348590239,1.4640612711563898,6709376,6826400,3333.891,5.289,7224.96,18.493,1.5187499523162842,4.999999873689376e-05,62530.48828125,-0.04325282201170921,62530.51171875,0.7282736301422119,0.01306250598281622,1.2529829740524292,0.0
2330.709128069384,-424.74601880778414,1220.614008401538,100.0,56,5600,False,6832000,68320,1220,73b03aedc11d4733ad70480dfb5e4900,2020-03-24_10-44-13,1585046653,11.077418327331543,12926.376875638962,2887,eclipse,137.195.211.213,12926.376875638962,6832000,1220,28,28696714,0.0,0.0,0.0,12.267130253285446,0.9905630583159657,1.4643188228208714,6714880,6832000,3376.895,5.594,7222.979,18.566,1.5187499523162842,4.999999873689376e-05,77331.1328125,-0.044713012874126434,77331.15625,0.7026256918907166,0.012398779392242432,1.4901145696640015,0.0
2330.709128069384,-51.99589001498061,1316.1003044097486,100.0,56,5600,False,6837600,68376,1221,73b03aedc11d4733ad70480dfb5e4900,2020-03-24_10-44-24,1585046664,10.654149532318115,12937.03102517128,2887,eclipse,137.195.211.213,12937.03102517128,6837600,1221,28,28696714,0.0,0.0,0.0,12.267979101581172,0.9905886801737778,1.464422509913752,6720384,6837600,3374.841,5.546,7222.151,18.573,1.5187499523162842,4.999999873689376e-05,74565.3359375,-0.04898352548480034,74565.3515625,0.6615334153175354,0.01264806929975748,1.5135715007781982,0.0
2384.2163458394643,-63.79974792155973,1176.9285603138937,100.0,56,5600,False,6843200,68432,1222,73b03aedc11d4733ad70480dfb5e4900,2020-03-24_10-44-35,1585046675,10.57716417312622,12947.608189344406,2887,eclipse,137.195.211.213,12947.608189344406,6843200,1222,28,28696714,0.0,0.0,0.0,12.268201284705642,0.9905916734925074,1.464396964072169,6725888,6843200,3365.741,5.468,7216.355,18.728,1.5187499523162842,4.999999873689376e-05,58597.7109375,-0.04906036704778671,58597.73828125,0.7587850093841553,0.015493965707719326,1.194512963294983,0.0
2384.2163458394643,-63.79974792155973,1259.9766604061908,100.0,56,5600,False,6848800,68488,1223,73b03aedc11d4733ad70480dfb5e4900,2020-03-24_10-44-45,1585046685,10.624242544174194,12958.23243188858,2887,eclipse,137.195.211.213,12958.23243188858,6848800,1223,28,28696714,0.0,0.0,0.0,12.268470014244702,0.9905864650532569,1.464365368226113,6731392,6848800,3368.365,5.33,7217.169,18.474,1.5187499523162842,4.999999873689376e-05,50738.765625,-0.04253406822681427,50738.7890625,0.7880619168281555,0.015662781894207,1.2371619939804077,0.0
2425.9500023715473,-51.28999447972222,1282.161503704833,100.0,56,5600,False,6854400,68544,1224,73b03aedc11d4733ad70480dfb5e4900,2020-03-24_10-44-56,1585046696,10.502028942108154,12968.734460830688,2887,eclipse,137.195.211.213,12968.734460830688,6854400,1224,28,28696714,0.0,0.0,0.0,12.268769452370902,0.9905886714331598,1.464347466642906,6736896,6854400,3358.916,5.288,7209.747,18.706,1.5187499523162842,4.999999873689376e-05,59643.6796875,-0.05138658359646797,59643.7109375,0.7471102476119995,0.01464350800961256,1.2437572479248047,0.0
2425.9500023715473,-168.87385605694368,1337.3098028916415,100.0,56,5600,False,6860000,68600,1225,73b03aedc11d4733ad70480dfb5e4900,2020-03-24_10-45-06,1585046706,10.594625234603882,12979.329086065292,2887,eclipse,137.195.211.213,12979.329086065292,6860000,1225,28,28696714,0.0,0.0,0.0,12.269198013835473,0.9905998588413971,1.464332698130678,6742400,6860000,3369.799,5.553,7201.935,18.422,1.5187499523162842,4.999999873689376e-05,77570.7578125,-0.05105255916714668,77570.7890625,0.6907487511634827,0.0125682782381773,1.3539739847183228,0.0
2392.0827702088404,-527.8070615683365,1277.391975995901,100.0,56,5600,False,6865600,68656,1226,73b03aedc11d4733ad70480dfb5e4900,2020-03-24_10-45-17,1585046717,10.326011657714844,12989.655097723007,2887,eclipse,137.195.211.213,12989.655097723007,6865600,1226,28,28696714,0.0,0.0,0.0,12.26967506683195,0.9906084663197392,1.4643514902177241,6747904,6865600,3384.092,5.631,7160.432,18.253,1.5187499523162842,4.999999873689376e-05,75725.875,-0.04621234908699989,75725.90625,0.6945847272872925,0.014090047217905521,1.175345778465271,0.0
2392.0827702088404,-527.8070615683365,1182.6607964859568,100.0,56,5600,False,6871200,68712,1227,73b03aedc11d4733ad70480dfb5e4900,2020-03-24_10-45-27,1585046727,10.426464080810547,13000.081561803818,2887,eclipse,137.195.211.213,13000.081561803818,6871200,1227,28,28696714,0.0,0.0,0.0,12.270086703959285,0.9906085680553772,1.4643822411148972,6753408,6871200,3389.92,5.639,7141.249,18.028,1.5187499523162842,4.999999873689376e-05,67574.296875,-0.04961029440164566,67574.328125,0.6882237195968628,0.015478821471333504,1.0773659944534302,0.0
2319.3331460114628,-289.6230139562526,1041.3359836963996,100.0,56,5600,False,6876800,68768,1228,73b03aedc11d4733ad70480dfb5e4900,2020-03-24_10-45-38,1585046738,10.67361569404602,13010.755177497864,2887,eclipse,137.195.211.213,13010.755177497864,6876800,1228,28,28696714,0.01,0.0,1.0,12.270562862088486,0.9906410150556332,1.4645013703023864,6758912,6876800,3433.265,5.995,7109.17,18.377,1.5187499523162842,4.999999873689376e-05,58992.953125,-0.048610713332891464,58992.9765625,0.7626317143440247,0.0141803789883852,1.0400811433792114,0.0
2290.339195267276,-289.6230139562526,1141.6098681784608,100.0,56,5600,False,6882400,68824,1229,73b03aedc11d4733ad70480dfb5e4900,2020-03-24_10-45-49,1585046749,10.626600503921509,13021.381778001785,2887,eclipse,137.195.211.213,13021.381778001785,6882400,1229,28,28696714,0.01,0.0,1.0,12.271131764955761,0.9906810907531568,1.464606426265442,6764416,6882400,3407.332,5.986,7108.938,18.83,1.5187499523162842,4.999999873689376e-05,64138.80859375,-0.05065402388572693,64138.83203125,0.7124147415161133,0.01399612333625555,1.1085749864578247,0.0
2374.1767538373474,-52.64735966582971,1132.5722063809249,100.0,56,5600,False,6888000,68880,1230,73b03aedc11d4733ad70480dfb5e4900,2020-03-24_10-45-59,1585046759,10.616262912750244,13031.998040914536,2887,eclipse,137.195.211.213,13031.998040914536,6888000,1230,28,28696714,0.0,0.0,0.0,12.271342261430977,0.9906884707127671,1.4646156634090022,6769920,6888000,3359.096,5.817,7109.998,18.259,1.5187499523162842,4.999999873689376e-05,52472.15625,-0.04642239585518837,52472.1796875,0.7667334675788879,0.014001528732478619,1.378401517868042,0.0
2374.1767538373474,-52.64735966582971,1103.9197579401102,100.0,56,5600,False,6893600,68936,1231,73b03aedc11d4733ad70480dfb5e4900,2020-03-24_10-46-10,1585046770,10.694219589233398,13042.692260503769,2887,eclipse,137.195.211.213,13042.692260503769,6893600,1231,28,28696714,0.0,0.0,0.0,12.271377356469616,0.9906900459673393,1.464605005409132,6775424,6893600,3364.299,5.843,7109.013,18.044,1.5187499523162842,4.999999873689376e-05,59463.046875,-0.048984188586473465,59463.07421875,0.7547104358673096,0.012588563375175,1.4613072872161865,0.0
2437.5393071093417,-54.686353939253046,1162.6342672072512,100.0,56,5600,False,6899200,68992,1232,73b03aedc11d4733ad70480dfb5e4900,2020-03-24_10-46-21,1585046781,10.657383680343628,13053.349644184113,2887,eclipse,137.195.211.213,13053.349644184113,6899200,1232,28,28696714,0.0,0.0,0.0,12.271662096434039,0.9906918512569398,1.4646008777751947,6780928,6899200,3371.784,6.137,7108.75,17.657,1.5187499523162842,4.999999873689376e-05,63366.3125,-0.04614973068237305,63366.3359375,0.6766565442085266,0.014653356745839119,1.2392715215682983,0.0
4710.325217330579,-54.686353939253046,1264.0122881123796,100.0,56,5600,False,6904800,69048,1233,73b03aedc11d4733ad70480dfb5e4900,2020-03-24_10-46-31,1585046791,10.700071096420288,13064.049715280533,2887,eclipse,137.195.211.213,13064.049715280533,6904800,1233,28,28696714,0.02,0.0,1.0,12.272027382569238,0.9906970444899846,1.4645872721488797,6786432,6904800,3375.362,6.149,7113.428,18.24,1.5187499523162842,4.999999873689376e-05,172457.421875,-0.04334051534533501,172457.4375,0.3961118757724762,0.012117419391870499,1.0971702337265015,0.0
4710.325217330579,-51.97792208095181,1215.754770843229,100.0,56,5600,False,6910400,69104,1234,73b03aedc11d4733ad70480dfb5e4900,2020-03-24_10-46-42,1585046802,10.620067596435547,13074.669782876968,2887,eclipse,137.195.211.213,13074.669782876968,6910400,1234,28,28696714,0.02,0.0,1.0,12.272364455088937,0.9907013481593353,1.4645785729325376,6791936,6910400,3384.155,5.997,7115.322,18.445,1.5187499523162842,4.999999873689376e-05,90557.328125,-0.04762827605009079,90557.3671875,0.5459243655204773,0.013061284087598324,1.1077958345413208,0.0
2499.380907255265,-51.97792208095181,1110.2280157024388,100.0,56,5600,False,6916000,69160,1235,73b03aedc11d4733ad70480dfb5e4900,2020-03-24_10-46-53,1585046813,10.53351879119873,13085.203301668167,2887,eclipse,137.195.211.213,13085.203301668167,6916000,1235,28,28696714,0.0,0.0,0.0,12.27259562851641,0.9907053261846375,1.4645669659338796,6797440,6916000,3378.153,6.009,7114.336,18.521,1.5187499523162842,4.999999873689376e-05,46298.5546875,-0.04439844936132431,46298.58203125,0.8132191300392151,0.013680718839168549,1.219042420387268,0.0
2499.380907255265,-337.4649304496783,1268.471809750537,100.0,56,5600,False,6921600,69216,1236,73b03aedc11d4733ad70480dfb5e4900,2020-03-24_10-47-03,1585046823,10.705400705337524,13095.908702373505,2887,eclipse,137.195.211.213,13095.908702373505,6921600,1236,28,28696714,0.0,0.0,0.0,12.272944566625542,0.9907074416587265,1.4645423865896345,6802944,6921600,3365.358,5.942,7163.741,19.275,1.5187499523162842,4.999999873689376e-05,51222.5390625,-0.04710473492741585,51222.5703125,0.7945489883422852,0.013856882229447365,1.272864580154419,0.0
2320.2409083131765,-337.4649304496783,1252.9809307271987,100.0,56,5600,False,6927200,69272,1237,73b03aedc11d4733ad70480dfb5e4900,2020-03-24_10-47-14,1585046834,10.623977422714233,13106.532679796219,2887,eclipse,137.195.211.213,13106.532679796219,6927200,1237,28,28696714,0.0,0.0,0.0,12.27330496154336,0.9907072606524769,1.4645233358727672,6808448,6927200,3357.685,5.751,7189.913,19.735,1.5187499523162842,4.999999873689376e-05,44000.99609375,-0.050384361296892166,44001.02734375,0.8218277096748352,0.01305996160954237,1.3921712636947632,0.0
2316.3175668611325,-285.2599862891817,1275.1039340351772,100.0,56,5600,False,6932800,69328,1238,73b03aedc11d4733ad70480dfb5e4900,2020-03-24_10-47-25,1585046845,10.71888279914856,13117.251562595367,2887,eclipse,137.195.211.213,13117.251562595367,6932800,1238,28,28696714,0.0,0.0,0.0,12.273970322351454,0.9907073565634811,1.4646010381874703,6813952,6932800,3342.629,5.674,7209.49,19.438,1.5187499523162842,4.999999873689376e-05,41606.68359375,-0.049915578216314316,41606.70703125,0.8318312764167786,0.015154181979596615,1.2415680885314941,0.0
2308.6396868792617,-358.93844135961,1353.1813678659862,100.0,56,5600,False,6938400,69384,1239,73b03aedc11d4733ad70480dfb5e4900,2020-03-24_10-47-36,1585046856,11.215025663375854,13128.466588258743,2887,eclipse,137.195.211.213,13128.466588258743,6938400,1239,28,28696714,0.0,0.0,0.0,12.275154680615579,0.9907134338401457,1.4647831061437009,6819456,6938400,3393.633,5.662,7218.604,18.922,1.5187499523162842,4.999999873689376e-05,74349.1796875,-0.04738243669271469,74349.1953125,0.6821368932723999,0.013894185423851013,1.3100500106811523,0.0
2350.620697027022,-358.93844135961,1216.178506023205,100.0,56,5600,False,6944000,69440,1240,73b03aedc11d4733ad70480dfb5e4900,2020-03-24_10-47-47,1585046867,10.58903455734253,13139.055622816086,2887,eclipse,137.195.211.213,13139.055622816086,6944000,1240,28,28696714,0.0,0.0,0.0,12.275774233722204,0.9907219958651816,1.4648612212280594,6824960,6944000,3396.848,5.655,7211.969,18.757,1.5187499523162842,4.999999873689376e-05,61026.42578125,-0.044900234788656235,61026.4375,0.7311813831329346,0.015640631318092346,1.2763386964797974,0.0
2350.620697027022,-393.21376994681583,1156.0400453379732,100.0,56,5600,False,6949600,69496,1241,73b03aedc11d4733ad70480dfb5e4900,2020-03-24_10-47-57,1585046877,10.619991779327393,13149.675614595413,2887,eclipse,137.195.211.213,13149.675614595413,6949600,1241,28,28696714,0.0,0.0,0.0,12.275967067865663,0.9907150286699715,1.4648359562589996,6830464,6949600,3392.485,5.633,7209.475,18.242,1.5187499523162842,4.999999873689376e-05,59414.984375,-0.056465208530426025,59415.01171875,0.749965250492096,0.014080249704420567,1.169010043144226,0.0
2341.2715831228707,-590.160219219705,1169.1669574787784,100.0,56,5600,False,6955200,69552,1242,73b03aedc11d4733ad70480dfb5e4900,2020-03-24_10-48-08,1585046888,10.665638446807861,13160.341253042221,2887,eclipse,137.195.211.213,13160.341253042221,6955200,1242,28,28696714,0.0,0.0,0.0,12.27621575942233,0.9907162686918477,1.464821907616418,6835968,6955200,3393.987,5.36,7211.209,18.658,1.5187499523162842,4.999999873689376e-05,67973.5,-0.048256099224090576,67973.53125,0.7185819149017334,0.012135921977460384,1.278518795967102,0.0
2285.610034121478,-590.160219219705,1291.1508658240268,100.0,56,5600,False,6960800,69608,1243,73b03aedc11d4733ad70480dfb5e4900,2020-03-24_10-48-19,1585046899,10.756922245025635,13171.098175287247,2887,eclipse,137.195.211.213,13171.098175287247,6960800,1243,28,28696714,0.0,0.0,0.0,12.276653683700081,0.9907228598547962,1.4648042261600847,6841472,6960800,3400.18,5.352,7211.52,18.269,1.5187499523162842,4.999999873689376e-05,61107.8671875,-0.04599086195230484,61107.890625,0.6809887886047363,0.014546247199177742,1.2636559009552002,0.0
3305.15092648327,-405.18775673269204,1183.0772829544705,100.0,56,5600,False,6966400,69664,1244,73b03aedc11d4733ad70480dfb5e4900,2020-03-24_10-48-30,1585046910,10.575308799743652,13181.67348408699,2887,eclipse,137.195.211.213,13181.67348408699,6966400,1244,28,28696714,0.01,0.0,1.0,12.276905734757253,0.9907220597769083,1.4647870323620367,6846976,6966400,3396.481,5.883,7211.033,17.914,1.5187499523162842,4.999999873689376e-05,121947.6640625,-0.03790213167667389,121947.6640625,0.5877061486244202,0.02265644073486328,1.1156388521194458,0.0
3305.15092648327,-387.6056837950514,1236.1930189892278,100.0,56,5600,False,6972000,69720,1245,73b03aedc11d4733ad70480dfb5e4900,2020-03-24_10-48-40,1585046920,10.631884574890137,13192.30536866188,2887,eclipse,137.195.211.213,13192.30536866188,6972000,1245,28,28696714,0.01,0.0,1.0,12.277184652504648,0.9907249646802874,1.4647738528736471,6852480,6972000,3401.596,5.909,7214.044,18.155,2.278125047683716,4.999999873689376e-05,73267.3515625,-0.042441196739673615,73267.3671875,0.6349330544471741,0.010385110974311829,0.9013686180114746,0.0
2379.73733339355,-53.433293458396314,1193.0120862506355,100.0,56,5600,False,6977600,69776,1246,73b03aedc11d4733ad70480dfb5e4900,2020-03-24_10-48-51,1585046931,10.651497602462769,13202.956866264343,2887,eclipse,137.195.211.213,13202.956866264343,6977600,1246,28,28696714,0.0,0.0,0.0,12.277401730595637,0.9907231463437703,1.4647639543788091,6857984,6977600,3400.275,6.035,7210.103,18.272,2.278125047683716,4.999999873689376e-05,79432.6640625,-0.03845994919538498,79432.671875,0.6539994478225708,0.009056534618139267,1.2579737901687622,0.0
2379.73733339355,-155.49261447137124,1220.6498614125885,100.0,56,5600,False,6983200,69832,1247,73b03aedc11d4733ad70480dfb5e4900,2020-03-24_10-49-02,1585046942,10.812138557434082,13213.769004821777,2887,eclipse,137.195.211.213,13213.769004821777,6983200,1247,28,28696714,0.0,0.0,0.0,12.277795817775264,0.9907146025597388,1.4647561473997066,6863488,6983200,3419.89,6.22,7209.498,17.83,2.278125047683716,4.999999873689376e-05,63772.8671875,-0.04266142472624779,63772.8828125,0.7095011472702026,0.011756579391658306,1.2637943029403687,0.0
2300.417276755036,-452.1058699440699,1340.6044027945027,100.0,56,5600,False,6988800,69888,1248,73b03aedc11d4733ad70480dfb5e4900,2020-03-24_10-49-12,1585046952,10.220227718353271,13223.98923254013,2887,eclipse,137.195.211.213,13223.98923254013,6988800,1248,28,28696714,0.0,0.0,0.0,12.278364993423311,0.9907042885243516,1.4647531060361547,6868992,6988800,3395.063,6.22,7184.686,18.402,2.278125047683716,4.999999873689376e-05,71513.6484375,-0.04643462225794792,71513.671875,0.691566526889801,0.010198865085840225,1.215964674949646,0.0
2387.014037367124,-170.2124504074232,1306.7798547349228,100.0,56,5600,False,6994400,69944,1249,73b03aedc11d4733ad70480dfb5e4900,2020-03-24_10-49-23,1585046963,10.609539031982422,13234.598771572113,2887,eclipse,137.195.211.213,13234.598771572113,6994400,1249,28,28696714,0.0,0.0,0.0,12.278852512854533,0.9906983967430889,1.4647682148884786,6874496,6994400,3344.964,5.978,7173.576,18.701,2.278125047683716,4.999999873689376e-05,55585.03515625,-0.036830317229032516,55585.0625,0.7786456942558289,0.008991849608719349,1.2145615816116333,0.0
2387.014037367124,-170.2124504074232,1325.0491593316722,100.0,56,5600,False,7000000,70000,1250,73b03aedc11d4733ad70480dfb5e4900,2020-03-24_10-49-33,1585046973,10.67445969581604,13245.273231267929,2887,eclipse,137.195.211.213,13245.273231267929,7000000,1250,28,28696714,0.01,0.0,1.0,12.279285372236366,0.9906998555716061,1.4647796717333563,6880000,7000000,3347.136,5.893,7181.567,18.889,2.278125047683716,4.999999873689376e-05,66586.6796875,-0.04276546463370323,66586.6953125,0.6740357875823975,0.010907591320574284,1.1808182001113892,0.0
2356.048329541957,-64.38910297679514,1274.1497520844696,100.0,56,5600,False,7005600,70056,1251,73b03aedc11d4733ad70480dfb5e4900,2020-03-24_10-49-44,1585046984,10.713136196136475,13255.986367464066,2887,eclipse,137.195.211.213,13255.986367464066,7005600,1251,28,28696714,0.01,0.0,1.0,12.279657454332032,0.9907064350216913,1.464766741947538,6885504,7005600,3352.961,5.908,7185.387,19.236,2.278125047683716,4.999999873689376e-05,60655.546875,-0.04849980026483536,60655.5703125,0.7611467242240906,0.00892617180943489,1.4844268560409546,0.0
2467.201931022419,-64.38910297679514,1305.8965336886383,100.0,56,5600,False,7011200,70112,1252,73b03aedc11d4733ad70480dfb5e4900,2020-03-24_10-49-55,1585046995,10.64337706565857,13266.629744529724,2887,eclipse,137.195.211.213,13266.629744529724,7011200,1252,28,28696714,0.0,0.0,0.0,12.28007490943543,0.9907168477114225,1.4647441513372466,6891008,7011200,3355.246,6.149,7180.343,19.551,2.278125047683716,4.999999873689376e-05,65625.8984375,-0.04924599081277847,65625.9296875,0.7289382219314575,0.011154898442327976,1.2880253791809082,0.0
2467.201931022419,-50.01738461233266,1081.249607282583,100.0,56,5600,False,7016800,70168,1253,73b03aedc11d4733ad70480dfb5e4900,2020-03-24_10-50-05,1585047005,10.560949802398682,13277.190694332123,2887,eclipse,137.195.211.213,13277.190694332123,7016800,1253,28,28696714,0.0,0.0,0.0,12.280239426038639,0.9907204976725902,1.4647146407853366,6896512,7016800,3341.075,6.157,7175.136,19.739,2.278125047683716,4.999999873689376e-05,80401.6328125,-0.04524599388241768,80401.6484375,0.6172446608543396,0.009811530821025372,1.188713788986206,0.0
2368.4173323958175,-221.8071781288983,1079.314492250711,100.0,56,5600,False,7022400,70224,1254,73b03aedc11d4733ad70480dfb5e4900,2020-03-24_10-50-16,1585047016,10.412049770355225,13287.602744102478,2887,eclipse,137.195.211.213,13287.602744102478,7022400,1254,28,28696714,0.0,0.0,0.0,12.280610254597331,0.9907204212632135,1.4647325622882494,6902016,7022400,3358.756,5.778,7142.479,19.107,2.278125047683716,4.999999873689376e-05,43661.82421875,-0.04460639879107475,43661.84375,0.8028598427772522,0.010307922028005123,1.269081950187683,0.0
2239.1959684355857,-221.8071781288983,1160.1549312084992,100.0,56,5600,False,7028000,70280,1255,73b03aedc11d4733ad70480dfb5e4900,2020-03-24_10-50-26,1585047026,10.37990689277649,13297.982650995255,2887,eclipse,137.195.211.213,13297.982650995255,7028000,1255,28,28696714,0.0,0.0,0.0,12.281047141793788,0.9907269124308121,1.4647773025803474,6907520,7028000,3364.201,5.747,7114.546,18.066,2.278125047683716,4.999999873689376e-05,58638.01171875,-0.04397805407643318,58638.03515625,0.7671094536781311,0.009799187071621418,0.9985344409942627,0.0
2320.5879835918354,-477.2732669300623,1134.9541673730132,100.0,56,5600,False,7033600,70336,1256,73b03aedc11d4733ad70480dfb5e4900,2020-03-24_10-50-37,1585047037,10.638015747070312,13308.620666742325,2887,eclipse,137.195.211.213,13308.620666742325,7033600,1256,28,28696714,0.0,0.0,0.0,12.28155591543415,0.9907532954657806,1.4648379291727838,6913024,7033600,3395.353,5.57,7083.778,18.167,2.278125047683716,4.999999873689376e-05,77269.6640625,-0.04654055833816528,77269.671875,0.7046887874603271,0.010491954162716866,1.3141913414001465,0.0
2388.924718889719,-477.2732669300623,1272.6555110301047,100.0,56,5600,False,7039200,70392,1257,73b03aedc11d4733ad70480dfb5e4900,2020-03-24_10-50-48,1585047048,10.567736864089966,13319.188403606415,2887,eclipse,137.195.211.213,13319.188403606415,7039200,1257,28,28696714,0.0,0.0,0.0,12.28223156996521,0.9907762656133272,1.4649029044606043,6918528,7039200,3394.806,5.568,7058.414,18.235,2.278125047683716,4.999999873689376e-05,44026.82421875,-0.04613989591598511,44026.84375,0.8270196318626404,0.010578444227576256,1.3722209930419922,0.0
2434.982017513702,-436.72408953167036,1281.2306307075569,100.0,56,5600,False,7044800,70448,1258,73b03aedc11d4733ad70480dfb5e4900,2020-03-24_10-50-58,1585047058,10.664016962051392,13329.852420568466,2887,eclipse,137.195.211.213,13329.852420568466,7044800,1258,28,28696714,0.0,0.0,0.0,12.282695457090604,0.9907853748715206,1.4649141679983404,6924032,7044800,3396.863,5.299,7097.643,18.221,2.278125047683716,4.999999873689376e-05,66041.375,-0.042515791952610016,66041.3984375,0.7217611074447632,0.011519568972289562,1.2707103490829468,0.0
2434.982017513702,-297.3306258129785,1356.7698874312605,100.0,56,5600,False,7050400,70504,1259,73b03aedc11d4733ad70480dfb5e4900,2020-03-24_10-51-09,1585047069,10.592801809310913,13340.445222377777,2887,eclipse,137.195.211.213,13340.445222377777,7050400,1259,28,28696714,0.0,0.0,0.0,12.283177884329966,0.9907987196810766,1.4648966309112523,6929536,7050400,3394.765,5.433,7097.576,18.57,2.278125047683716,4.999999873689376e-05,62167.5625,-0.04229172319173813,62167.59375,0.697730302810669,0.0092553049325943,1.1822190284729004,0.0
2334.351339570808,-45.248323179467846,1254.7367996056446,100.0,56,5600,False,7056000,70560,1260,73b03aedc11d4733ad70480dfb5e4900,2020-03-24_10-51-20,1585047080,10.751124858856201,13351.196347236633,2887,eclipse,137.195.211.213,13351.196347236633,7056000,1260,28,28696714,0.0,0.0,0.0,12.283534301575942,0.9908032304073058,1.464876839895492,6935040,7056000,3399.793,5.386,7100.616,17.985,2.278125047683716,4.999999873689376e-05,68792.9375,-0.04223385080695152,68792.9453125,0.6829397678375244,0.010154614225029945,0.9726963639259338,0.0
2313.856554350543,-49.31960338567001,1271.0554424647046,100.0,56,5600,False,7061600,70616,1261,73b03aedc11d4733ad70480dfb5e4900,2020-03-24_10-51-30,1585047090,10.58870244026184,13361.785049676895,2887,eclipse,137.195.211.213,13361.785049676895,7061600,1261,28,28696714,0.0,0.0,0.0,12.283944324883016,0.9908049697546778,1.4648567523083937,6940544,7061600,3392.1,5.103,7094.493,17.778,2.278125047683716,4.999999873689376e-05,62220.7265625,-0.04691549763083458,62220.75,0.7398844957351685,0.009455184452235699,1.1471632719039917,0.0
2378.343305332067,-35.666793401391956,1414.278935953961,100.0,56,5600,False,7067200,70672,1262,73b03aedc11d4733ad70480dfb5e4900,2020-03-24_10-51-41,1585047101,10.641200304031372,13372.426249980927,2887,eclipse,137.195.211.213,13372.426249980927,7067200,1262,28,28696714,0.0,0.0,0.0,12.284493992094237,0.990802509090424,1.464843198719852,6946048,7067200,3385.929,4.8,7099.882,17.203,2.278125047683716,4.999999873689376e-05,54236.26171875,-0.04337909445166588,54236.28515625,0.7694029808044434,0.009542382322251797,1.2716240882873535,0.0
2378.343305332067,-45.55330490963942,1362.5697308547772,100.0,56,5600,False,7072800,70728,1263,73b03aedc11d4733ad70480dfb5e4900,2020-03-24_10-51-52,1585047112,10.695696115493774,13383.12194609642,2887,eclipse,137.195.211.213,13383.12194609642,7072800,1263,28,28696714,0.0,0.0,0.0,12.284976921913662,0.990804219412101,1.4648244479675565,6951552,7072800,3394.816,4.81,7104.988,16.722,2.278125047683716,4.999999873689376e-05,56173.65234375,-0.04202901944518089,56173.67578125,0.754779040813446,0.0095048313960433,1.2087002992630005,0.0
2377.9369740286747,-45.55330490963942,1248.6707217830929,100.0,56,5600,False,7078400,70784,1264,73b03aedc11d4733ad70480dfb5e4900,2020-03-24_10-52-02,1585047122,10.66566801071167,13393.787614107132,2887,eclipse,137.195.211.213,13393.787614107132,7078400,1264,28,28696714,0.0,0.0,0.0,12.285397027558279,0.9908078308043937,1.4648341404791767,6957056,7078400,3385.764,4.594,7138.071,17.62,2.278125047683716,4.999999873689376e-05,56630.19921875,-0.044952232390642166,56630.203125,0.7537139058113098,0.013428416103124619,1.0003443956375122,0.0
2369.0767380802763,-117.68710038493883,1286.5104073793157,100.0,56,5600,False,7084000,70840,1265,73b03aedc11d4733ad70480dfb5e4900,2020-03-24_10-52-13,1585047133,10.75517725944519,13404.542791366577,2887,eclipse,137.195.211.213,13404.542791366577,7084000,1265,28,28696714,0.01,0.0,1.0,12.285876736155057,0.9908147828760988,1.4648477351471376,6962560,7084000,3385.29,4.583,7174.541,18.387,2.278125047683716,4.999999873689376e-05,64981.26171875,-0.04555055499076843,64981.27734375,0.7030554413795471,0.00938022043555975,1.3443909883499146,0.0
2412.4389944159557,-117.68710038493883,1335.4679013760976,100.0,56,5600,False,7089600,70896,1266,73b03aedc11d4733ad70480dfb5e4900,2020-03-24_10-52-24,1585047144,10.654125452041626,13415.196916818619,2887,eclipse,137.195.211.213,13415.196916818619,7089600,1266,28,28696714,0.01,0.0,1.0,12.28638834155675,0.9908224820515042,1.464833574606123,6968064,7089600,3356.493,4.688,7202.33,18.736,2.278125047683716,4.999999873689376e-05,55220.87109375,-0.04762792959809303,55220.890625,0.6983594298362732,0.009436073713004589,1.3008219003677368,0.0
2470.7002786331213,-50.079762250681156,1275.7741614879333,100.0,56,5600,False,7095200,70952,1267,73b03aedc11d4733ad70480dfb5e4900,2020-03-24_10-52-35,1585047155,10.576293230056763,13425.773210048676,2887,eclipse,137.195.211.213,13425.773210048676,7095200,1267,28,28696714,0.0,0.0,0.0,12.286782699593177,0.9908229476882711,1.4648162245137428,6973568,7095200,3337.987,4.53,7222.844,18.206,2.278125047683716,4.999999873689376e-05,58295.34375,-0.04437762498855591,58295.3671875,0.7387884855270386,0.009498849511146545,1.1872408390045166,0.0
2470.7002786331213,-372.43624046932337,1198.2192475043173,100.0,56,5600,False,7100800,71008,1268,73b03aedc11d4733ad70480dfb5e4900,2020-03-24_10-52-45,1585047165,10.672157764434814,13436.44536781311,2887,eclipse,137.195.211.213,13436.44536781311,7100800,1268,28,28696714,0.0,0.0,0.0,12.287041871401438,0.9908249354397028,1.4648102488387906,6979072,7100800,3339.181,4.762,7223.322,18.427,2.278125047683716,4.999999873689376e-05,92115.3671875,-0.04690645635128021,92115.3984375,0.6274133920669556,0.010163587518036366,1.1305335760116577,0.0
2357.9763512723284,-372.43624046932337,1185.998461440582,100.0,56,5600,False,7106400,71064,1269,73b03aedc11d4733ad70480dfb5e4900,2020-03-24_10-52-56,1585047176,10.65531849861145,13447.100686311722,2887,eclipse,137.195.211.213,13447.100686311722,7106400,1269,28,28696714,0.0,0.0,0.0,12.287284449848839,0.990815549276991,1.4647962383624142,6984576,7106400,3338.671,4.897,7231.045,17.766,2.278125047683716,4.999999873689376e-05,56460.05078125,-0.03971900790929794,56460.07421875,0.7489520311355591,0.011124584823846817,1.1194249391555786,0.0
2357.9763512723284,-290.26869012790064,1231.2936617036148,100.0,56,5600,False,7112000,71120,1270,73b03aedc11d4733ad70480dfb5e4900,2020-03-24_10-53-07,1585047187,10.484391689300537,13457.585078001022,2887,eclipse,137.195.211.213,13457.585078001022,7112000,1270,28,28696714,0.0,0.0,0.0,12.287620129694227,0.9908062910750405,1.464772380248184,6990080,7112000,3333.221,4.775,7210.764,18.5,2.278125047683716,4.999999873689376e-05,68541.046875,-0.040969137102365494,68541.0625,0.6767829060554504,0.009425631724298,1.2635892629623413,0.0
2336.016593952142,-290.26869012790064,1277.7370617691524,100.0,56,5600,False,7117600,71176,1271,73b03aedc11d4733ad70480dfb5e4900,2020-03-24_10-53-17,1585047197,10.706154823303223,13468.291232824326,2887,eclipse,137.195.211.213,13468.291232824326,7117600,1271,28,28696714,0.0,0.0,0.0,12.28796481834127,0.9908081879403849,1.4647806428733148,6995584,7117600,3358.375,5.031,7199.759,18.448,2.278125047683716,4.999999873689376e-05,57000.99609375,-0.044664084911346436,57001.01171875,0.7364189624786377,0.013145679607987404,1.038500189781189,0.0
2287.7344034968983,-53.72672823075719,1223.3757990475904,100.0,56,5600,False,7123200,71232,1272,73b03aedc11d4733ad70480dfb5e4900,2020-03-24_10-53-28,1585047208,10.788583755493164,13479.079816579819,2887,eclipse,137.195.211.213,13479.079816579819,7123200,1272,28,28696714,0.0,0.0,0.0,12.2883871396185,0.9908172887736539,1.4648659149346097,7001088,7123200,3370.526,5.049,7201.057,17.984,2.278125047683716,4.999999873689376e-05,60597.17578125,-0.0431659109890461,60597.19921875,0.776616096496582,0.009241755120456219,1.273210883140564,0.0
2409.6841483254934,-55.86904810624195,1321.6302390903188,100.0,56,5600,False,7128800,71288,1273,73b03aedc11d4733ad70480dfb5e4900,2020-03-24_10-53-39,1585047219,10.678656578063965,13489.758473157883,2887,eclipse,137.195.211.213,13489.758473157883,7128800,1273,28,28696714,0.0,0.0,0.0,12.28888089877677,0.9908044378770079,1.464904675854977,7006592,7128800,3365.537,4.862,7202.556,17.762,2.278125047683716,4.999999873689376e-05,51868.5703125,-0.05116422101855278,51868.59375,0.8176774978637695,0.009720390662550926,1.5358039140701294,0.0
2409.6841483254934,-55.86904810624195,1321.3563970639202,100.0,56,5600,False,7134400,71344,1274,73b03aedc11d4733ad70480dfb5e4900,2020-03-24_10-53-50,1585047230,10.688774347305298,13500.447247505188,2887,eclipse,137.195.211.213,13500.447247505188,7134400,1274,28,28696714,0.0,0.0,0.0,12.289333274681319,0.9907956703518841,1.464892131199335,7012096,7134400,3367.091,5.173,7202.562,17.671,2.278125047683716,4.999999873689376e-05,51636.82421875,-0.0433812141418457,51636.84765625,0.7500500082969666,0.009264335036277771,1.151016354560852,0.0
2276.153194971882,-495.715613873729,1258.6080626516514,100.0,56,5600,False,7140000,71400,1275,73b03aedc11d4733ad70480dfb5e4900,2020-03-24_10-54-00,1585047240,10.692264318466187,13511.139511823654,2887,eclipse,137.195.211.213,13511.139511823654,7140000,1275,28,28696714,0.0,0.0,0.0,12.289690725465018,0.9907904688376584,1.4648814971369155,7017600,7140000,3364.997,5.243,7197.453,17.664,2.278125047683716,4.999999873689376e-05,64940.3828125,-0.050377849489450455,64940.40234375,0.7440831661224365,0.010798797942698002,1.2478309869766235,0.0
2442.4289464005487,-495.715613873729,1267.552429524769,100.0,56,5600,False,7145600,71456,1276,73b03aedc11d4733ad70480dfb5e4900,2020-03-24_10-54-11,1585047251,10.769502639770508,13521.909014463425,2887,eclipse,137.195.211.213,13521.909014463425,7145600,1276,28,28696714,0.01,0.0,1.0,12.290080520135048,0.9907886318136093,1.4648624491692914,7023104,7145600,3375.421,5.208,7200.144,16.527,2.278125047683716,4.999999873689376e-05,65127.09375,-0.04268312826752663,65127.10546875,0.680510401725769,0.013651425018906593,1.1581348180770874,0.0
2442.4289464005487,-44.22058056978709,1320.1619476614883,100.0,56,5600,False,7151200,71512,1277,73b03aedc11d4733ad70480dfb5e4900,2020-03-24_10-54-22,1585047262,10.526252746582031,13532.435267210007,2887,eclipse,137.195.211.213,13532.435267210007,7151200,1277,28,28696714,0.02,0.0,1.0,12.290503216972974,0.9907833943129415,1.4648562182600484,7028608,7151200,3369.252,5.342,7200.431,17.03,2.278125047683716,4.999999873689376e-05,44094.91796875,-0.049525246024131775,44094.94140625,0.8091719150543213,0.010390125215053558,1.1372331380844116,0.0
2378.0027890081333,-570.2200519276474,1181.0344122826546,100.0,56,5600,False,7156800,71568,1278,73b03aedc11d4733ad70480dfb5e4900,2020-03-24_10-54-32,1585047272,10.612302541732788,13543.04756975174,2887,eclipse,137.195.211.213,13543.04756975174,7156800,1278,28,28696714,0.01,0.0,1.0,12.29071568085191,0.9907753697352494,1.4648370257985999,7034112,7156800,3363.672,5.11,7200.745,16.678,2.278125047683716,4.999999873689376e-05,68681.640625,-0.0434313528239727,68681.65625,0.7326916456222534,0.01091612596064806,1.2182567119598389,0.0
2264.2038305122455,-570.2200519276474,1058.7047151664112,100.0,56,5600,False,7162400,71624,1279,73b03aedc11d4733ad70480dfb5e4900,2020-03-24_10-54-43,1585047283,10.724062442779541,13553.771632194519,2887,eclipse,137.195.211.213,13553.771632194519,7162400,1279,28,28696714,0.0,0.0,0.0,12.29088193378235,0.9907664536289238,1.4648117880663762,7039616,7162400,3367.569,5.116,7204.245,16.879,2.278125047683716,4.999999873689376e-05,80678.7578125,-0.046462345868349075,80678.78125,0.6172658801078796,0.009403987787663937,1.042160153388977,0.0
2364.1964501622238,-352.8854378646586,1165.7399117734758,100.0,56,5600,False,7168000,71680,1280,73b03aedc11d4733ad70480dfb5e4900,2020-03-24_10-54-54,1585047294,10.612388849258423,13564.384021043777,2887,eclipse,137.195.211.213,13564.384021043777,7168000,1280,28,28696714,0.0,0.0,0.0,12.291056323367508,0.9907614394156498,1.4647911631051052,7045120,7168000,3371.66,5.35,7213.34,16.594,2.278125047683716,4.999999873689376e-05,77600.8984375,-0.04268111288547516,77600.9140625,0.688406765460968,0.009167677722871304,1.3388932943344116,0.0
2364.1964501622238,-352.8854378646586,1277.5522121811912,100.0,56,5600,False,7173600,71736,1281,73b03aedc11d4733ad70480dfb5e4900,2020-03-24_10-55-04,1585047304,10.551703214645386,13574.935724258423,2887,eclipse,137.195.211.213,13574.935724258423,7173600,1281,28,28696714,0.0,0.0,0.0,12.291345463260292,0.9907627944350679,1.464771395999157,7050624,7173600,3346.101,5.215,7222.356,16.454,2.278125047683716,4.999999873689376e-05,63241.546875,-0.049502916634082794,63241.57421875,0.7466142177581787,0.011554384604096413,1.2008912563323975,0.0
2449.4290197386613,-418.82681908868176,1377.589684965173,100.0,56,5600,False,7179200,71792,1282,73b03aedc11d4733ad70480dfb5e4900,2020-03-24_10-55-15,1585047315,10.330148220062256,13585.265872478485,2887,eclipse,137.195.211.213,13585.265872478485,7179200,1282,28,28696714,0.0,0.0,0.0,12.291857831948478,0.9907719601464493,1.4647803488917202,7056128,7179200,3342.115,5.298,7182.765,17.014,2.278125047683716,4.999999873689376e-05,72316.7421875,-0.04797983542084694,72316.7578125,0.7121472358703613,0.008997531607747078,1.5931015014648438,0.0
2449.4290197386613,-418.82681908868176,1336.1775192628975,100.0,56,5600,False,7184800,71848,1283,73b03aedc11d4733ad70480dfb5e4900,2020-03-24_10-55-25,1585047325,10.421994924545288,13595.68786740303,2887,eclipse,137.195.211.213,13595.68786740303,7184800,1283,28,28696714,0.0,0.0,0.0,12.29236045363431,0.9907804145465535,1.4648192546716063,7061632,7184800,3355.63,5.542,7146.145,16.654,2.278125047683716,4.999999873689376e-05,61827.5703125,-0.04758533835411072,61827.59375,0.7799858450889587,0.010608275420963764,1.3331689834594727,0.0
2323.082370205178,-323.50441039657386,1206.5644266060986,100.0,56,5600,False,7190400,71904,1284,73b03aedc11d4733ad70480dfb5e4900,2020-03-24_10-55-36,1585047336,10.462340116500854,13606.150207519531,2887,eclipse,137.195.211.213,13606.150207519531,7190400,1284,28,28696714,0.0,0.0,0.0,12.292718841548687,0.9907894331353648,1.4648625042967283,7067136,7190400,3349.343,5.491,7131.786,16.427,2.278125047683716,4.999999873689376e-05,73660.6171875,-0.04267791658639908,73660.6328125,0.6805686354637146,0.011195572093129158,1.1295497417449951,0.0
2388.03865189417,-321.3692628637542,1292.7172316248864,100.0,56,5600,False,7196000,71960,1285,73b03aedc11d4733ad70480dfb5e4900,2020-03-24_10-55-46,1585047346,10.3770170211792,13616.52722454071,2887,eclipse,137.195.211.213,13616.52722454071,7196000,1285,28,28696714,0.0,0.0,0.0,12.293270559995918,0.9907990875052599,1.464909280065543,7072640,7196000,3351.835,5.181,7097.829,15.641,2.278125047683716,4.999999873689376e-05,69823.90625,-0.045121077448129654,69823.921875,0.6572231650352478,0.009620037861168385,1.281165599822998,0.0
2388.03865189417,-321.3692628637542,1261.7692697109749,100.0,56,5600,False,7201600,72016,1286,73b03aedc11d4733ad70480dfb5e4900,2020-03-24_10-55-57,1585047357,10.837215185165405,13627.364439725876,2887,eclipse,137.195.211.213,13627.364439725876,7201600,1286,28,28696714,0.0,0.0,0.0,12.294068965034455,0.9908208835517263,1.465013488172691,7078144,7201600,3360.375,5.224,7095.144,16.2,2.278125047683716,4.999999873689376e-05,71361.5078125,-0.044842448085546494,71361.5234375,0.6944499611854553,0.01205267570912838,1.2613749504089355,0.0
2301.4611846067805,-50.06413335784981,1253.1670306339374,100.0,56,5600,False,7207200,72072,1287,73b03aedc11d4733ad70480dfb5e4900,2020-03-24_10-56-08,1585047368,10.606948614120483,13637.971388339996,2887,eclipse,137.195.211.213,13637.971388339996,7207200,1287,28,28696714,0.0,0.0,0.0,12.294635838921877,0.9908299857861845,1.4650648013580752,7083648,7207200,3369.86,5.125,7095.078,16.411,2.278125047683716,4.999999873689376e-05,46719.0625,-0.043273963034152985,46719.0859375,0.7890819311141968,0.010759043507277966,1.3360846042633057,0.0
2301.4611846067805,-49.68356147591203,1208.7291944923336,100.0,56,5600,False,7212800,72128,1288,73b03aedc11d4733ad70480dfb5e4900,2020-03-24_10-56-18,1585047378,10.53989553451538,13648.511283874512,2887,eclipse,137.195.211.213,13648.511283874512,7212800,1288,28,28696714,0.0,0.0,0.0,12.294876868251974,0.9908253013683427,1.4650388410405213,7089152,7212800,3365.73,5.383,7092.647,16.435,2.278125047683716,4.999999873689376e-05,75493.2578125,-0.04332415759563446,75493.28125,0.6937903761863708,0.010848728939890862,1.3026301860809326,0.0
2570.365559352902,-49.68356147591203,1313.3143996048302,100.0,56,5600,False,7218400,72184,1289,73b03aedc11d4733ad70480dfb5e4900,2020-03-24_10-56-29,1585047389,10.651918172836304,13659.163202047348,2887,eclipse,137.195.211.213,13659.163202047348,7218400,1289,28,28696714,0.0,0.0,0.0,12.295262509763955,0.9908099148837047,1.4650173086474363,7094656,7218400,3362.937,5.411,7088.099,16.706,2.278125047683716,4.999999873689376e-05,62154.14453125,-0.04781147092580795,62154.17578125,0.743098258972168,0.01065162941813469,1.1993083953857422,0.0
2363.458695487877,-54.573011535788694,1203.6810984493663,100.0,56,5600,False,7224000,72240,1290,73b03aedc11d4733ad70480dfb5e4900,2020-03-24_10-56-39,1585047399,10.644476652145386,13669.807678699493,2887,eclipse,137.195.211.213,13669.807678699493,7224000,1290,28,28696714,0.0,0.0,0.0,12.295513000388802,0.9907991420185326,1.4649983304348266,7100160,7224000,3358.843,5.345,7095.378,16.883,2.278125047683716,4.999999873689376e-05,69641.421875,-0.04160736873745918,69641.4453125,0.7159214615821838,0.009654916822910309,1.2384816408157349,0.0
2456.631780340776,-522.4944061376422,1208.7864406615656,100.0,56,5600,False,7229600,72296,1291,73b03aedc11d4733ad70480dfb5e4900,2020-03-24_10-56-50,1585047410,10.750713586807251,13680.5583922863,2887,eclipse,137.195.211.213,13680.5583922863,7229600,1291,28,28696714,0.0,0.0,0.0,12.29583057376178,0.9907926166032075,1.4649914689605645,7105664,7229600,3372.507,5.525,7102.563,17.376,2.278125047683716,4.999999873689376e-05,73622.78125,-0.04211873561143875,73622.796875,0.6940723061561584,0.01007645484060049,1.2970679998397827,0.0
2456.631780340776,-522.4944061376422,1244.2566248259945,100.0,56,5600,False,7235200,72352,1292,73b03aedc11d4733ad70480dfb5e4900,2020-03-24_10-57-01,1585047421,10.583747625350952,13691.142139911652,2887,eclipse,137.195.211.213,13691.142139911652,7235200,1292,28,28696714,0.0,0.0,0.0,12.296175386472255,0.9907968324502003,1.4649799107747623,7111168,7235200,3359.043,5.517,7140.439,17.478,2.278125047683716,4.999999873689376e-05,45323.34375,-0.0485864020884037,45323.3671875,0.7614940404891968,0.01066297385841608,1.2031301259994507,0.0
2322.1041617117885,-545.7026693281731,1203.317791248046,100.0,56,5600,False,7240800,72408,1293,73b03aedc11d4733ad70480dfb5e4900,2020-03-24_10-57-12,1585047432,10.781800985336304,13701.923940896988,2887,eclipse,137.195.211.213,13701.923940896988,7240800,1293,28,28696714,0.0,0.0,0.0,12.29647630991123,0.9908005956607113,1.4649663815462015,7116672,7240800,3357.448,5.159,7174.034,18.453,2.278125047683716,4.999999873689376e-05,75241.5,-0.04342823848128319,75241.5234375,0.7073087096214294,0.008995971642434597,1.2686821222305298,0.0
2355.0265332085564,-545.7026693281731,1291.201171086024,100.0,56,5600,False,7246400,72464,1294,73b03aedc11d4733ad70480dfb5e4900,2020-03-24_10-57-22,1585047442,10.662437677383423,13712.586378574371,2887,eclipse,137.195.211.213,13712.586378574371,7246400,1294,28,28696714,0.01,0.0,1.0,12.296800558035443,0.9907950991249891,1.4649516952578767,7122176,7246400,3363.588,5.253,7185.146,18.815,2.278125047683716,4.999999873689376e-05,56103.12890625,-0.043702345341444016,56103.14453125,0.7790400385856628,0.009980692528188229,1.3688873052597046,0.0
2355.0265332085564,-54.26581302180591,1330.1736928034672,100.0,56,5600,False,7252000,72520,1295,73b03aedc11d4733ad70480dfb5e4900,2020-03-24_10-57-33,1585047453,10.621788501739502,13723.20816707611,2887,eclipse,137.195.211.213,13723.20816707611,7252000,1295,28,28696714,0.01,0.0,1.0,12.297178964471671,0.9907862761480268,1.4649332088253402,7127680,7252000,3358.81,5.771,7214.667,19.592,2.278125047683716,4.999999873689376e-05,52288.48828125,-0.04591205343604088,52288.50390625,0.7883799076080322,0.013409548439085484,1.3457213640213013,0.0
2339.9315915167613,-54.26581302180591,1328.5637015606358,100.0,56,5600,False,7257600,72576,1296,73b03aedc11d4733ad70480dfb5e4900,2020-03-24_10-57-44,1585047464,10.726486444473267,13733.934653520584,2887,eclipse,137.195.211.213,13733.934653520584,7257600,1296,28,28696714,0.0,0.0,0.0,12.297546465855522,0.9907868012349975,1.4649165375433597,7133184,7257600,3346.948,5.748,7216.369,19.318,2.278125047683716,4.999999873689376e-05,37700.2265625,-0.04566038027405739,37700.24609375,0.8410993814468384,0.010098486207425594,1.3371847867965698,0.0
2322.4698235626593,-234.93907733484323,1312.7684974832657,100.0,56,5600,False,7263200,72632,1297,73b03aedc11d4733ad70480dfb5e4900,2020-03-24_10-57-55,1585047475,10.629676342010498,13744.564329862595,2887,eclipse,137.195.211.213,13744.564329862595,7263200,1297,28,28696714,0.0,0.0,0.0,12.29794521403274,0.9907777549253924,1.4648976872718062,7138688,7263200,3348.253,5.719,7216.99,19.4,2.278125047683716,4.999999873689376e-05,74423.828125,-0.05059707537293434,74423.859375,0.7003301382064819,0.010799694806337357,1.19371497631073,0.0
2309.5581367357695,-179.7070478625081,1180.9269180538881,100.0,56,5600,False,7268800,72688,1298,73b03aedc11d4733ad70480dfb5e4900,2020-03-24_10-58-05,1585047485,10.712013483047485,13755.276343345642,2887,eclipse,137.195.211.213,13755.276343345642,7268800,1298,28,28696714,0.0,0.0,0.0,12.298172288607384,0.9907687350423714,1.4648794685969104,7144192,7268800,3356.366,5.739,7224.012,19.175,2.278125047683716,4.999999873689376e-05,74590.03125,-0.04273073002696037,74590.0546875,0.686151921749115,0.010582288727164268,1.0687634944915771,0.0
2309.5581367357695,-179.7070478625081,1165.3755635690181,100.0,56,5600,False,7274400,72744,1299,73b03aedc11d4733ad70480dfb5e4900,2020-03-24_10-58-16,1585047496,10.686635494232178,13765.962978839874,2887,eclipse,137.195.211.213,13765.962978839874,7274400,1299,28,28696714,0.0,0.0,0.0,12.298339266938243,0.9907667972849756,1.4648640441617553,7149696,7274400,3356.633,6.024,7226.94,19.057,2.278125047683716,4.999999873689376e-05,60841.6796875,-0.043969180434942245,60841.7109375,0.770271360874176,0.009499713778495789,1.3754050731658936,0.0
2295.6803219947906,-54.4074773253776,1199.7296263324706,100.0,56,5600,False,7280000,72800,1300,73b03aedc11d4733ad70480dfb5e4900,2020-03-24_10-58-27,1585047507,10.54119610786438,13776.504174947739,2887,eclipse,137.195.211.213,13776.504174947739,7280000,1300,28,28696714,0.0,0.0,0.0,12.29853630599183,0.990764046393522,1.46484899427404,7155200,7280000,3355.874,6.019,7216.314,18.711,2.278125047683716,4.999999873689376e-05,70708.875,-0.04140932857990265,70708.890625,0.7308537364006042,0.012150684371590614,1.2328555583953857,0.0
2331.0150317139824,-54.4074773253776,1225.755497446722,100.0,56,5600,False,7285600,72856,1301,73b03aedc11d4733ad70480dfb5e4900,2020-03-24_10-58-37,1585047517,10.610809803009033,13787.114984750748,2887,eclipse,137.195.211.213,13787.114984750748,7285600,1301,28,28696714,0.0,0.0,0.0,12.29879269691235,0.9907636688642393,1.4648241989488577,7160704,7285600,3346.281,5.72,7210.459,18.68,2.278125047683716,4.999999873689376e-05,54826.53515625,-0.0508682020008564,54826.5703125,0.7778812050819397,0.009023606777191162,1.254234790802002,0.0
2365.981874829402,-50.01259602030351,1347.004813544796,100.0,56,5600,False,7291200,72912,1302,73b03aedc11d4733ad70480dfb5e4900,2020-03-24_10-58-48,1585047528,10.633155822753906,13797.748140573502,2887,eclipse,137.195.211.213,13797.748140573502,7291200,1302,28,28696714,0.0,0.0,0.0,12.299194727268873,0.9907620973408058,1.4647999700977306,7166208,7291200,3351.76,5.702,7207.489,18.585,2.278125047683716,4.999999873689376e-05,49768.82421875,-0.04628428816795349,49768.84375,0.8085822463035583,0.010100152343511581,1.1359957456588745,0.0
2365.981874829402,-307.88939609579216,1310.7370592639463,100.0,56,5600,False,7296800,72968,1303,73b03aedc11d4733ad70480dfb5e4900,2020-03-24_10-58-59,1585047539,10.662663459777832,13808.41080403328,2887,eclipse,137.195.211.213,13808.41080403328,7296800,1303,28,28696714,0.01,0.0,1.0,12.2995352929273,0.9907553978382552,1.4647897538426957,7171712,7296800,3340.192,6.16,7209.76,18.621,2.278125047683716,4.999999873689376e-05,81720.4375,-0.04590949788689613,81720.4609375,0.653965950012207,0.009720743633806705,1.292375087738037,0.0
2400.9350313786395,-457.3612884667439,1285.3234829166277,100.0,56,5600,False,7302400,73024,1304,73b03aedc11d4733ad70480dfb5e4900,2020-03-24_10-59-09,1585047549,10.602406024932861,13819.013210058212,2887,eclipse,137.195.211.213,13819.013210058212,7302400,1304,28,28696714,0.01,0.0,1.0,12.299833769813873,0.9907533011746112,1.4647699947185162,7177216,7302400,3330.924,6.056,7214.721,18.705,2.278125047683716,4.999999873689376e-05,61700.7109375,-0.04164005443453789,61700.71484375,0.7488663196563721,0.010648178867995739,1.3451054096221924,0.0
2369.405194421251,-457.3612884667439,1315.2478143354574,100.0,56,5600,False,7308000,73080,1305,73b03aedc11d4733ad70480dfb5e4900,2020-03-24_10-59-20,1585047560,10.633662939071655,13829.646872997284,2887,eclipse,137.195.211.213,13829.646872997284,7308000,1305,28,28696714,0.0,0.0,0.0,12.300171448837073,0.9907657712831798,1.4647436068069875,7182720,7308000,3329.15,5.771,7218.265,17.977,2.278125047683716,4.999999873689376e-05,52118.9609375,-0.043240807950496674,52118.9765625,0.7932746410369873,0.009783833287656307,1.4449937343597412,0.0
2322.6306116682204,-365.9419791720677,1295.3257991292098,100.0,56,5600,False,7313600,73136,1306,73b03aedc11d4733ad70480dfb5e4900,2020-03-24_10-59-31,1585047571,10.663010120391846,13840.309883117676,2887,eclipse,137.195.211.213,13840.309883117676,7313600,1306,28,28696714,0.0,0.0,0.0,12.300537311847837,0.990771683831086,1.4647300869432007,7188224,7313600,3319.165,5.732,7222.092,18.517,2.278125047683716,4.999999873689376e-05,51370.359375,-0.04605661332607269,51370.390625,0.7887226343154907,0.009537349455058575,1.1748461723327637,0.0
2356.435439751355,-43.797468472705745,1209.6756255649818,100.0,56,5600,False,7319200,73192,1307,73b03aedc11d4733ad70480dfb5e4900,2020-03-24_10-59-41,1585047581,10.525439977645874,13850.835323095322,2887,eclipse,137.195.211.213,13850.835323095322,7319200,1307,28,28696714,0.0,0.0,0.0,12.30079445908078,0.9907623148887074,1.464717054189216,7193728,7319200,3309.043,5.898,7221.862,18.513,2.278125047683716,4.999999873689376e-05,64117.1171875,-0.04452035203576088,64117.140625,0.7505276799201965,0.009844981133937836,0.9428883790969849,0.0
2423.604450071917,-399.29057380322115,1290.8854479489792,100.0,56,5600,False,7324800,73248,1308,73b03aedc11d4733ad70480dfb5e4900,2020-03-24_10-59-52,1585047592,10.641703367233276,13861.477026462555,2887,eclipse,137.195.211.213,13861.477026462555,7324800,1308,28,28696714,0.0,0.0,0.0,12.301107734408124,0.9907543936434903,1.4647009133933875,7199232,7324800,3309.013,5.894,7215.455,18.792,2.278125047683716,4.999999873689376e-05,60075.16796875,-0.049322351813316345,60075.1796875,0.7765821218490601,0.010203739628195763,1.2915935516357422,0.0
2423.604450071917,-47.70726198722019,1381.8420725530843,100.0,56,5600,False,7330400,73304,1309,73b03aedc11d4733ad70480dfb5e4900,2020-03-24_11-00-02,1585047602,10.47061014175415,13871.947636604309,2887,eclipse,137.195.211.213,13871.947636604309,7330400,1309,28,28696714,0.0,0.0,0.0,12.301536107890053,0.990749549815536,1.4646808374919758,7204736,7330400,3305.451,5.754,7197.137,18.987,2.278125047683716,4.999999873689376e-05,62929.859375,-0.042691562324762344,62929.87109375,0.6942741274833679,0.012202381156384945,1.0960263013839722,0.0
2362.082585336881,-330.7149975937587,1292.8558891987896,100.0,56,5600,False,7336000,73360,1310,73b03aedc11d4733ad70480dfb5e4900,2020-03-24_11-00-13,1585047613,10.251137256622314,13882.198773860931,2887,eclipse,137.195.211.213,13882.198773860931,7336000,1310,28,28696714,0.0,0.0,0.0,12.301949589993415,0.9907555771686698,1.4646803550849714,7210240,7336000,3309.997,5.737,7165.198,19.172,2.278125047683716,4.999999873689376e-05,64889.09375,-0.04499801993370056,64889.1171875,0.7562448978424072,0.011760865338146687,1.046462059020996,0.0
2362.082585336881,-330.7149975937587,1366.2870854548755,100.0,56,5600,False,7341600,73416,1311,73b03aedc11d4733ad70480dfb5e4900,2020-03-24_11-00-23,1585047623,10.390564441680908,13892.589338302612,2887,eclipse,137.195.211.213,13892.589338302612,7341600,1311,28,28696714,0.0,0.0,0.0,12.302563343420882,0.9907666972068817,1.464723797768332,7215744,7341600,3323.163,5.995,7130.827,19.216,2.278125047683716,4.999999873689376e-05,62158.49609375,-0.04163298383355141,62158.51171875,0.7192350029945374,0.008963467553257942,1.137043833732605,0.0
2295.0967217212487,-48.0137318292668,1291.1699236504176,100.0,56,5600,False,7347200,73472,1312,73b03aedc11d4733ad70480dfb5e4900,2020-03-24_11-00-34,1585047634,10.56619906425476,13903.155537366867,2887,eclipse,137.195.211.213,13903.155537366867,7347200,1312,28,28696714,0.0,0.0,0.0,12.303094607364056,0.9907742967269244,1.4647701209213069,7221248,7347200,3334.51,5.993,7115.761,18.672,2.278125047683716,4.999999873689376e-05,53836.8671875,-0.04235627502202988,53836.890625,0.7749330401420593,0.010060485452413559,1.3743906021118164,0.0
2295.0967217212487,-533.8566406779432,1249.8087741013026,100.0,56,5600,False,7352800,73528,1313,73b03aedc11d4733ad70480dfb5e4900,2020-03-24_11-00-44,1585047644,10.353130578994751,13913.508667945862,2887,eclipse,137.195.211.213,13913.508667945862,7352800,1313,28,28696714,0.0,0.0,0.0,12.303666708126864,0.9907830492971778,1.4648126071559302,7226752,7352800,3353.165,5.729,7066.05,18.294,2.278125047683716,4.999999873689376e-05,62351.78515625,-0.04255376756191254,62351.80859375,0.7300736308097839,0.010106855072081089,1.4135359525680542,0.0
2367.535767414196,-533.8566406779432,1330.09181516331,100.0,56,5600,False,7358400,73584,1314,73b03aedc11d4733ad70480dfb5e4900,2020-03-24_11-00-55,1585047655,10.803896427154541,13924.312564373016,2887,eclipse,137.195.211.213,13924.312564373016,7358400,1314,28,28696714,0.0,0.0,0.0,12.304367221061216,0.9907925787982583,1.4648633407277891,7232256,7358400,3364.858,5.553,7074.247,18.135,2.278125047683716,4.999999873689376e-05,45841.671875,-0.04109758883714676,45841.6875,0.7910299301147461,0.011632317677140236,1.1691625118255615,0.0
2367.535767414196,-66.94495368821119,1349.8309604205017,100.0,56,5600,False,7364000,73640,1315,73b03aedc11d4733ad70480dfb5e4900,2020-03-24_11-01-06,1585047666,10.629498481750488,13934.942062854767,2887,eclipse,137.195.211.213,13934.942062854767,7364000,1315,28,28696714,0.0,0.0,0.0,12.30487664797417,0.9907923887754356,1.464880747824327,7237760,7364000,3363.862,5.734,7074.022,18.476,2.278125047683716,4.999999873689376e-05,48447.953125,-0.04737142473459244,48447.9765625,0.8112007975578308,0.009319293312728405,1.409459114074707,0.0
2378.227010398873,-66.94495368821119,1274.6848194360766,100.0,56,5600,False,7369600,73696,1316,73b03aedc11d4733ad70480dfb5e4900,2020-03-24_11-01-16,1585047676,10.594539642333984,13945.5366024971,2887,eclipse,137.195.211.213,13945.5366024971,7369600,1316,28,28696714,0.0,0.0,0.0,12.30516854972795,0.9907877203546818,1.4648656662272885,7243264,7369600,3366.244,5.763,7066.686,17.366,2.278125047683716,4.999999873689376e-05,72338.9921875,-0.04791713133454323,72339.0078125,0.6751067638397217,0.011047419160604477,1.168731451034546,0.0
2378.227010398873,-265.42435480990645,1234.1393320247298,100.0,56,5600,False,7375200,73752,1317,73b03aedc11d4733ad70480dfb5e4900,2020-03-24_11-01-27,1585047687,10.657831192016602,13956.194433689117,2887,eclipse,137.195.211.213,13956.194433689117,7375200,1317,28,28696714,0.0,0.0,0.0,12.305484038786412,0.9907736919325297,1.4648443064272902,7248768,7375200,3376.608,5.735,7069.619,16.807,2.278125047683716,4.999999873689376e-05,52028.46484375,-0.043118786066770554,52028.48828125,0.7700380086898804,0.009222272783517838,1.2375954389572144,0.0
2365.392712160504,-48.402439365761055,1219.5396158172089,100.0,56,5600,False,7380800,73808,1318,73b03aedc11d4733ad70480dfb5e4900,2020-03-24_11-01-38,1585047698,10.627426147460938,13966.821859836578,2887,eclipse,137.195.211.213,13966.821859836578,7380800,1318,28,28696714,0.0,0.0,0.0,12.305830602183953,0.9907610727491948,1.4648358500147822,7254272,7380800,3376.981,5.684,7068.248,16.972,2.278125047683716,4.999999873689376e-05,53229.734375,-0.04324553161859512,53229.74609375,0.7683477997779846,0.011935319751501083,1.0497409105300903,0.0
2400.2474060356353,-198.71258192547967,1299.1302658657735,100.0,56,5600,False,7386400,73864,1319,73b03aedc11d4733ad70480dfb5e4900,2020-03-24_11-01-48,1585047708,10.532764673233032,13977.354624509811,2887,eclipse,137.195.211.213,13977.354624509811,7386400,1319,28,28696714,0.0,0.0,0.0,12.30621974050067,0.9907725039671553,1.464823472230289,7259776,7386400,3375.555,5.492,7077.107,15.841,2.278125047683716,4.999999873689376e-05,44662.4375,-0.04094642028212547,44662.44921875,0.8224914073944092,0.01161839347332716,1.2478286027908325,0.0
2400.2474060356353,-198.71258192547967,1237.1598481395224,100.0,56,5600,False,7392000,73920,1320,73b03aedc11d4733ad70480dfb5e4900,2020-03-24_11-01-59,1585047719,10.705440759658813,13988.06006526947,2887,eclipse,137.195.211.213,13988.06006526947,7392000,1320,28,28696714,0.0,0.0,0.0,12.306482340182692,0.990788881462739,1.464807642873889,7265280,7392000,3371.275,5.229,7124.768,16.247,2.278125047683716,4.999999873689376e-05,62012.5625,-0.048702649772167206,62012.59765625,0.721289873123169,0.012112215161323547,0.8809950947761536,0.0
2289.993291905178,-43.83039670315468,1134.0590060856684,100.0,56,5600,False,7397600,73976,1321,73b03aedc11d4733ad70480dfb5e4900,2020-03-24_11-02-10,1585047730,10.57967209815979,13998.63973736763,2887,eclipse,137.195.211.213,13998.63973736763,7397600,1321,28,28696714,0.0,0.0,0.0,12.306579913609207,0.9907860813904545,1.464795082382681,7270784,7397600,3353.52,5.362,7160.924,16.383,2.278125047683716,4.999999873689376e-05,72627.7421875,-0.05169853940606117,72627.7734375,0.6789883375167847,0.010699557140469551,0.9772613048553467,0.0
2353.7791848615334,-514.3767027830143,1287.925225429642,100.0,56,5600,False,7403200,74032,1322,73b03aedc11d4733ad70480dfb5e4900,2020-03-24_11-02-20,1585047740,10.66495656967163,14009.304693937302,2887,eclipse,137.195.211.213,14009.304693937302,7403200,1322,28,28696714,0.0,0.0,0.0,12.306884530775015,0.9907870771848682,1.4647757746840206,7276288,7403200,3344.862,5.324,7178.536,16.798,2.278125047683716,4.999999873689376e-05,65942.5859375,-0.040482569485902786,65942.6015625,0.7281757593154907,0.009423858486115932,1.2954246997833252,0.0
2401.6449211111662,-514.3767027830143,1306.1955474429335,100.0,56,5600,False,7408800,74088,1323,73b03aedc11d4733ad70480dfb5e4900,2020-03-24_11-02-31,1585047751,10.539306402206421,14019.844000339508,2887,eclipse,137.195.211.213,14019.844000339508,7408800,1323,28,28696714,0.0,0.0,0.0,12.307275156941559,0.9907938014911185,1.4647607853719353,7281792,7408800,3323.962,5.135,7219.359,17.013,2.278125047683716,4.999999873689376e-05,52385.49609375,-0.0475962832570076,52385.51171875,0.7858405113220215,0.011149099096655846,1.1995056867599487,0.0
2401.6449211111662,-317.21483238874964,1214.0134570643445,100.0,56,5600,False,7414400,74144,1324,73b03aedc11d4733ad70480dfb5e4900,2020-03-24_11-02-42,1585047762,10.694431781768799,14030.538432121277,2887,eclipse,137.195.211.213,14030.538432121277,7414400,1324,28,28696714,0.0,0.0,0.0,12.307485026417057,0.9907938306751535,1.4647562526056854,7287296,7414400,3321.166,5.276,7211.459,16.7,2.278125047683716,4.999999873689376e-05,75795.828125,-0.045299842953681946,75795.859375,0.6832510232925415,0.00974255707114935,1.046412706375122,0.0
2348.9452968361375,-317.21483238874964,1256.6584578848378,100.0,56,5600,False,7420000,74200,1325,73b03aedc11d4733ad70480dfb5e4900,2020-03-24_11-02-52,1585047772,10.660258293151855,14041.198690414429,2887,eclipse,137.195.211.213,14041.198690414429,7420000,1325,28,28696714,0.0,0.0,0.0,12.307799196090668,0.9907886499757736,1.4647392743355163,7292800,7420000,3322.08,5.121,7213.022,17.224,2.278125047683716,4.999999873689376e-05,63831.09765625,-0.03668935224413872,63831.1171875,0.7188621163368225,0.010950715281069279,1.1674723625183105,0.0
2483.1107424715447,-44.52839446987528,1376.1921436331118,100.0,56,5600,False,7425600,74256,1326,73b03aedc11d4733ad70480dfb5e4900,2020-03-24_11-03-03,1585047783,10.72651743888855,14051.925207853317,2887,eclipse,137.195.211.213,14051.925207853317,7425600,1326,28,28696714,0.0,0.0,0.0,12.308256404094966,0.9907878680088663,1.4647219939565372,7298304,7425600,3322.021,5.059,7223.532,17.927,2.278125047683716,4.999999873689376e-05,44251.99609375,-0.04668264091014862,44252.0234375,0.8145036697387695,0.00946600828319788,1.2521169185638428,0.0
2483.1107424715447,-44.52839446987528,1353.2595991989285,100.0,56,5600,False,7431200,74312,1327,73b03aedc11d4733ad70480dfb5e4900,2020-03-24_11-03-14,1585047794,10.577351808547974,14062.502559661865,2887,eclipse,137.195.211.213,14062.502559661865,7431200,1327,28,28696714,0.0,0.0,0.0,12.308664849892645,0.9907958070947562,1.464709700135573,7303808,7431200,3319.063,4.965,7219.263,18.623,2.278125047683716,4.999999873689376e-05,64430.94921875,-0.04781879857182503,64430.96484375,0.6957899332046509,0.011551731266081333,1.1301947832107544,0.0
2362.6657337213824,-43.70827368988556,1300.5385407981396,100.0,56,5600,False,7436800,74368,1328,73b03aedc11d4733ad70480dfb5e4900,2020-03-24_11-03-24,1585047804,10.695961475372314,14073.198521137238,2887,eclipse,137.195.211.213,14073.198521137238,7436800,1328,28,28696714,0.0,0.0,0.0,12.309056467865716,0.9907912681580846,1.4646919027400862,7309312,7436800,3325.488,4.903,7220.325,18.687,2.278125047683716,4.999999873689376e-05,70127.6640625,-0.04659878462553024,70127.6875,0.6690400838851929,0.010633614845573902,1.1485018730163574,0.0
2351.771915788759,-53.93863653172056,1237.5486413957483,100.0,56,5600,False,7442400,74424,1329,73b03aedc11d4733ad70480dfb5e4900,2020-03-24_11-03-35,1585047815,10.685823202133179,14083.88434433937,2887,eclipse,137.195.211.213,14083.88434433937,7442400,1329,28,28696714,0.0,0.0,0.0,12.309360024431529,0.990786084151192,1.4646850951362298,7314816,7442400,3329.822,5.174,7229.239,19.557,2.278125047683716,4.999999873689376e-05,70941.328125,-0.04625944048166275,70941.375,0.6681587100028992,0.010630485601723194,1.2000197172164917,0.0
2404.8479673405077,-53.93863653172056,1286.2473809237479,100.0,56,5600,False,7448000,74480,1330,73b03aedc11d4733ad70480dfb5e4900,2020-03-24_11-03-46,1585047826,10.6935293674469,14094.577873706818,2887,eclipse,137.195.211.213,14094.577873706818,7448000,1330,28,28696714,0.0,0.0,0.0,12.309701407273746,0.9907934314419578,1.4646762067456478,7320320,7448000,3338.384,5.525,7220.222,18.662,2.278125047683716,4.999999873689376e-05,64794.8828125,-0.04479062929749489,64794.9140625,0.7498276233673096,0.009729069657623768,1.402986764907837,0.0
2404.8479673405077,-50.24064852093666,1324.857497131483,100.0,56,5600,False,7453600,74536,1331,73b03aedc11d4733ad70480dfb5e4900,2020-03-24_11-03-57,1585047837,10.632296323776245,14105.210170030594,2887,eclipse,137.195.211.213,14105.210170030594,7453600,1331,28,28696714,0.0,0.0,0.0,12.310177117917892,0.9907983050404936,1.4646578027435584,7325824,7453600,3343.693,5.396,7220.913,17.767,2.278125047683716,4.999999873689376e-05,48696.62890625,-0.04558050259947777,48696.65234375,0.7440564632415771,0.010101663880050182,1.200513482093811,0.0
2335.806066629487,-44.63287578694162,1250.9758022840856,100.0,56,5600,False,7459200,74592,1332,73b03aedc11d4733ad70480dfb5e4900,2020-03-24_11-04-07,1585047847,10.600887775421143,14115.811057806015,2887,eclipse,137.195.211.213,14115.811057806015,7459200,1332,28,28696714,0.0,0.0,0.0,12.310565475727516,0.9907941084216652,1.4646380734182802,7331328,7459200,3336.13,5.384,7221.392,17.921,2.278125047683716,4.999999873689376e-05,49461.73828125,-0.045746099203825,49461.75390625,0.7664398550987244,0.009700405411422253,1.086128830909729,0.0
2301.955050901764,-57.60132417951023,1218.6472935275979,100.0,56,5600,False,7464800,74648,1333,73b03aedc11d4733ad70480dfb5e4900,2020-03-24_11-04-18,1585047858,10.689435958862305,14126.500493764877,2887,eclipse,137.195.211.213,14126.500493764877,7464800,1333,28,28696714,0.0,0.0,0.0,12.310821624485543,0.9907912319954935,1.4646269191020678,7336832,7464800,3338.727,5.772,7231.233,18.32,2.278125047683716,4.999999873689376e-05,54056.9140625,-0.048089075833559036,54056.9375,0.7560060024261475,0.011552372016012669,1.2344088554382324,0.0
2402.5814586271094,-157.39606692266457,1270.1034702661293,100.0,56,5600,False,7470400,74704,1334,73b03aedc11d4733ad70480dfb5e4900,2020-03-24_11-04-29,1585047869,10.699092388153076,14137.19958615303,2887,eclipse,137.195.211.213,14137.19958615303,7470400,1334,28,28696714,0.0,0.0,0.0,12.311195983388906,0.9907852125945866,1.4646099314982473,7342336,7470400,3337.91,5.809,7232.08,18.183,2.278125047683716,4.999999873689376e-05,70959.1484375,-0.041161466389894485,70959.171875,0.6741682291030884,0.010632222518324852,1.1999608278274536,0.0
2289.461732422382,-43.71824366796322,1330.2250188960495,100.0,56,5600,False,7476000,74760,1335,73b03aedc11d4733ad70480dfb5e4900,2020-03-24_11-04-39,1585047879,10.838430643081665,14148.038016796112,2887,eclipse,137.195.211.213,14148.038016796112,7476000,1335,28,28696714,0.01,0.0,1.0,12.311714026056087,0.9907811938323076,1.4646026301084203,7347840,7476000,3356.0,5.804,7232.529,18.142,2.278125047683716,4.999999873689376e-05,62116.5390625,-0.04555091634392738,62116.5625,0.6659542918205261,0.009961113333702087,1.1424816846847534,0.0
2314.1602611095545,-43.71824366796322,1363.9365647344891,100.0,56,5600,False,7481600,74816,1336,73b03aedc11d4733ad70480dfb5e4900,2020-03-24_11-04-50,1585047890,10.742469072341919,14158.780485868454,2887,eclipse,137.195.211.213,14158.780485868454,7481600,1336,28,28696714,0.01,0.0,1.0,12.312131584917502,0.9907682986966161,1.4645833677892843,7353344,7481600,3362.212,5.834,7228.123,18.541,2.278125047683716,4.999999873689376e-05,61243.50390625,-0.04503035917878151,61243.52734375,0.7716721892356873,0.009304258972406387,1.3119744062423706,0.0
2414.2218134983646,-537.8203623955183,1341.660414215227,100.0,56,5600,False,7487200,74872,1337,73b03aedc11d4733ad70480dfb5e4900,2020-03-24_11-05-01,1585047901,10.692917108535767,14169.47340297699,2887,eclipse,137.195.211.213,14169.47340297699,7487200,1337,28,28696714,0.0,0.0,0.0,12.312419672774396,0.9907578096367624,1.464561515915945,7358848,7487200,3363.881,5.935,7237.577,18.229,2.278125047683716,4.999999873689376e-05,75158.5234375,-0.04697861149907112,75158.5546875,0.7329540252685547,0.010027941316366196,1.1909898519515991,0.0
2382.4459752288653,-537.8203623955183,1325.7806300853315,100.0,56,5600,False,7492800,74928,1338,73b03aedc11d4733ad70480dfb5e4900,2020-03-24_11-05-11,1585047911,10.28243088722229,14179.755833864212,2887,eclipse,137.195.211.213,14179.755833864212,7492800,1338,28,28696714,0.01,0.0,1.0,12.312729030974015,0.9907540204003417,1.4645435355431662,7364352,7492800,3352.37,6.208,7208.285,18.432,2.278125047683716,4.999999873689376e-05,48779.015625,-0.04552894085645676,48779.0390625,0.8006139993667603,0.010739123448729515,1.3004707098007202,0.0
2302.739102051884,-96.064959794434,1225.845120042672,100.0,56,5600,False,7498400,74984,1339,73b03aedc11d4733ad70480dfb5e4900,2020-03-24_11-05-22,1585047922,10.357726812362671,14190.113560676575,2887,eclipse,137.195.211.213,14190.113560676575,7498400,1339,28,28696714,0.01,0.0,1.0,12.313115950841906,0.9907587450523269,1.4645557981064719,7369856,7498400,3363.035,5.944,7168.191,17.636,2.278125047683716,4.999999873689376e-05,62419.09375,-0.041370656341314316,62419.09765625,0.7170088887214661,0.010982672683894634,1.1032806634902954,0.0
2289.5776412249033,-54.91614281730677,1148.2500956174379,100.0,56,5600,False,7504000,75040,1340,73b03aedc11d4733ad70480dfb5e4900,2020-03-24_11-05-32,1585047932,10.403417587280273,14200.516978263855,2887,eclipse,137.195.211.213,14200.516978263855,7504000,1340,28,28696714,0.0,0.0,0.0,12.313422634804592,0.9907684100551932,1.4645972347356389,7375360,7504000,3353.26,5.839,7145.977,18.415,2.278125047683716,4.999999873689376e-05,70269.8984375,-0.04030456766486168,70269.90625,0.718932569026947,0.011232881806790829,1.0804319381713867,0.0
2300.4866556095635,-54.91614281730677,1177.9592893988258,100.0,56,5600,False,7509600,75096,1341,73b03aedc11d4733ad70480dfb5e4900,2020-03-24_11-05-43,1585047943,10.5668363571167,14211.083814620972,2887,eclipse,137.195.211.213,14211.083814620972,7509600,1341,28,28696714,0.0,0.0,0.0,12.314036870492455,0.9907936225544057,1.4646944190208115,7380864,7509600,3385.128,5.933,7107.628,19.314,2.278125047683716,4.999999873689376e-05,50837.7265625,-0.04732239618897438,50837.75,0.7620166540145874,0.009931291453540325,1.1719290018081665,0.0
2294.0687973243676,-535.1846187362513,1280.369294852605,100.0,56,5600,False,7515200,75152,1342,73b03aedc11d4733ad70480dfb5e4900,2020-03-24_11-05-54,1585047954,10.67434048652649,14221.758155107498,2887,eclipse,137.195.211.213,14221.758155107498,7515200,1342,28,28696714,0.0,0.0,0.0,12.314702034758318,0.9908174449737015,1.4647715897851372,7386368,7515200,3394.631,6.001,7106.661,19.048,2.278125047683716,4.999999873689376e-05,94492.7421875,-0.041177257895469666,94492.7578125,0.6047391891479492,0.010908844880759716,1.2852940559387207,0.0
2294.0687973243676,-535.1846187362513,1293.1494630814907,100.0,56,5600,False,7520800,75208,1343,73b03aedc11d4733ad70480dfb5e4900,2020-03-24_11-06-04,1585047964,10.681105136871338,14232.43926024437,2887,eclipse,137.195.211.213,14232.43926024437,7520800,1343,28,28696714,0.0,0.0,0.0,12.315018531730482,0.9908218475693475,1.4647786695619447,7391872,7520800,3398.434,5.62,7103.567,18.095,2.278125047683716,4.999999873689376e-05,61249.6875,-0.045048028230667114,61249.703125,0.7630785703659058,0.01094513013958931,1.2277551889419556,0.0
2480.557109854444,-47.3906864976349,1344.7041200243264,100.0,56,5600,False,7526400,75264,1344,73b03aedc11d4733ad70480dfb5e4900,2020-03-24_11-06-15,1585047975,10.688363552093506,14243.127623796463,2887,eclipse,137.195.211.213,14243.127623796463,7526400,1344,28,28696714,0.01,0.0,1.0,12.315375701425005,0.9908226924797368,1.4647652928879784,7397376,7526400,3392.174,5.732,7108.911,18.269,2.278125047683716,4.999999873689376e-05,49828.85546875,-0.04927157238125801,49828.8828125,0.7580718994140625,0.009735309518873692,1.4878878593444824,0.0
2386.1174155021445,-48.71659288281676,1357.1047672400123,100.0,56,5600,False,7532000,75320,1345,73b03aedc11d4733ad70480dfb5e4900,2020-03-24_11-06-26,1585047986,10.588625192642212,14253.716248989105,2887,eclipse,137.195.211.213,14253.716248989105,7532000,1345,28,28696714,0.02,0.0,1.0,12.31584378748038,0.9908172097797929,1.464761015356337,7402880,7532000,3369.884,5.927,7104.856,18.068,2.278125047683716,4.999999873689376e-05,60715.3671875,-0.04427613317966461,60715.3828125,0.7255244851112366,0.012088810093700886,1.1022412776947021,0.0
2386.1174155021445,-48.71659288281676,1270.0096257398952,100.0,56,5600,False,7537600,75376,1346,73b03aedc11d4733ad70480dfb5e4900,2020-03-24_11-06-36,1585047996,10.558426856994629,14264.2746758461,2887,eclipse,137.195.211.213,14264.2746758461,7537600,1346,28,28696714,0.01,0.0,1.0,12.316183783218781,0.9908022614724462,1.464760965512425,7408384,7537600,3353.393,6.18,7102.548,18.267,2.278125047683716,4.999999873689376e-05,60137.75,-0.04243205115199089,60137.75390625,0.7386978268623352,0.01166464015841484,0.9455085396766663,0.0
2384.8544552892786,-50.28842623080674,1172.9582658405589,100.0,56,5600,False,7543200,75432,1347,73b03aedc11d4733ad70480dfb5e4900,2020-03-24_11-06-47,1585048007,11.096200466156006,14275.370876312256,2887,eclipse,137.195.211.213,14275.370876312256,7543200,1347,28,28696714,0.0,0.0,0.0,12.316777327051168,0.9908395120963087,1.4648559147634705,7413888,7543200,3399.628,5.921,7095.908,18.042,2.278125047683716,4.999999873689376e-05,53085.9609375,-0.04725072160363197,53085.98828125,0.7888311147689819,0.010123208165168762,1.1282322406768799,0.0
2384.8544552892786,-436.64013311177257,1256.6723956638189,100.0,56,5600,False,7548800,75488,1348,73b03aedc11d4733ad70480dfb5e4900,2020-03-24_11-06-59,1585048019,11.235803127288818,14286.606679439545,2887,eclipse,137.195.211.213,14286.606679439545,7548800,1348,28,28696714,0.0,0.0,0.0,12.317975010539808,0.9909262372514199,1.4651315949004577,7419392,7548800,3466.068,5.903,7125.032,17.786,2.278125047683716,4.999999873689376e-05,54715.1328125,-0.04733128473162651,54715.15625,0.7926072478294373,0.009243984706699848,1.220282793045044,0.0
2349.788099438807,-436.64013311177257,1214.4500769828421,100.0,56,5600,False,7554400,75544,1349,73b03aedc11d4733ad70480dfb5e4900,2020-03-24_11-07-09,1585048029,10.663188695907593,14297.269868135452,2887,eclipse,137.195.211.213,14297.269868135452,7554400,1349,28,28696714,0.0,0.0,0.0,12.31871085782805,0.990951362182405,1.4652937511660513,7424896,7554400,3457.161,5.9,7162.836,18.712,2.278125047683716,4.999999873689376e-05,50982.69921875,-0.04459267854690552,50982.72265625,0.8164387941360474,0.01004293467849493,1.233323335647583,0.0
2455.3639888720836,-264.1949327854262,1283.9083904766824,100.0,56,5600,False,7560000,75600,1350,73b03aedc11d4733ad70480dfb5e4900,2020-03-24_11-07-20,1585048040,10.696526527404785,14307.966394662857,2887,eclipse,137.195.211.213,14307.966394662857,7560000,1350,28,28696714,0.0,0.0,0.0,12.319028538325608,0.9909429470852027,1.4652824719372242,7430400,7560000,3459.815,5.919,7190.532,18.452,2.278125047683716,4.999999873689376e-05,65318.69921875,-0.04724706709384918,65318.72265625,0.6954885721206665,0.010153915733098984,1.1335419416427612,0.0
2455.3639888720836,-264.1949327854262,1291.9890320954146,100.0,56,5600,False,7565600,75656,1351,73b03aedc11d4733ad70480dfb5e4900,2020-03-24_11-07-31,1585048051,10.58282470703125,14318.549219369888,2887,eclipse,137.195.211.213,14318.549219369888,7565600,1351,28,28696714,0.0,0.0,0.0,12.319372466684609,0.9909353220456276,1.4652678791699965,7435904,7565600,3423.063,5.807,7227.226,18.137,2.278125047683716,4.999999873689376e-05,67216.8671875,-0.04991064965724945,67216.8984375,0.7284365892410278,0.00978861190378666,1.1789292097091675,0.0
2423.9428408186504,-226.35114118456383,1223.3681670776105,100.0,56,5600,False,7571200,75712,1352,73b03aedc11d4733ad70480dfb5e4900,2020-03-24_11-07-41,1585048061,10.619230031967163,14329.168449401855,2887,eclipse,137.195.211.213,14329.168449401855,7571200,1352,28,28696714,0.0,0.0,0.0,12.319664474448183,0.9909269101972175,1.4652480649831876,7441408,7571200,3415.313,5.754,7229.546,18.075,2.278125047683716,4.999999873689376e-05,68562.171875,-0.0423319935798645,68562.1953125,0.7105189561843872,0.00935249775648117,1.2427634000778198,0.0
2423.9428408186504,-342.4135883772639,1331.0827533996032,100.0,56,5600,False,7576800,75768,1353,73b03aedc11d4733ad70480dfb5e4900,2020-03-24_11-07-52,1585048072,10.638567209243774,14339.8070166111,2887,eclipse,137.195.211.213,14339.8070166111,7576800,1353,28,28696714,0.0,0.0,0.0,12.32009564086469,0.9909186861121662,1.4652350925476378,7446912,7576800,3414.967,6.0,7224.121,18.942,2.278125047683716,4.999999873689376e-05,86855.5625,-0.04936392977833748,86855.6015625,0.6393282413482666,0.009048396721482277,1.3652492761611938,0.0
2286.130562523971,-393.3946586486794,1258.7531925695473,100.0,56,5600,False,7582400,75824,1354,73b03aedc11d4733ad70480dfb5e4900,2020-03-24_11-08-03,1585048083,10.676036357879639,14350.483052968979,2887,eclipse,137.195.211.213,14350.483052968979,7582400,1354,28,28696714,0.0,0.0,0.0,12.320378467445293,0.9909197780422369,1.4652299470402692,7452416,7582400,3420.616,5.833,7216.84,18.546,2.278125047683716,4.999999873689376e-05,66896.4921875,-0.05061458423733711,66896.53125,0.756292998790741,0.009285266511142254,1.1909912824630737,0.0
2269.296115536082,-72.93649238867101,1335.846604004633,100.0,56,5600,False,7588000,75880,1355,73b03aedc11d4733ad70480dfb5e4900,2020-03-24_11-08-13,1585048093,10.629491090774536,14361.112544059753,2887,eclipse,137.195.211.213,14361.112544059753,7588000,1355,28,28696714,0.0,0.0,0.0,12.320919483955258,0.990934325375419,1.46523142555562,7457920,7588000,3431.649,5.409,7212.381,18.623,2.278125047683716,4.999999873689376e-05,56023.203125,-0.048849914222955704,56023.2265625,0.6869091987609863,0.010503700003027916,1.34968101978302,0.0
2280.7097320265407,-529.6526458424128,1340.2687518468817,100.0,56,5600,False,7593600,75936,1356,73b03aedc11d4733ad70480dfb5e4900,2020-03-24_11-08-24,1585048104,10.681337118148804,14371.793881177902,2887,eclipse,137.195.211.213,14371.793881177902,7593600,1356,28,28696714,0.0,0.0,0.0,12.321507376622623,0.9909366386763244,1.4652212890076464,7463424,7593600,3439.677,4.931,7216.727,17.987,2.278125047683716,4.999999873689376e-05,90819.6171875,-0.0487496480345726,90819.640625,0.5757046937942505,0.010670723393559456,1.1477500200271606,0.0
2280.7097320265407,-529.6526458424128,1326.1865585550072,100.0,56,5600,False,7599200,75992,1357,73b03aedc11d4733ad70480dfb5e4900,2020-03-24_11-08-35,1585048115,10.657897233963013,14382.451778411865,2887,eclipse,137.195.211.213,14382.451778411865,7599200,1357,28,28696714,0.0,0.0,0.0,12.32195594626513,0.9909399867085562,1.465198074569524,7468928,7599200,3392.288,5.318,7219.401,18.742,2.278125047683716,4.999999873689376e-05,49979.51171875,-0.04450095444917679,49979.53515625,0.7738145589828491,0.009932788088917732,1.259602427482605,0.0
2311.3361073648325,-45.951053190492146,1257.7194844260973,100.0,56,5600,False,7604800,76048,1358,73b03aedc11d4733ad70480dfb5e4900,2020-03-24_11-08-45,1585048125,10.59887146949768,14393.050649881363,2887,eclipse,137.195.211.213,14393.050649881363,7604800,1358,28,28696714,0.0,0.0,0.0,12.322289672247184,0.990940759391074,1.4651844325324788,7474432,7604800,3328.657,5.196,7217.997,19.019,2.278125047683716,4.999999873689376e-05,57329.23828125,-0.04644839093089104,57329.25390625,0.7505298256874084,0.010064219124615192,1.1480600833892822,0.0
2383.1419851461796,-52.843142839893616,1179.2536424644097,100.0,56,5600,False,7610400,76104,1359,73b03aedc11d4733ad70480dfb5e4900,2020-03-24_11-08-56,1585048136,10.548284530639648,14403.598934412003,2887,eclipse,137.195.211.213,14403.598934412003,7610400,1359,28,28696714,0.02,0.0,1.0,12.322417760747157,0.9909333459704558,1.4651638352547998,7479936,7610400,3317.656,5.143,7216.166,19.122,2.278125047683716,4.999999873689376e-05,54787.1640625,-0.05073701962828636,54787.19140625,0.7719759345054626,0.009930361993610859,1.1678613424301147,0.0
2383.1419851461796,-52.843142839893616,1253.2715152575515,100.0,56,5600,False,7616000,76160,1360,73b03aedc11d4733ad70480dfb5e4900,2020-03-24_11-09-07,1585048147,10.641954183578491,14414.240888595581,2887,eclipse,137.195.211.213,14414.240888595581,7616000,1360,28,28696714,0.02,0.0,1.0,12.322732689461526,0.9909334311151641,1.4651432262007638,7485440,7616000,3317.357,5.073,7213.144,19.332,2.278125047683716,4.999999873689376e-05,49367.60546875,-0.0465887151658535,49367.6328125,0.7795526385307312,0.008928452618420124,1.1882164478302002,0.0
2269.1750608752386,-471.4612589020668,1300.4444762752132,100.0,56,5600,False,7621600,76216,1361,73b03aedc11d4733ad70480dfb5e4900,2020-03-24_11-09-17,1585048157,10.53667402267456,14424.777562618256,2887,eclipse,137.195.211.213,14424.777562618256,7621600,1361,28,28696714,0.0,0.0,0.0,12.323046056252913,0.9909332552318978,1.4651253295496962,7490944,7621600,3318.76,5.14,7206.928,19.676,2.278125047683716,4.999999873689376e-05,63933.609375,-0.04650332033634186,63933.64453125,0.747198224067688,0.00891908723860979,1.4014970064163208,0.0
2405.663670743512,-471.4612589020668,1247.2461878396944,100.0,56,5600,False,7627200,76272,1362,73b03aedc11d4733ad70480dfb5e4900,2020-03-24_11-09-28,1585048168,10.660515308380127,14435.438077926636,2887,eclipse,137.195.211.213,14435.438077926636,7627200,1362,28,28696714,0.0,0.0,0.0,12.323309494332353,0.9909275563811799,1.465124023759432,7496448,7627200,3317.968,5.428,7210.1,20.283,2.278125047683716,4.999999873689376e-05,66753.0078125,-0.04531672224402428,66753.015625,0.6830649971961975,0.011711418628692627,1.0365477800369263,0.0
2408.298993596809,-45.94970603701437,1258.758869709633,100.0,56,5600,False,7632800,76328,1363,73b03aedc11d4733ad70480dfb5e4900,2020-03-24_11-09-39,1585048179,10.635610342025757,14446.073688268661,2887,eclipse,137.195.211.213,14446.073688268661,7632800,1363,28,28696714,0.0,0.0,0.0,12.323664865119081,0.9909215872833198,1.4651170040119093,7501952,7632800,3317.211,5.771,7211.16,19.318,2.278125047683716,4.999999873689376e-05,59692.1796875,-0.0438358299434185,59692.203125,0.7366949319839478,0.009617934934794903,1.4401291608810425,0.0
2334.977550504434,-545.2986772414278,1228.8756346580333,100.0,56,5600,False,7638400,76384,1364,73b03aedc11d4733ad70480dfb5e4900,2020-03-24_11-09-49,1585048189,10.763317823410034,14456.837006092072,2887,eclipse,137.195.211.213,14456.837006092072,7638400,1364,28,28696714,0.0,0.0,0.0,12.323938886169577,0.9909176349876267,1.4651037479006224,7507456,7638400,3322.661,5.806,7214.64,19.736,2.278125047683716,4.999999873689376e-05,83811.5859375,-0.04404691234230995,83811.6015625,0.6239283680915833,0.010389680042862892,1.009695291519165,0.0
2334.977550504434,-545.2986772414278,1163.3195219327897,100.0,56,5600,False,7644000,76440,1365,73b03aedc11d4733ad70480dfb5e4900,2020-03-24_11-10-00,1585048200,10.491966247558594,14467.32897233963,2887,eclipse,137.195.211.213,14467.32897233963,7644000,1365,28,28696714,0.0,0.0,0.0,12.32412312129319,0.9909153321583142,1.4650998157147912,7512960,7644000,3318.659,6.04,7206.399,19.34,2.278125047683716,4.999999873689376e-05,63505.515625,-0.04669232666492462,63505.546875,0.7423722147941589,0.010260706767439842,1.2931427955627441,0.0
2246.52585921686,-437.5445577658074,1205.8086931275243,100.0,56,5600,False,7649600,76496,1366,73b03aedc11d4733ad70480dfb5e4900,2020-03-24_11-10-10,1585048210,10.383869409561157,14477.712841749191,2887,eclipse,137.195.211.213,14477.712841749191,7649600,1366,28,28696714,0.0,0.0,0.0,12.324428401258418,0.9909224729583059,1.46512382803405,7518464,7649600,3330.515,6.276,7166.738,19.133,2.278125047683716,4.999999873689376e-05,66965.6171875,-0.03986714780330658,66965.625,0.7113696336746216,0.010195202194154263,1.359090805053711,0.0
2306.062003429116,-422.3256116241001,1182.9596773220646,100.0,56,5600,False,7655200,76552,1367,73b03aedc11d4733ad70480dfb5e4900,2020-03-24_11-10-21,1585048221,10.318317651748657,14488.03115940094,2887,eclipse,137.195.211.213,14488.03115940094,7655200,1367,28,28696714,0.0,0.0,0.0,12.3247967328123,0.9909369626417279,1.4651698341149513,7523968,7655200,3332.378,6.173,7133.991,17.929,2.278125047683716,4.999999873689376e-05,66731.8984375,-0.04720398411154747,66731.9140625,0.6975018978118896,0.01096706185489893,1.1053526401519775,0.0
2306.062003429116,-49.615446084911596,1249.5590843315392,100.0,56,5600,False,7660800,76608,1368,73b03aedc11d4733ad70480dfb5e4900,2020-03-24_11-10-31,1585048231,10.469477653503418,14498.500637054443,2887,eclipse,137.195.211.213,14498.500637054443,7660800,1368,28,28696714,0.0,0.0,0.0,12.325183467506081,0.9909370588360145,1.46521383316433,7529472,7660800,3349.559,6.227,7101.945,17.381,2.278125047683716,4.999999873689376e-05,54357.6171875,-0.045840226113796234,54357.6328125,0.7832049131393433,0.010782173834741116,1.0663657188415527,0.0
2266.4664368956646,-50.933098363657194,1229.9931932546458,100.0,56,5600,False,7666400,76664,1369,73b03aedc11d4733ad70480dfb5e4900,2020-03-24_11-10-42,1585048242,11.055296421051025,14509.555933475494,2887,eclipse,137.195.211.213,14509.555933475494,7666400,1369,28,28696714,0.0,0.0,0.0,12.326051655768005,0.9909787199192772,1.4653739888393176,7534976,7666400,3441.456,6.172,7062.715,16.941,2.278125047683716,4.999999873689376e-05,52246.59765625,-0.04684258997440338,52246.6171875,0.8047254681587219,0.009505548514425755,1.316477656364441,0.0
2257.540664747147,-50.933098363657194,1335.2109088086543,100.0,56,5600,False,7672000,76720,1370,73b03aedc11d4733ad70480dfb5e4900,2020-03-24_11-10-53,1585048253,10.477752923965454,14520.03368639946,2887,eclipse,137.195.211.213,14520.03368639946,7672000,1370,28,28696714,0.0,0.0,0.0,12.326928579275954,0.9910188574843203,1.4655032227982914,7540480,7672000,3450.9,6.211,7036.619,16.959,2.278125047683716,4.999999873689376e-05,59282.796875,-0.03924690559506416,59282.8203125,0.7287579774856567,0.009028594009578228,1.2753002643585205,0.0
3019.174979928522,-36.793646750389215,1379.5274898698729,100.0,56,5600,False,7677600,76776,1371,73b03aedc11d4733ad70480dfb5e4900,2020-03-24_11-11-03,1585048263,10.574175119400024,14530.60786151886,2887,eclipse,137.195.211.213,14530.60786151886,7677600,1371,28,28696714,0.02,0.0,1.0,12.327478944550307,0.991024395090989,1.4655200861207265,7545984,7677600,3454.307,6.181,7038.204,16.484,2.278125047683716,4.999999873689376e-05,54192.546875,-0.046518724411726,54192.5625,0.7431236505508423,0.010672247037291527,1.092828631401062,0.0
3019.174979928522,-326.85945202483083,1311.847442757935,100.0,56,5600,False,7683200,76832,1372,73b03aedc11d4733ad70480dfb5e4900,2020-03-24_11-11-14,1585048274,10.755723476409912,14541.36358499527,2887,eclipse,137.195.211.213,14541.36358499527,7683200,1372,28,28696714,0.02,0.0,1.0,12.327922993758648,0.9910198790244238,1.465526164527535,7551488,7683200,3470.799,5.922,7033.778,15.664,2.278125047683716,4.999999873689376e-05,84230.0546875,-0.04940229281783104,84230.0859375,0.6268786787986755,0.009609922766685486,1.1687254905700684,0.0
2444.437774491904,-326.85945202483083,1190.8827669205373,100.0,56,5600,False,7688800,76888,1373,73b03aedc11d4733ad70480dfb5e4900,2020-03-24_11-11-25,1585048285,10.615335702896118,14551.978920698166,2887,eclipse,137.195.211.213,14551.978920698166,7688800,1373,28,28696714,0.0,0.0,0.0,12.328166925792097,0.9910162447017793,1.4655387409909968,7556992,7688800,3464.916,5.591,7038.39,16.263,2.278125047683716,4.999999873689376e-05,58876.91796875,-0.04242095351219177,58876.94140625,0.7585201859474182,0.010055918246507645,1.0565791130065918,0.0
2444.437774491904,-46.646629565223435,1139.685891729319,100.0,56,5600,False,7694400,76944,1374,73b03aedc11d4733ad70480dfb5e4900,2020-03-24_11-11-36,1585048296,10.607582092285156,14562.586502790451,2887,eclipse,137.195.211.213,14562.586502790451,7694400,1374,28,28696714,0.0,0.0,0.0,12.328277226907622,0.9910115793870995,1.4655343860560692,7562496,7694400,3446.91,5.634,7039.252,16.801,2.278125047683716,4.999999873689376e-05,78502.015625,-0.04610398784279823,78502.03125,0.662114679813385,0.010870810598134995,1.1478238105773926,0.0
2476.838685247367,-38.69111248950495,1108.313258292648,100.0,56,5600,False,7700000,77000,1375,73b03aedc11d4733ad70480dfb5e4900,2020-03-24_11-11-46,1585048306,10.686928033828735,14573.27343082428,2887,eclipse,137.195.211.213,14573.27343082428,7700000,1375,28,28696714,0.0,0.0,0.0,12.32843467873689,0.991005446193658,1.4655216247537153,7568000,7700000,3449.164,5.885,7053.789,17.791,2.278125047683716,4.999999873689376e-05,88024.03125,-0.04256114363670349,88024.0546875,0.5931525826454163,0.010489806532859802,1.0058884620666504,0.0
2476.838685247367,-515.6718339752293,1240.895298913795,100.0,56,5600,False,7705600,77056,1376,73b03aedc11d4733ad70480dfb5e4900,2020-03-24_11-11-57,1585048317,10.611796855926514,14583.885227680206,2887,eclipse,137.195.211.213,14583.885227680206,7705600,1376,28,28696714,0.0,0.0,0.0,12.328776701239505,0.9909997260084142,1.4655078905689434,7573504,7705600,3440.665,5.934,7082.55,18.224,2.278125047683716,4.999999873689376e-05,53976.7265625,-0.0475955456495285,53976.75,0.7875673770904541,0.010262363590300083,1.4059885740280151,0.0
2427.257135992133,-515.6718339752293,1303.802124770718,100.0,56,5600,False,7711200,77112,1377,73b03aedc11d4733ad70480dfb5e4900,2020-03-24_11-12-07,1585048327,10.538259744644165,14594.42348742485,2887,eclipse,137.195.211.213,14594.42348742485,7711200,1377,28,28696714,0.0,0.0,0.0,12.329077330029303,0.9909895033444863,1.4654913300336774,7579008,7711200,3444.768,5.653,7100.049,19.061,2.278125047683716,4.999999873689376e-05,63457.359375,-0.04610308259725571,63457.37890625,0.712088406085968,0.011293482035398483,1.2273151874542236,0.0
2295.9977688041076,-234.0119520967506,1226.3518867855728,100.0,56,5600,False,7716800,77168,1378,73b03aedc11d4733ad70480dfb5e4900,2020-03-24_11-12-18,1585048338,10.66512393951416,14605.088611364365,2887,eclipse,137.195.211.213,14605.088611364365,7716800,1378,28,28696714,0.0,0.0,0.0,12.329366761951405,0.9909770470379425,1.465481410208972,7584512,7716800,3438.535,5.317,7129.199,19.534,2.278125047683716,4.999999873689376e-05,70664.09375,-0.04424813389778137,70664.1171875,0.7168223261833191,0.010098081082105637,1.2344179153442383,0.0
2296.060246441831,-234.0119520967506,1384.6325821467974,100.0,56,5600,False,7722400,77224,1379,73b03aedc11d4733ad70480dfb5e4900,2020-03-24_11-12-29,1585048349,10.761541366577148,14615.850152730942,2887,eclipse,137.195.211.213,14615.850152730942,7722400,1379,28,28696714,0.0,0.0,0.0,12.32981896915216,0.9909738554329328,1.4654723133009904,7590016,7722400,3367.253,5.419,7168.707,19.597,2.278125047683716,4.999999873689376e-05,38926.45703125,-0.04763941466808319,38926.484375,0.8154364228248596,0.00930079072713852,1.386029839515686,0.0
2337.975993171098,-27.09172441395268,1493.1876224784166,100.0,56,5600,False,7728000,77280,1380,73b03aedc11d4733ad70480dfb5e4900,2020-03-24_11-12-40,1585048360,10.652565479278564,14626.50271821022,2887,eclipse,137.195.211.213,14626.50271821022,7728000,1380,28,28696714,0.0,0.0,0.0,12.330355572423407,0.9909685294433419,1.4654649018885226,7595520,7728000,3358.448,5.422,7194.835,19.287,2.278125047683716,4.999999873689376e-05,56457.69921875,-0.04506305605173111,56457.72265625,0.743158757686615,0.009956050664186478,1.2364484071731567,0.0
2328.7370134197063,-107.64480336419734,1380.125553120682,100.0,56,5600,False,7733600,77336,1381,73b03aedc11d4733ad70480dfb5e4900,2020-03-24_11-12-50,1585048370,10.731553554534912,14637.234271764755,2887,eclipse,137.195.211.213,14637.234271764755,7733600,1381,28,28696714,0.0,0.0,0.0,12.330763028017646,0.9909636222736549,1.4654554308132555,7601024,7733600,3361.551,5.575,7206.316,19.415,2.278125047683716,4.999999873689376e-05,58601.546875,-0.04577966779470444,58601.5703125,0.7251553535461426,0.00922481995075941,1.4842381477355957,0.0
2337.933528301966,-483.2577164110968,1231.3703278469948,100.0,56,5600,False,7739200,77392,1382,73b03aedc11d4733ad70480dfb5e4900,2020-03-24_11-13-01,1585048381,10.686293125152588,14647.920564889908,2887,eclipse,137.195.211.213,14647.920564889908,7739200,1382,28,28696714,0.0,0.0,0.0,12.330953381802642,0.9909518342203876,1.4654485018035013,7606528,7739200,3347.757,5.727,7211.684,20.647,2.278125047683716,4.999999873689376e-05,56408.49609375,-0.04418988525867462,56408.5234375,0.8011054396629333,0.00976554211229086,1.0912331342697144,0.0
2351.66626748345,-483.2577164110968,1235.2065969273583,100.0,56,5600,False,7744800,77448,1383,73b03aedc11d4733ad70480dfb5e4900,2020-03-24_11-13-12,1585048392,10.655138969421387,14658.57570385933,2887,eclipse,137.195.211.213,14658.57570385933,7744800,1383,28,28696714,0.0,0.0,0.0,12.331197602232049,0.990947485288902,1.4654524539982174,7612032,7744800,3351.624,5.942,7211.53,20.71,2.278125047683716,4.999999873689376e-05,72079.4453125,-0.04140670597553253,72079.4765625,0.659170389175415,0.009028192609548569,1.266168475151062,0.0
2411.25594522928,-42.752730402378226,1295.8758212013327,100.0,56,5600,False,7750400,77504,1384,73b03aedc11d4733ad70480dfb5e4900,2020-03-24_11-13-23,1585048403,10.682204961776733,14669.257908821106,2887,eclipse,137.195.211.213,14669.257908821106,7750400,1384,28,28696714,0.01,0.0,1.0,12.331530817461168,0.9909442565036379,1.4654403072517743,7617536,7750400,3364.209,6.139,7207.388,20.446,2.278125047683716,4.999999873689376e-05,67869.3984375,-0.04505397006869316,67869.3984375,0.727188229560852,0.009539502672851086,1.179948329925537,0.0
2411.25594522928,-189.20070134128454,1338.0735523523774,100.0,56,5600,False,7756000,77560,1385,73b03aedc11d4733ad70480dfb5e4900,2020-03-24_11-13-33,1585048413,10.696506977081299,14679.954415798187,2887,eclipse,137.195.211.213,14679.954415798187,7756000,1385,28,28696714,0.01,0.0,1.0,12.331887983779017,0.990935619748789,1.4654336327207569,7623040,7756000,3362.4,5.967,7210.215,19.69,2.278125047683716,4.999999873689376e-05,62880.94140625,-0.04668499156832695,62880.96484375,0.7254360318183899,0.010086114518344402,1.3324909210205078,0.0
2396.914419411882,-189.20070134128454,1305.0474851179083,100.0,56,5600,False,7761600,77616,1386,73b03aedc11d4733ad70480dfb5e4900,2020-03-24_11-13-44,1585048424,10.55010724067688,14690.504523038864,2887,eclipse,137.195.211.213,14690.504523038864,7761600,1386,28,28696714,0.0,0.0,0.0,12.33222309769641,0.9909293573373276,1.465423502488183,7628544,7761600,3355.278,5.931,7210.925,19.659,2.278125047683716,4.999999873689376e-05,67690.9375,-0.04687417298555374,67690.96875,0.7057998776435852,0.010120078921318054,1.3608120679855347,0.0
2396.914419411882,-46.5532342151484,1205.6833409791054,100.0,56,5600,False,7767200,77672,1387,73b03aedc11d4733ad70480dfb5e4900,2020-03-24_11-13-55,1585048435,10.687154769897461,14701.191677808762,2887,eclipse,137.195.211.213,14701.191677808762,7767200,1387,28,28696714,0.0,0.0,0.0,12.332457680017725,0.9909293785489623,1.465407786187635,7634048,7767200,3354.058,6.339,7226.459,18.979,2.278125047683716,4.999999873689376e-05,68402.8203125,-0.04802924394607544,68402.8515625,0.6791604161262512,0.011535988189280033,1.1632068157196045,0.0
2256.268026119315,-122.26546314321627,1250.8981738162265,100.0,56,5600,False,7772800,77728,1388,73b03aedc11d4733ad70480dfb5e4900,2020-03-24_11-14-05,1585048445,10.643917560577393,14711.835595369339,2887,eclipse,137.195.211.213,14711.835595369339,7772800,1388,28,28696714,0.0,0.0,0.0,12.332729636425954,0.9909259180062812,1.4654008170678987,7639552,7772800,3347.241,6.579,7230.756,18.585,2.278125047683716,4.999999873689376e-05,51354.09765625,-0.047774624079465866,51354.12890625,0.8062277436256409,0.010085565969347954,1.2024133205413818,0.0
2256.268026119315,-122.26546314321627,1207.2379973624854,100.0,56,5600,False,7778400,77784,1389,73b03aedc11d4733ad70480dfb5e4900,2020-03-24_11-14-16,1585048456,10.623539924621582,14722.45913529396,2887,eclipse,137.195.211.213,14722.45913529396,7778400,1389,28,28696714,0.0,0.0,0.0,12.332921898149038,0.9909232433363634,1.4654020048004375,7645056,7778400,3333.404,6.349,7231.31,18.786,2.278125047683716,4.999999873689376e-05,66381.0546875,-0.04712408035993576,66381.078125,0.7138786911964417,0.009498992934823036,1.2696441411972046,0.0
2321.8083870976416,-44.97969200262221,1325.7175433217149,100.0,56,5600,False,7784000,77840,1390,73b03aedc11d4733ad70480dfb5e4900,2020-03-24_11-14-27,1585048467,10.7066330909729,14733.165768384933,2887,eclipse,137.195.211.213,14733.165768384933,7784000,1390,28,28696714,0.0,0.0,0.0,12.333282495809863,0.9909135087569111,1.4653917950945554,7650560,7784000,3336.715,6.128,7232.3,19.138,2.278125047683716,4.999999873689376e-05,44281.88671875,-0.03981854394078255,44281.90234375,0.814064085483551,0.010080219246447086,1.362414002418518,0.0
2284.6389201431152,-126.88402940035088,1294.3729490754442,100.0,56,5600,False,7789600,77896,1391,73b03aedc11d4733ad70480dfb5e4900,2020-03-24_11-14-37,1585048477,10.656523704528809,14743.822292089462,2887,eclipse,137.195.211.213,14743.822292089462,7789600,1391,28,28696714,0.0,0.0,0.0,12.333620988139655,0.9909071312812462,1.4653761692582163,7656064,7789600,3332.762,6.097,7230.176,19.619,2.278125047683716,4.999999873689376e-05,69221.8515625,-0.040912505239248276,69221.8671875,0.6909362077713013,0.010100816376507282,1.3470839262008667,0.0
3824.628131887992,-126.88402940035088,1415.9547137555908,100.0,56,5600,False,7795200,77952,1392,73b03aedc11d4733ad70480dfb5e4900,2020-03-24_11-14-48,1585048488,10.878564357757568,14754.70085644722,2887,eclipse,137.195.211.213,14754.70085644722,7795200,1392,28,28696714,0.02,0.0,1.0,12.334114065143513,0.9909028285361903,1.465370034231042,7661568,7795200,3351.792,5.902,7229.931,19.118,2.278125047683716,4.999999873689376e-05,110827.1171875,-0.04587656259536743,110827.125,0.5986106991767883,0.011174946092069149,1.4271094799041748,0.0
2289.9327966919063,-132.63341789413448,1305.3421497683673,100.0,56,5600,False,7800800,78008,1393,73b03aedc11d4733ad70480dfb5e4900,2020-03-24_11-14-59,1585048499,10.611401557922363,14765.312258005142,2887,eclipse,137.195.211.213,14765.312258005142,7800800,1393,28,28696714,0.0,0.0,0.0,12.334505963705121,0.990895191374574,1.4653533040114541,7667072,7800800,3351.513,5.661,7227.552,19.318,2.278125047683716,4.999999873689376e-05,49459.5859375,-0.046306781470775604,49459.609375,0.8040941953659058,0.011196517385542393,1.2807050943374634,0.0
2289.9327966919063,-383.1448609683499,1260.927732827031,100.0,56,5600,False,7806400,78064,1394,73b03aedc11d4733ad70480dfb5e4900,2020-03-24_11-15-09,1585048509,10.309120655059814,14775.621378660202,2887,eclipse,137.195.211.213,14775.621378660202,7806400,1394,28,28696714,0.0,0.0,0.0,12.334747683423803,0.9908885453453277,1.4653390653969487,7672576,7806400,3346.76,5.399,7195.824,18.904,2.278125047683716,4.999999873689376e-05,82899.421875,-0.04545646905899048,82899.4375,0.6681041717529297,0.01096359733492136,1.1003124713897705,0.0
2314.0444046908333,-383.1448609683499,1225.570556180304,100.0,56,5600,False,7812000,78120,1395,73b03aedc11d4733ad70480dfb5e4900,2020-03-24_11-15-20,1585048520,10.391357898712158,14786.012736558914,2887,eclipse,137.195.211.213,14786.012736558914,7812000,1395,28,28696714,0.0,0.0,0.0,12.33508641250326,0.9908958170436839,1.4653518654852282,7678080,7812000,3353.168,5.312,7159.462,19.092,2.278125047683716,4.999999873689376e-05,52870.2734375,-0.04309508949518204,52870.296875,0.7491270303726196,0.01066836528480053,1.393452525138855,0.0
2319.6629312536397,-47.73209459046465,1237.5530249472854,100.0,56,5600,False,7817600,78176,1396,73b03aedc11d4733ad70480dfb5e4900,2020-03-24_11-15-30,1585048530,10.277746200561523,14796.290482759476,2887,eclipse,137.195.211.213,14796.290482759476,7817600,1396,28,28696714,0.0,0.0,0.0,12.33546202684724,0.9909101962279254,1.4653861350946458,7683584,7817600,3357.683,5.334,7129.268,18.899,2.278125047683716,4.999999873689376e-05,52371.5234375,-0.047271572053432465,52371.5390625,0.7816570997238159,0.011368424631655216,1.1565308570861816,0.0
2319.6629312536397,-244.3975979089012,1254.873512548995,100.0,56,5600,False,7823200,78232,1397,73b03aedc11d4733ad70480dfb5e4900,2020-03-24_11-15-41,1585048541,10.720156908035278,14807.010639667511,2887,eclipse,137.195.211.213,14807.010639667511,7823200,1397,28,28696714,0.0,0.0,0.0,12.335976450116641,0.9909447396480638,1.465455834661137,7689088,7823200,3386.377,5.546,7103.554,19.638,2.278125047683716,4.999999873689376e-05,89525.765625,-0.04239320009946823,89525.7890625,0.6566773653030396,0.010069796815514565,1.361373782157898,0.0
2266.246433896174,-334.58058038768365,1191.5658721133923,100.0,56,5600,False,7828800,78288,1398,73b03aedc11d4733ad70480dfb5e4900,2020-03-24_11-15-52,1585048552,10.661845922470093,14817.672485589981,2887,eclipse,137.195.211.213,14817.672485589981,7828800,1398,28,28696714,0.0,0.0,0.0,12.33648477649893,0.9909676595555986,1.4655201546748713,7694592,7828800,3400.232,5.295,7091.686,19.613,2.278125047683716,4.999999873689376e-05,72508.8515625,-0.04599779471755028,72508.875,0.6769133806228638,0.009699955582618713,1.1094670295715332,0.0
2444.8938027373324,-334.58058038768365,1308.9889433354274,100.0,56,5600,False,7834400,78344,1399,73b03aedc11d4733ad70480dfb5e4900,2020-03-24_11-16-02,1585048562,10.761683464050293,14828.434169054031,2887,eclipse,137.195.211.213,14828.434169054031,7834400,1399,28,28696714,0.0,0.0,0.0,12.33698824865273,0.9909770291248511,1.4655375487697022,7700096,7834400,3412.853,5.547,7092.412,19.067,2.278125047683716,4.999999873689376e-05,51109.3671875,-0.043840546160936356,51109.39453125,0.756756067276001,0.010613862425088882,1.2521802186965942,0.0
2444.8938027373324,-42.081774708613466,1210.0952542154746,100.0,56,5600,False,7840000,78400,1400,73b03aedc11d4733ad70480dfb5e4900,2020-03-24_11-16-13,1585048573,10.608545780181885,14839.042714834213,2887,eclipse,137.195.211.213,14839.042714834213,7840000,1400,28,28696714,0.0,0.0,0.0,12.33717328620184,0.9909871409419805,1.4655392222613473,7705600,7840000,3404.389,5.784,7092.991,18.256,2.278125047683716,4.999999873689376e-05,93879.5,-0.04519912600517273,93879.515625,0.6178714632987976,0.010874501429498196,1.0590873956680298,0.0
2376.561450464936,-402.1979190162954,1205.967028661371,100.0,56,5600,False,7845600,78456,1401,73b03aedc11d4733ad70480dfb5e4900,2020-03-24_11-16-24,1585048584,10.67385220527649,14849.71656703949,2887,eclipse,137.195.211.213,14849.71656703949,7845600,1401,28,28696714,0.0,0.0,0.0,12.337294461784358,0.9909872698523462,1.4655359687631602,7711104,7845600,3410.955,5.657,7087.663,17.945,2.278125047683716,4.999999873689376e-05,62167.109375,-0.04542676731944084,62167.12890625,0.7321470975875854,0.009953140281140804,1.2457492351531982,0.0
2357.818636707633,-472.1733159142079,1212.8552291313986,100.0,56,5600,False,7851200,78512,1402,73b03aedc11d4733ad70480dfb5e4900,2020-03-24_11-16-34,1585048594,10.68866753578186,14860.405234575272,2887,eclipse,137.195.211.213,14860.405234575272,7851200,1402,28,28696714,0.0,0.0,0.0,12.3374097172539,0.990988936690317,1.4655256760998412,7716608,7851200,3394.677,5.688,7084.515,18.054,2.278125047683716,4.999999873689376e-05,81254.59375,-0.041087545454502106,81254.6015625,0.6592764258384705,0.011638118885457516,1.2099382877349854,0.0
2357.818636707633,-472.1733159142079,1267.4902112389145,100.0,56,5600,False,7856800,78568,1403,73b03aedc11d4733ad70480dfb5e4900,2020-03-24_11-16-45,1585048605,10.587465047836304,14870.992699623108,2887,eclipse,137.195.211.213,14870.992699623108,7856800,1403,28,28696714,0.0,0.0,0.0,12.337603746770236,0.9909856668531374,1.4655089304201443,7722112,7856800,3395.071,5.584,7079.617,17.881,2.278125047683716,4.999999873689376e-05,68144.53125,-0.040455058217048645,68144.5546875,0.7139478325843811,0.009562069550156593,1.348929524421692,0.0
2278.8039977244825,-42.14417735519454,1235.6403928641416,100.0,56,5600,False,7862400,78624,1404,73b03aedc11d4733ad70480dfb5e4900,2020-03-24_11-16-56,1585048616,10.705829620361328,14881.69852924347,2887,eclipse,137.195.211.213,14881.69852924347,7862400,1404,28,28696714,0.0,0.0,0.0,12.337806237423505,0.990988202152727,1.4655060582434813,7727616,7862400,3403.195,5.427,7111.055,18.113,2.278125047683716,4.999999873689376e-05,48138.49609375,-0.047056298702955246,48138.5234375,0.7788681983947754,0.009824063628911972,1.1891220808029175,0.0
2278.8039977244825,-45.85809804795732,1235.741747122584,100.0,56,5600,False,7868000,78680,1405,73b03aedc11d4733ad70480dfb5e4900,2020-03-24_11-17-07,1585048627,10.724897384643555,14892.423426628113,2887,eclipse,137.195.211.213,14892.423426628113,7868000,1405,28,28696714,0.0,0.0,0.0,12.338086405102121,0.9909820319600439,1.4655031195295813,7733120,7868000,3401.431,5.447,7145.277,17.65,2.278125047683716,4.999999873689376e-05,34839.0859375,-0.04638221487402916,34839.109375,0.854038417339325,0.010105405002832413,1.267298936843872,0.0
2317.7445028214593,-45.24671064364025,1159.038022348568,100.0,56,5600,False,7873600,78736,1406,73b03aedc11d4733ad70480dfb5e4900,2020-03-24_11-17-17,1585048637,10.677400588989258,14903.100827217102,2887,eclipse,137.195.211.213,14903.100827217102,7873600,1406,28,28696714,0.0,0.0,0.0,12.338243641282764,0.9909742842858545,1.4654985076723352,7738624,7873600,3400.428,5.486,7186.088,17.817,2.278125047683716,4.999999873689376e-05,64465.87109375,-0.03920035436749458,64465.89453125,0.7499071359634399,0.009663171134889126,1.1358972787857056,0.0
2395.02522958544,-51.617444531806555,1228.151974677859,100.0,56,5600,False,7879200,78792,1407,73b03aedc11d4733ad70480dfb5e4900,2020-03-24_11-17-28,1585048648,10.596174478530884,14913.697001695633,2887,eclipse,137.195.211.213,14913.697001695633,7879200,1407,28,28696714,0.0,0.0,0.0,12.338473088786932,0.9909725138397545,1.4654837447323563,7744128,7879200,3363.275,5.072,7210.278,17.841,2.278125047683716,4.999999873689376e-05,46609.59765625,-0.04382121562957764,46609.62109375,0.7825849056243896,0.01096135564148426,1.1204270124435425,0.0
2395.02522958544,-47.581545844333554,1313.1756930625882,100.0,56,5600,False,7884800,78848,1408,73b03aedc11d4733ad70480dfb5e4900,2020-03-24_11-17-39,1585048659,10.568066120147705,14924.26506781578,2887,eclipse,137.195.211.213,14924.26506781578,7884800,1408,28,28696714,0.01,0.0,1.0,12.338755054743983,0.9909728531472776,1.4654581771668576,7749632,7884800,3347.108,5.442,7216.455,17.276,2.278125047683716,4.999999873689376e-05,55257.44921875,-0.04865151271224022,55257.46484375,0.7634899020195007,0.010196536779403687,1.3165260553359985,0.0
2423.714870424497,-41.20631037137832,1356.5068215800527,100.0,56,5600,False,7890400,78904,1409,73b03aedc11d4733ad70480dfb5e4900,2020-03-24_11-17-49,1585048669,10.643751621246338,14934.908819437027,2887,eclipse,137.195.211.213,14934.908819437027,7890400,1409,28,28696714,0.0,0.0,0.0,12.339050107111419,0.9909745896090043,1.4654427496071083,7755136,7890400,3346.292,5.611,7206.549,18.003,2.278125047683716,4.999999873689376e-05,70242.484375,-0.04426107928156853,70242.5078125,0.7081825733184814,0.011393353343009949,1.1437870264053345,0.0
2423.714870424497,-61.412527893694886,1353.5786251290076,100.0,56,5600,False,7896000,78960,1410,73b03aedc11d4733ad70480dfb5e4900,2020-03-24_11-18-00,1585048680,10.492014169692993,14945.40083360672,2887,eclipse,137.195.211.213,14945.40083360672,7896000,1410,28,28696714,0.0,0.0,0.0,12.339381474333429,0.9909791566482099,1.4654294860107187,7760640,7896000,3352.977,5.59,7188.854,18.054,2.278125047683716,4.999999873689376e-05,51256.953125,-0.0478687547147274,51256.9765625,0.7970677018165588,0.010882154107093811,1.502197265625,0.0
2367.0813054165765,-61.412527893694886,1278.226673257446,100.0,56,5600,False,7901600,79016,1411,73b03aedc11d4733ad70480dfb5e4900,2020-03-24_11-18-11,1585048691,10.77280855178833,14956.173642158508,2887,eclipse,137.195.211.213,14956.173642158508,7901600,1411,28,28696714,0.0,0.0,0.0,12.339711285189235,0.99098276035667,1.4654232508072083,7766144,7901600,3356.615,5.576,7194.522,17.919,2.278125047683716,4.999999873689376e-05,62466.1640625,-0.04370105266571045,62466.1796875,0.7265516519546509,0.010790033265948296,1.027121663093567,0.0
2289.632257388932,-505.6340770323234,1266.1320858405807,100.0,56,5600,False,7907200,79072,1412,73b03aedc11d4733ad70480dfb5e4900,2020-03-24_11-18-21,1585048701,10.621179580688477,14966.794821739197,2887,eclipse,137.195.211.213,14966.794821739197,7907200,1412,28,28696714,0.0,0.0,0.0,12.340046485014078,0.9909834810628502,1.4654072842777217,7771648,7907200,3357.438,5.355,7189.653,17.02,2.278125047683716,4.999999873689376e-05,59329.85546875,-0.04471456632018089,59329.87890625,0.7649022340774536,0.009204931557178497,1.3945279121398926,0.0
2377.430944819994,-505.6340770323234,1260.9830772127714,100.0,56,5600,False,7912800,79128,1413,73b03aedc11d4733ad70480dfb5e4900,2020-03-24_11-18-32,1585048712,10.648258924484253,14977.443080663681,2887,eclipse,137.195.211.213,14977.443080663681,7912800,1413,28,28696714,0.0,0.0,0.0,12.340361707862955,0.9909803371662469,1.4653875791950959,7777152,7912800,3357.138,5.49,7195.648,16.919,2.278125047683716,4.999999873689376e-05,55246.3125,-0.04355278238654137,55246.32421875,0.7811802625656128,0.011124282144010067,1.3527051210403442,0.0
2377.430944819994,-166.10412749911632,1118.5084966059705,100.0,56,5600,False,7918400,79184,1414,73b03aedc11d4733ad70480dfb5e4900,2020-03-24_11-18-42,1585048722,10.525212049484253,14987.968292713165,2887,eclipse,137.195.211.213,14987.968292713165,7918400,1414,28,28696714,0.0,0.0,0.0,12.340463088728356,0.990982348721776,1.465376604488131,7782656,7918400,3339.127,5.417,7194.358,16.944,2.278125047683716,4.999999873689376e-05,69794.78125,-0.04523444175720215,69794.8046875,0.667707085609436,0.011285997927188873,0.9874810576438904,0.0
2323.875990279508,-52.34864520302916,1181.8246584491537,100.0,56,5600,False,7924000,79240,1415,73b03aedc11d4733ad70480dfb5e4900,2020-03-24_11-18-53,1585048733,10.654999494552612,14998.623292207718,2887,eclipse,137.195.211.213,14998.623292207718,7924000,1415,28,28696714,0.0,0.0,0.0,12.340595242479804,0.990977944127491,1.4653569579374852,7788160,7924000,3334.166,5.597,7192.967,17.186,2.278125047683716,4.999999873689376e-05,67100.03125,-0.04371839016675949,67100.0546875,0.7221333980560303,0.010979115031659603,1.2552759647369385,0.0
2323.875990279508,-246.67720453331432,1302.1845489060152,100.0,56,5600,False,7929600,79296,1416,73b03aedc11d4733ad70480dfb5e4900,2020-03-24_11-19-04,1585048744,10.57982873916626,15009.203120946884,2887,eclipse,137.195.211.213,15009.203120946884,7929600,1416,28,28696714,0.0,0.0,0.0,12.340867986687767,0.9909787566436015,1.465337779755397,7793664,7929600,3333.002,5.247,7184.852,16.586,2.278125047683716,4.999999873689376e-05,68031.828125,-0.039915986359119415,68031.8515625,0.7097484469413757,0.011347425170242786,1.2352646589279175,0.0
2386.8112550214328,-246.67720453331432,1339.013619197747,100.0,56,5600,False,7935200,79352,1417,73b03aedc11d4733ad70480dfb5e4900,2020-03-24_11-19-14,1585048754,10.635601282119751,15019.838722229004,2887,eclipse,137.195.211.213,15019.838722229004,7935200,1417,28,28696714,0.0,0.0,0.0,12.34119942811275,0.9909750657435539,1.465323409961089,7799168,7935200,3337.385,5.265,7184.612,16.281,2.278125047683716,4.999999873689376e-05,60144.9140625,-0.04914100095629692,60144.9375,0.7582900524139404,0.011142618022859097,1.2792925834655762,0.0
2386.8112550214328,-136.22043324876682,1340.2484514316463,100.0,56,5600,False,7940800,79408,1418,73b03aedc11d4733ad70480dfb5e4900,2020-03-24_11-19-25,1585048765,10.681419849395752,15030.5201420784,2887,eclipse,137.195.211.213,15030.5201420784,7940800,1418,28,28696714,0.01,0.0,1.0,12.341543149537388,0.990966151222747,1.4653083394440187,7804672,7940800,3339.262,5.202,7194.434,16.692,2.278125047683716,4.999999873689376e-05,50510.85546875,-0.04762166738510132,50510.8828125,0.8170709013938904,0.009152869693934917,1.355997920036316,0.0
2357.234717975501,-41.56984747655388,1285.1890366130433,100.0,56,5600,False,7946400,79464,1419,73b03aedc11d4733ad70480dfb5e4900,2020-03-24_11-19-36,1585048776,10.600598096847534,15041.120740175247,2887,eclipse,137.195.211.213,15041.120740175247,7946400,1419,28,28696714,0.02,0.0,1.0,12.341765857724603,0.9909595498138564,1.4652859518564583,7810176,7946400,3324.077,4.875,7205.22,16.502,2.278125047683716,4.999999873689376e-05,50790.3671875,-0.05225340276956558,50790.39453125,0.7840682864189148,0.010634458623826504,1.0187149047851562,0.0
2450.9978807180437,-42.81013170455444,1238.8423592600852,100.0,56,5600,False,7952000,79520,1420,73b03aedc11d4733ad70480dfb5e4900,2020-03-24_11-19-47,1585048787,10.713843584060669,15051.834583759308,2887,eclipse,137.195.211.213,15051.834583759308,7952000,1420,28,28696714,0.01,0.0,1.0,12.341938101637163,0.9909545789758165,1.4652582196845378,7815680,7952000,3324.912,4.962,7225.339,16.715,2.278125047683716,4.999999873689376e-05,52325.0,-0.04256892576813698,52325.0234375,0.8040037155151367,0.010154351592063904,1.0349503755569458,0.0
2450.9978807180437,-487.71519973110986,1161.280660740885,100.0,56,5600,False,7957600,79576,1421,73b03aedc11d4733ad70480dfb5e4900,2020-03-24_11-19-57,1585048797,10.536263704299927,15062.370847463608,2887,eclipse,137.195.211.213,15062.370847463608,7957600,1421,28,28696714,0.0,0.0,0.0,12.342012915285869,0.9909413583567506,1.465234512338726,7821184,7957600,3310.563,5.204,7216.419,16.353,2.278125047683716,4.999999873689376e-05,101502.8515625,-0.04742417111992836,101502.875,0.6195084452629089,0.009786403737962246,1.237612247467041,0.0
2196.7735856696136,-487.71519973110986,1217.9128076975228,100.0,56,5600,False,7963200,79632,1422,73b03aedc11d4733ad70480dfb5e4900,2020-03-24_11-20-08,1585048808,10.465047121047974,15072.835894584656,2887,eclipse,137.195.211.213,15072.835894584656,7963200,1422,28,28696714,0.0,0.0,0.0,12.342272089457998,0.9909253406085162,1.4652135270556774,7826688,7963200,3310.812,5.151,7200.259,16.908,2.278125047683716,4.999999873689376e-05,57928.8125,-0.04556814581155777,57928.83203125,0.7358217239379883,0.010752882808446884,1.2395920753479004,0.0
2227.618165885663,-514.9290093865255,1241.290439577654,100.0,56,5600,False,7968800,79688,1423,73b03aedc11d4733ad70480dfb5e4900,2020-03-24_11-20-18,1585048818,10.33133053779602,15083.167225122452,2887,eclipse,137.195.211.213,15083.167225122452,7968800,1423,28,28696714,0.0,0.0,0.0,12.342663679192752,0.9909303665915837,1.4652217508760177,7832192,7968800,3313.135,5.079,7167.295,16.65,2.278125047683716,4.999999873689376e-05,70073.953125,-0.047958794981241226,70073.9765625,0.7183619737625122,0.009355297312140465,1.1780592203140259,0.0
2341.234780029952,-514.9290093865255,1193.428074187672,100.0,56,5600,False,7974400,79744,1424,73b03aedc11d4733ad70480dfb5e4900,2020-03-24_11-20-28,1585048828,10.387410640716553,15093.554635763168,2887,eclipse,137.195.211.213,15093.554635763168,7974400,1424,28,28696714,0.0,0.0,0.0,12.34302973199463,0.9909410679306763,1.465258494936972,7837696,7974400,3335.257,5.352,7134.406,15.979,2.278125047683716,4.999999873689376e-05,73453.8671875,-0.046179741621017456,73453.8828125,0.7130315899848938,0.009288073517382145,1.2466593980789185,0.0
2481.6571606918546,-444.6814292326362,1373.6624038969621,100.0,56,5600,False,7980000,79800,1425,73b03aedc11d4733ad70480dfb5e4900,2020-03-24_11-20-39,1585048839,10.534167051315308,15104.088802814484,2887,eclipse,137.195.211.213,15104.088802814484,7980000,1425,28,28696714,0.0,0.0,0.0,12.34355025118355,0.9909480514284885,1.4652922494259832,7843200,7980000,3338.605,5.112,7120.232,15.925,2.278125047683716,4.999999873689376e-05,59682.0,-0.04809049144387245,59682.03515625,0.7548549771308899,0.009431729093194008,1.2457470893859863,0.0
2481.6571606918546,-338.03164378924413,1390.356287266243,100.0,56,5600,False,7985600,79856,1426,73b03aedc11d4733ad70480dfb5e4900,2020-03-24_11-20-49,1585048849,10.462729930877686,15114.551532745361,2887,eclipse,137.195.211.213,15114.551532745361,7985600,1426,28,28696714,0.0,0.0,0.0,12.344114972071868,0.9909571498818615,1.4653419542303718,7848704,7985600,3347.065,5.349,7097.292,15.741,2.278125047683716,4.999999873689376e-05,57780.7109375,-0.04458322748541832,57780.72265625,0.7797824740409851,0.01232526358217001,1.1740225553512573,0.0
2315.9132006369186,-338.03164378924413,1243.3242698000643,100.0,56,5600,False,7991200,79912,1427,73b03aedc11d4733ad70480dfb5e4900,2020-03-24_11-21-00,1585048860,10.860560178756714,15125.412092924118,2887,eclipse,137.195.211.213,15125.412092924118,7991200,1427,28,28696714,0.0,0.0,0.0,12.344652992087136,0.9909678065365387,1.465410876476771,7854208,7991200,3366.762,5.655,7098.401,16.51,2.278125047683716,4.999999873689376e-05,58156.77734375,-0.042525798082351685,58156.80078125,0.7692140340805054,0.010011520236730576,1.1169120073318481,0.0
2385.124322370162,-405.47014908389076,1146.051808645144,100.0,56,5600,False,7996800,79968,1428,73b03aedc11d4733ad70480dfb5e4900,2020-03-24_11-21-11,1585048871,10.637484788894653,15136.049577713013,2887,eclipse,137.195.211.213,15136.049577713013,7996800,1428,28,28696714,0.0,0.0,0.0,12.344916273731501,0.9909674839458955,1.4654417222442189,7859712,7996800,3361.106,5.9,7098.549,16.914,2.278125047683716,4.999999873689376e-05,67220.5546875,-0.04797203093767166,67220.5859375,0.7559356689453125,0.009356272406876087,1.3016154766082764,0.0
2317.1842783267075,-451.8385952757666,1222.7315935378833,100.0,56,5600,False,8002400,80024,1429,73b03aedc11d4733ad70480dfb5e4900,2020-03-24_11-21-22,1585048882,10.647898435592651,15146.697476148605,2887,eclipse,137.195.211.213,15146.697476148605,8002400,1429,28,28696714,0.0,0.0,0.0,12.345107873361792,0.9909585049534851,1.4654263562705467,7865216,8002400,3370.541,6.375,7093.52,16.13,2.278125047683716,4.999999873689376e-05,59620.15234375,-0.047148797661066055,59620.1640625,0.7602640986442566,0.011727267876267433,1.3943403959274292,0.0
2317.1842783267075,-451.8385952757666,1321.8215948007926,100.0,56,5600,False,8008000,80080,1430,73b03aedc11d4733ad70480dfb5e4900,2020-03-24_11-21-32,1585048892,10.59969186782837,15157.297168016434,2887,eclipse,137.195.211.213,15157.297168016434,8008000,1430,28,28696714,0.0,0.0,0.0,12.345449717626634,0.990950849013601,1.4654067048666266,7870720,8008000,3366.081,6.346,7086.318,16.301,2.278125047683716,4.999999873689376e-05,43159.98828125,-0.044239744544029236,43160.015625,0.8149728775024414,0.009262914769351482,1.1950666904449463,0.0
2293.586292740182,-380.6455255555321,1223.3037444394877,100.0,56,5600,False,8013600,80136,1431,73b03aedc11d4733ad70480dfb5e4900,2020-03-24_11-21-43,1585048903,10.488084554672241,15167.785252571106,2887,eclipse,137.195.211.213,15167.785252571106,8013600,1431,28,28696714,0.0,0.0,0.0,12.345704623796083,0.9909420258195751,1.4653885655068704,7876224,8013600,3368.271,6.406,7079.753,17.36,2.278125047683716,4.999999873689376e-05,88019.2890625,-0.04238113388419151,88019.3046875,0.6300195455551147,0.009428256191313267,1.1931511163711548,0.0
2327.677429032986,-380.6455255555321,1197.1524372837898,100.0,56,5600,False,8019200,80192,1432,73b03aedc11d4733ad70480dfb5e4900,2020-03-24_11-21-54,1585048914,10.660352230072021,15178.445604801178,2887,eclipse,137.195.211.213,15178.445604801178,8019200,1432,28,28696714,0.0,0.0,0.0,12.345958128434503,0.9909492876614527,1.4653701046258203,7881728,8019200,3366.198,6.699,7100.988,16.783,2.278125047683716,4.999999873689376e-05,55798.39453125,-0.04905690252780914,55798.41796875,0.7582842111587524,0.010162562131881714,1.4075392484664917,0.0
2314.876326673885,-382.787337205674,1284.979106438269,100.0,56,5600,False,8024800,80248,1433,73b03aedc11d4733ad70480dfb5e4900,2020-03-24_11-22-04,1585048924,10.648905515670776,15189.094510316849,2887,eclipse,137.195.211.213,15189.094510316849,8024800,1433,28,28696714,0.0,0.0,0.0,12.34627698063809,0.9909608906415319,1.4653587374073538,7887232,8024800,3363.279,6.518,7135.453,17.151,2.278125047683716,4.999999873689376e-05,47838.53515625,-0.04639000445604324,47838.55859375,0.8033134937286377,0.009291216731071472,1.5524585247039795,0.0
2340.064464660026,-382.787337205674,1287.719356203337,100.0,56,5600,False,8030400,80304,1434,73b03aedc11d4733ad70480dfb5e4900,2020-03-24_11-22-15,1585048935,10.6282479763031,15199.722758293152,2887,eclipse,137.195.211.213,15199.722758293152,8030400,1434,28,28696714,0.0,0.0,0.0,12.346571103889046,0.9909605330930824,1.4653467595716294,7892736,8030400,3346.879,6.631,7173.129,18.359,2.278125047683716,4.999999873689376e-05,86607.1875,-0.04368992894887924,86607.1953125,0.59684157371521,0.012493990361690521,1.165132761001587,0.0
2309.027504036727,-82.15000334453033,1330.27357868454,100.0,56,5600,False,8036000,80360,1435,73b03aedc11d4733ad70480dfb5e4900,2020-03-24_11-22-26,1585048946,10.670577049255371,15210.393335342407,2887,eclipse,137.195.211.213,15210.393335342407,8036000,1435,28,28696714,0.0,0.0,0.0,12.346904422397929,0.990950421548201,1.4653250944255618,7898240,8036000,3341.392,6.669,7190.234,17.899,2.278125047683716,4.999999873689376e-05,73803.1484375,-0.044589247554540634,73803.171875,0.6659466028213501,0.010666806250810623,1.1619545221328735,0.0
2256.775168438508,-427.0100964362878,1293.3385714362848,100.0,56,5600,False,8041600,80416,1436,73b03aedc11d4733ad70480dfb5e4900,2020-03-24_11-22-36,1585048956,10.658399820327759,15221.051735162735,2887,eclipse,137.195.211.213,15221.051735162735,8041600,1436,28,28696714,0.0,0.0,0.0,12.34720101231174,0.9909426445720859,1.4653117290902637,7903744,8041600,3345.307,6.745,7207.853,18.081,2.278125047683716,4.999999873689376e-05,46069.92578125,-0.05132643133401871,46069.95703125,0.8189432621002197,0.011048808693885803,1.3666608333587646,0.0
2356.5490215269406,-427.0100964362878,1362.1491434845207,100.0,56,5600,False,8047200,80472,1437,73b03aedc11d4733ad70480dfb5e4900,2020-03-24_11-22-47,1585048967,10.671716213226318,15231.723451375961,2887,eclipse,137.195.211.213,15231.723451375961,8047200,1437,28,28696714,0.0,0.0,0.0,12.347588526139745,0.9909457898256795,1.4652956094096696,7909248,8047200,3327.226,6.449,7208.325,17.691,2.278125047683716,4.999999873689376e-05,50753.65234375,-0.04279458895325661,50753.67578125,0.8093900680541992,0.008467464707791805,1.5485135316848755,0.0
2367.9249573092934,-418.77432713708737,1299.4444167452018,100.0,56,5600,False,8052800,80528,1438,73b03aedc11d4733ad70480dfb5e4900,2020-03-24_11-22-58,1585048978,10.620904207229614,15242.344355583191,2887,eclipse,137.195.211.213,15242.344355583191,8052800,1438,28,28696714,0.0,0.0,0.0,12.34783039008963,0.9909428104274707,1.4652768133257856,7914752,8052800,3326.234,6.157,7209.614,16.497,2.278125047683716,4.999999873689376e-05,60479.75,-0.043440066277980804,60479.75390625,0.7482838034629822,0.01219965424388647,1.0431970357894897,0.0
2367.9249573092934,-46.628193463424026,1225.5573446139786,100.0,56,5600,False,8058400,80584,1439,73b03aedc11d4733ad70480dfb5e4900,2020-03-24_11-23-08,1585048988,10.667207717895508,15253.011563301086,2887,eclipse,137.195.211.213,15253.011563301086,8058400,1439,28,28696714,0.0,0.0,0.0,12.34798871082171,0.99093224270118,1.4652667353948907,7920256,8058400,3319.607,5.832,7217.77,17.028,2.278125047683716,4.999999873689376e-05,57028.1640625,-0.0418514758348465,57028.1796875,0.7598811984062195,0.009303922764956951,1.2065726518630981,0.0
2301.983596060867,-47.96707385580878,1196.9796749653601,100.0,56,5600,False,8064000,80640,1440,73b03aedc11d4733ad70480dfb5e4900,2020-03-24_11-23-19,1585048999,10.614460229873657,15263.62602353096,2887,eclipse,137.195.211.213,15263.62602353096,8064000,1440,28,28696714,0.0,0.0,0.0,12.348142370045949,0.9909290442185633,1.4652571683252673,7925760,8064000,3317.475,5.955,7220.776,17.651,2.278125047683716,4.999999873689376e-05,75557.4921875,-0.04266947880387306,75557.5078125,0.6511883735656738,0.010802976787090302,1.17917799949646,0.0
2423.3071433572654,-44.58872565230701,1224.0702546967118,100.0,56,5600,False,8069600,80696,1441,73b03aedc11d4733ad70480dfb5e4900,2020-03-24_11-23-30,1585049010,10.539451837539673,15274.1654753685,2887,eclipse,137.195.211.213,15274.1654753685,8069600,1441,28,28696714,0.0,0.0,0.0,12.34835805199431,0.99093074717478,1.4652514354844968,7931264,8069600,3315.498,5.636,7229.072,16.564,2.278125047683716,4.999999873689376e-05,66347.2578125,-0.04713493585586548,66347.2890625,0.7259454727172852,0.009242240339517593,1.3400758504867554,0.0
2423.3071433572654,-196.50285738194415,1194.8316595264691,100.0,56,5600,False,8075200,80752,1442,73b03aedc11d4733ad70480dfb5e4900,2020-03-24_11-23-40,1585049020,10.649758577346802,15284.815233945847,2887,eclipse,137.195.211.213,15284.815233945847,8075200,1442,28,28696714,0.0,0.0,0.0,12.34853039185896,0.990933907077403,1.4652401786122868,7936768,8075200,3316.065,5.612,7226.78,17.505,2.278125047683716,4.999999873689376e-05,74718.0859375,-0.05080931633710861,74718.1171875,0.6874457001686096,0.011418740265071392,1.2760310173034668,0.0
2393.533809892425,-196.50285738194415,1246.598086646909,100.0,56,5600,False,8080800,80808,1443,73b03aedc11d4733ad70480dfb5e4900,2020-03-24_11-23-51,1585049031,10.648218154907227,15295.463452100754,2887,eclipse,137.195.211.213,15295.463452100754,8080800,1443,28,28696714,0.0,0.0,0.0,12.348745857783085,0.9909310728278224,1.4652263701845811,7942272,8080800,3320.101,5.855,7222.74,17.465,2.278125047683716,4.999999873689376e-05,73431.7578125,-0.04830601066350937,73431.78125,0.6706582307815552,0.011617993004620075,1.1572121381759644,0.0
2393.533809892425,-496.4724112669116,1374.6913867710446,100.0,56,5600,False,8086400,80864,1444,73b03aedc11d4733ad70480dfb5e4900,2020-03-24_11-24-02,1585049042,10.724363803863525,15306.187815904617,2887,eclipse,137.195.211.213,15306.187815904617,8086400,1444,28,28696714,0.0,0.0,0.0,12.349090086174854,0.9909315502755359,1.465225023551901,7947776,8086400,3330.518,5.714,7222.781,17.3,2.278125047683716,4.999999873689376e-05,46811.203125,-0.04804043844342232,46811.23046875,0.8279840350151062,0.009646076709032059,1.6443369388580322,0.0
2268.9421802152283,-51.63326297470219,1275.242168567389,100.0,56,5600,False,8092000,80920,1445,73b03aedc11d4733ad70480dfb5e4900,2020-03-24_11-24-13,1585049053,10.635621547698975,15316.823437452316,2887,eclipse,137.195.211.213,15316.823437452316,8092000,1445,28,28696714,0.0,0.0,0.0,12.349339906454732,0.990928427770279,1.465211430751701,7953280,8092000,3328.017,5.71,7222.512,17.715,2.278125047683716,4.999999873689376e-05,74479.46875,-0.04825605824589729,74479.4921875,0.6493906378746033,0.012545764446258545,1.0158792734146118,0.0
2407.8207993557276,-325.91831096610366,1165.6956860297446,100.0,56,5600,False,8097600,80976,1446,73b03aedc11d4733ad70480dfb5e4900,2020-03-24_11-24-23,1585049063,10.670236110687256,15327.493673563004,2887,eclipse,137.195.211.213,15327.493673563004,8097600,1446,28,28696714,0.0,0.0,0.0,12.349413606864168,0.9909319098896212,1.465192159926857,7958784,8097600,3319.117,5.814,7233.197,18.659,2.278125047683716,4.999999873689376e-05,64868.59375,-0.041112612932920456,64868.6171875,0.7556059956550598,0.011975170113146305,1.3490674495697021,0.0
2407.8207993557276,-325.91831096610366,1263.4023718928693,100.0,56,5600,False,8103200,81032,1447,73b03aedc11d4733ad70480dfb5e4900,2020-03-24_11-24-34,1585049074,10.610677719116211,15338.10435128212,2887,eclipse,137.195.211.213,15338.10435128212,8103200,1447,28,28696714,0.0,0.0,0.0,12.349565174386255,0.9909305808624809,1.4651705936171187,7964288,8103200,3313.091,5.87,7233.55,18.427,2.278125047683716,4.999999873689376e-05,60923.84375,-0.044435832649469376,60923.8671875,0.7632395625114441,0.010118634440004826,1.2353469133377075,0.0
2331.8819535628877,-287.54307287668155,1304.4206453394024,100.0,56,5600,False,8108800,81088,1448,73b03aedc11d4733ad70480dfb5e4900,2020-03-24_11-24-45,1585049085,10.782814025878906,15348.887165307999,2887,eclipse,137.195.211.213,15348.887165307999,8108800,1448,28,28696714,0.0,0.0,0.0,12.349797950615061,0.9909190655434017,1.46515549350556,7969792,8108800,3326.647,5.879,7235.386,19.067,2.278125047683716,4.999999873689376e-05,75877.515625,-0.043514449149370193,75877.53125,0.708069920539856,0.010052879340946674,1.1936668157577515,0.0
2350.167495626853,-47.6120568610896,1186.4827275614052,100.0,56,5600,False,8114400,81144,1449,73b03aedc11d4733ad70480dfb5e4900,2020-03-24_11-24-55,1585049095,10.50672459602356,15359.393889904022,2887,eclipse,137.195.211.213,15359.393889904022,8114400,1449,28,28696714,0.0,0.0,0.0,12.349825714383815,0.990908759565339,1.465131722996172,7975296,8114400,3333.358,5.857,7213.756,19.214,2.278125047683716,4.999999873689376e-05,63872.453125,-0.042585089802742004,63872.4765625,0.7654090523719788,0.010490860790014267,1.3172504901885986,0.0
2288.2192594398216,-415.01699670109093,1226.3721483275915,100.0,56,5600,False,8120000,81200,1450,73b03aedc11d4733ad70480dfb5e4900,2020-03-24_11-25-06,1585049106,10.488942861557007,15369.88283276558,2887,eclipse,137.195.211.213,15369.88283276558,8120000,1450,28,28696714,0.0,0.0,0.0,12.349919147084572,0.9909031501904758,1.465107848393278,7980800,8120000,3342.49,5.675,7193.75,18.845,2.278125047683716,4.999999873689376e-05,56231.34375,-0.04551345109939575,56231.37109375,0.7816327810287476,0.0099472776055336,1.2765326499938965,0.0
2271.0088570123394,-415.01699670109093,1291.5036827897984,100.0,56,5600,False,8125600,81256,1451,73b03aedc11d4733ad70480dfb5e4900,2020-03-24_11-25-16,1585049116,10.381886720657349,15380.264719486237,2887,eclipse,137.195.211.213,15380.264719486237,8125600,1451,28,28696714,0.0,0.0,0.0,12.350327634921891,0.9909097149442041,1.4651150410459097,7986304,8125600,3349.866,6.604,7168.843,19.38,2.278125047683716,4.999999873689376e-05,64416.33203125,-0.04791198670864105,64416.359375,0.6564239859580994,0.009398706257343292,1.2327615022659302,0.0
2354.274116823175,-500.5394836917787,1321.5342355460373,100.0,56,5600,False,8131200,81312,1452,73b03aedc11d4733ad70480dfb5e4900,2020-03-24_11-25-27,1585049127,10.35424256324768,15390.618962049484,2887,eclipse,137.195.211.213,15390.618962049484,8131200,1452,28,28696714,0.0,0.0,0.0,12.350874288214008,0.9909245069965255,1.4651530448139638,7991808,8131200,3353.449,6.692,7136.954,18.838,2.278125047683716,4.999999873689376e-05,74514.0078125,-0.044719986617565155,74514.03125,0.6885156631469727,0.011563483625650406,1.2334394454956055,0.0
2200.658483403365,-500.5394836917787,1133.443687679313,100.0,56,5600,False,8136800,81368,1453,73b03aedc11d4733ad70480dfb5e4900,2020-03-24_11-25-37,1585049137,10.580291986465454,15401.19925403595,2887,eclipse,137.195.211.213,15401.19925403595,8136800,1453,28,28696714,0.0,0.0,0.0,12.351180049042501,0.9909404761856915,1.4652019396093414,7997312,8136800,3355.468,6.756,7128.848,19.145,2.278125047683716,4.999999873689376e-05,67807.96875,-0.052020858973264694,67808.0,0.6890568733215332,0.010257711634039879,1.1221065521240234,0.0
3390.194327992049,-226.78683515645122,1210.9552389856694,100.0,56,5600,False,8142400,81424,1454,73b03aedc11d4733ad70480dfb5e4900,2020-03-24_11-25-48,1585049148,10.421391010284424,15411.620645046234,2887,eclipse,137.195.211.213,15411.620645046234,8142400,1454,28,28696714,0.01,0.0,1.0,12.351501431043785,0.9909399230011681,1.4652381920194415,8002816,8142400,3362.21,6.813,7093.549,19.012,2.278125047683716,4.999999873689376e-05,97531.734375,-0.04392481595277786,97531.75,0.5813513398170471,0.013260744512081146,1.0134871006011963,0.0
3390.194327992049,-41.826952279286154,1325.2389653494135,100.0,56,5600,False,8148000,81480,1455,73b03aedc11d4733ad70480dfb5e4900,2020-03-24_11-25-59,1585049159,10.892895936965942,15422.5135409832,2887,eclipse,137.195.211.213,15422.5135409832,8148000,1455,28,28696714,0.02,0.0,1.0,12.352038335862167,0.9909632612100833,1.4652710175599857,8008320,8148000,3382.577,6.94,7100.133,19.628,2.278125047683716,4.999999873689376e-05,51975.14453125,-0.04436869919300079,51975.16796875,0.7349472045898438,0.008378555998206139,1.3757773637771606,0.0
2396.993796292555,-41.462776984703844,1322.0798303042307,100.0,56,5600,False,8153600,81536,1456,73b03aedc11d4733ad70480dfb5e4900,2020-03-24_11-26-09,1585049169,10.73324728012085,15433.246788263321,2887,eclipse,137.195.211.213,15433.246788263321,8153600,1456,28,28696714,0.02,0.0,1.0,12.352474897943605,0.9909801004052367,1.4652714968047902,8013824,8153600,3391.218,6.824,7097.236,18.93,2.278125047683716,4.999999873689376e-05,83890.21875,-0.04489975795149803,83890.2421875,0.6151212453842163,0.012643990106880665,1.0645108222961426,0.0
2396.993796292555,-363.9386981465262,1276.090949874558,100.0,56,5600,False,8159200,81592,1457,73b03aedc11d4733ad70480dfb5e4900,2020-03-24_11-26-20,1585049180,10.618534326553345,15443.865322589874,2887,eclipse,137.195.211.213,15443.865322589874,8159200,1457,28,28696714,0.03,0.0,1.0,12.352676546919927,0.9909722601740587,1.465245653627394,8019328,8159200,3390.421,6.812,7098.079,18.331,2.278125047683716,4.999999873689376e-05,94092.28125,-0.04096611589193344,94092.3046875,0.6156592965126038,0.011914408765733242,1.0379880666732788,0.0
2272.142442029437,-363.9386981465262,1209.7514042110392,100.0,56,5600,False,8164800,81648,1458,73b03aedc11d4733ad70480dfb5e4900,2020-03-24_11-26-31,1585049191,10.62495493888855,15454.490277528763,2887,eclipse,137.195.211.213,15454.490277528763,8164800,1458,28,28696714,0.0,0.0,0.0,12.352878944976565,0.9909725324411306,1.465226624850048,8024832,8164800,3380.954,7.018,7090.613,18.459,2.278125047683716,4.999999873689376e-05,73754.1015625,-0.04275556653738022,73754.125,0.6128113269805908,0.010441312566399574,1.165608286857605,0.0
2328.25021558547,-37.82424611174798,1201.0777633262717,100.0,56,5600,False,8170400,81704,1459,73b03aedc11d4733ad70480dfb5e4900,2020-03-24_11-26-41,1585049201,10.531691312789917,15465.021968841553,2887,eclipse,137.195.211.213,15465.021968841553,8170400,1459,28,28696714,0.0,0.0,0.0,12.35308591305624,0.990972050511705,1.46521341284478,8030336,8170400,3369.212,7.074,7105.227,18.345,2.278125047683716,4.999999873689376e-05,82867.4765625,-0.04985521733760834,82867.5078125,0.6615886092185974,0.00934948306530714,1.1357578039169312,0.0
2328.25021558547,-407.9793099931768,1289.5001670118368,100.0,56,5600,False,8176000,81760,1460,73b03aedc11d4733ad70480dfb5e4900,2020-03-24_11-26-52,1585049212,10.620161294937134,15475.64213013649,2887,eclipse,137.195.211.213,15475.64213013649,8176000,1460,28,28696714,0.0,0.0,0.0,12.353381066948359,0.9909730122509042,1.46522162553483,8035840,8176000,3361.274,7.143,7125.309,18.429,2.278125047683716,4.999999873689376e-05,83013.1953125,-0.04232034459710121,83013.203125,0.6117464900016785,0.011164948344230652,1.2581783533096313,0.0
2375.9743021029667,-407.9793099931768,1248.2404428607374,100.0,56,5600,False,8181600,81816,1461,73b03aedc11d4733ad70480dfb5e4900,2020-03-24_11-27-03,1585049223,10.68536639213562,15486.327496528625,2887,eclipse,137.195.211.213,15486.327496528625,8181600,1461,28,28696714,0.0,0.0,0.0,12.35363859516201,0.9909650251722784,1.4652233527128227,8041344,8181600,3360.648,5.996,7155.774,18.245,2.278125047683716,4.999999873689376e-05,68666.828125,-0.041585322469472885,68666.8515625,0.7001777291297913,0.010246324352920055,0.9311954379081726,0.0
2375.9743021029667,-47.912657587325086,1285.4942091191574,100.0,56,5600,False,8187200,81872,1462,73b03aedc11d4733ad70480dfb5e4900,2020-03-24_11-27-13,1585049233,10.58033800125122,15496.907834529877,2887,eclipse,137.195.211.213,15496.907834529877,8187200,1462,28,28696714,0.0,0.0,0.0,12.3538971560524,0.9909559453207212,1.4652042923167312,8046848,8187200,3351.493,6.042,7186.946,18.463,2.278125047683716,4.999999873689376e-05,57216.1640625,-0.04479698836803436,57216.1796875,0.733750581741333,0.010449855588376522,1.1159825325012207,0.0
2266.035269293437,-324.3333543651746,1196.5624228672752,100.0,56,5600,False,8192800,81928,1463,73b03aedc11d4733ad70480dfb5e4900,2020-03-24_11-27-24,1585049244,10.556748867034912,15507.464583396912,2887,eclipse,137.195.211.213,15507.464583396912,8192800,1463,28,28696714,0.0,0.0,0.0,12.354076855659251,0.9909463807919618,1.4651915065411174,8052352,8192800,3345.574,5.947,7190.341,18.095,2.278125047683716,4.999999873689376e-05,81938.671875,-0.050679732114076614,81938.703125,0.6540723443031311,0.010724557563662529,1.1464258432388306,0.0
2366.425387227589,-324.3333543651746,1252.9487817514098,100.0,56,5600,False,8198400,81984,1464,73b03aedc11d4733ad70480dfb5e4900,2020-03-24_11-27-35,1585049255,10.625233888626099,15518.089817285538,2887,eclipse,137.195.211.213,15518.089817285538,8198400,1464,28,28696714,0.0,0.0,0.0,12.354306146508417,0.9909414363317367,1.4651797975275458,8057856,8198400,3335.443,6.141,7218.348,18.43,2.278125047683716,4.999999873689376e-05,67025.171875,-0.052016109228134155,67025.203125,0.733120858669281,0.01087968423962593,1.2843716144561768,0.0
2306.160637921238,-412.3672230691885,1299.891275336566,100.0,56,5600,False,8204000,82040,1465,73b03aedc11d4733ad70480dfb5e4900,2020-03-24_11-27-45,1585049265,10.76262354850769,15528.852440834045,2887,eclipse,137.195.211.213,15528.852440834045,8204000,1465,28,28696714,0.0,0.0,0.0,12.354596952312017,0.9909369070115553,1.4651672950725372,8063360,8204000,3325.98,6.013,7214.445,17.955,2.278125047683716,4.999999873689376e-05,58488.66796875,-0.039418358355760574,58488.6796875,0.7491253018379211,0.014713861048221588,1.1814613342285156,0.0
2291.516771984285,-412.3672230691885,1203.1897481614005,100.0,56,5600,False,8209600,82096,1466,73b03aedc11d4733ad70480dfb5e4900,2020-03-24_11-27-56,1585049276,10.6010000705719,15539.453440904617,2887,eclipse,137.195.211.213,15539.453440904617,8209600,1466,28,28696714,0.0,0.0,0.0,12.354817086123374,0.9909334512873065,1.4651451030729645,8068864,8209600,3314.725,6.007,7212.861,18.42,2.278125047683716,4.999999873689376e-05,60219.0390625,-0.040588244795799255,60219.05859375,0.7218788266181946,0.009782022796571255,1.2380032539367676,0.0
2308.2381851223586,-44.56756844722258,1285.6670258843467,100.0,56,5600,False,8215200,82152,1467,73b03aedc11d4733ad70480dfb5e4900,2020-03-24_11-28-07,1585049287,10.657033681869507,15550.110474586487,2887,eclipse,137.195.211.213,15550.110474586487,8215200,1467,28,28696714,0.0,0.0,0.0,12.35511924215087,0.9909285219064478,1.465125600349265,8074368,8215200,3320.373,5.97,7212.941,18.943,2.278125047683716,4.999999873689376e-05,46600.69921875,-0.042849402874708176,46600.71484375,0.8076589703559875,0.010436346754431725,1.382379412651062,0.0
2308.2381851223586,-53.39721399392877,1318.534984012128,100.0,56,5600,False,8220800,82208,1468,73b03aedc11d4733ad70480dfb5e4900,2020-03-24_11-28-17,1585049297,10.566389560699463,15560.676864147186,2887,eclipse,137.195.211.213,15560.676864147186,8220800,1468,28,28696714,0.0,0.0,0.0,12.355391590018655,0.9909328256536355,1.465108689840992,8079872,8220800,3320.755,5.526,7209.392,18.427,2.278125047683716,4.999999873689376e-05,56576.16796875,-0.043676991015672684,56576.1875,0.7661483287811279,0.009712363593280315,1.3773144483566284,0.0
2277.7599147445194,-44.94112870053255,1303.6504799723198,100.0,56,5600,False,8226400,82264,1469,73b03aedc11d4733ad70480dfb5e4900,2020-03-24_11-28-28,1585049308,10.692945718765259,15571.369809865952,2887,eclipse,137.195.211.213,15571.369809865952,8226400,1469,28,28696714,0.0,0.0,0.0,12.355672141163463,0.9909374262463925,1.4650983061055916,8085376,8226400,3331.845,5.457,7215.144,17.837,2.278125047683716,4.999999873689376e-05,63262.734375,-0.051513850688934326,63262.765625,0.7213305830955505,0.010457297787070274,1.0874438285827637,0.0
2318.684451837206,-335.6682850841519,1278.1286050420913,100.0,56,5600,False,8232000,82320,1470,73b03aedc11d4733ad70480dfb5e4900,2020-03-24_11-28-39,1585049319,10.713554620742798,15582.083364486694,2887,eclipse,137.195.211.213,15582.083364486694,8232000,1470,28,28696714,0.0,0.0,0.0,12.355925797825444,0.9909434287762483,1.4650947420367195,8090880,8232000,3341.557,5.359,7214.974,17.806,2.278125047683716,4.999999873689376e-05,63306.9296875,-0.04367624968290329,63306.953125,0.7251344919204712,0.010106564499437809,1.170864224433899,0.0
2270.810819687429,-335.6682850841519,1304.9869868929627,100.0,56,5600,False,8237600,82376,1471,73b03aedc11d4733ad70480dfb5e4900,2020-03-24_11-28-49,1585049329,10.659704208374023,15592.743068695068,2887,eclipse,137.195.211.213,15592.743068695068,8237600,1471,28,28696714,0.0,0.0,0.0,12.356248642394407,0.990945031198423,1.4650789956417258,8096384,8237600,3340.215,5.556,7213.73,18.369,2.278125047683716,4.999999873689376e-05,73734.953125,-0.04089229181408882,73734.984375,0.6707277297973633,0.009482146240770817,1.2096158266067505,0.0
2300.5972947004175,-56.03197789971554,1241.2254061703354,100.0,56,5600,False,8243200,82432,1472,73b03aedc11d4733ad70480dfb5e4900,2020-03-24_11-29-00,1585049340,10.657965898513794,15603.401034593582,2887,eclipse,137.195.211.213,15603.401034593582,8243200,1472,28,28696714,0.0,0.0,0.0,12.356515759485601,0.990945756415187,1.465062323697875,8101888,8243200,3352.863,5.359,7207.954,18.218,2.278125047683716,4.999999873689376e-05,52982.8359375,-0.045137811452150345,52982.85546875,0.7712804079055786,0.010555787943303585,1.25774347782135,0.0
2386.3789886747563,-248.33963368673236,1086.8242923488967,100.0,56,5600,False,8248800,82488,1473,73b03aedc11d4733ad70480dfb5e4900,2020-03-24_11-29-11,1585049351,10.667850494384766,15614.068885087967,2887,eclipse,137.195.211.213,15614.068885087967,8248800,1473,28,28696714,0.0,0.0,0.0,12.356593917189903,0.9909509571328273,1.4650593579227953,8107392,8248800,3359.057,5.423,7213.853,17.741,2.278125047683716,4.999999873689376e-05,71877.03125,-0.04028737172484398,71877.046875,0.6870735287666321,0.009020693600177765,1.0334641933441162,0.0
2386.3789886747563,-248.33963368673236,1172.5205138322544,100.0,56,5600,False,8254400,82544,1474,73b03aedc11d4733ad70480dfb5e4900,2020-03-24_11-29-22,1585049362,10.661606073379517,15624.730491161346,2887,eclipse,137.195.211.213,15624.730491161346,8254400,1474,28,28696714,0.0,0.0,0.0,12.356764365119039,0.9909494492810336,1.4650519832864277,8112896,8254400,3355.172,4.989,7222.418,16.923,2.278125047683716,4.999999873689376e-05,52651.76171875,-0.045140501111745834,52651.7734375,0.7628291845321655,0.011523752473294735,1.2644885778427124,0.0
2371.473231414574,-46.380483448961556,1333.798282716099,100.0,56,5600,False,8260000,82600,1475,73b03aedc11d4733ad70480dfb5e4900,2020-03-24_11-29-32,1585049372,10.740418195724487,15635.470909357071,2887,eclipse,137.195.211.213,15635.470909357071,8260000,1475,28,28696714,0.0,0.0,0.0,12.357084890616852,0.990952257202254,1.4650347223307836,8118400,8260000,3350.123,5.011,7224.487,16.798,2.278125047683716,4.999999873689376e-05,51350.8828125,-0.044994156807661057,51350.90625,0.7392024397850037,0.009415021166205406,1.4037363529205322,0.0
2549.1800094486653,-357.0683242594958,1292.3812502193548,100.0,56,5600,False,8265600,82656,1476,73b03aedc11d4733ad70480dfb5e4900,2020-03-24_11-29-43,1585049383,10.67642092704773,15646.147330284119,2887,eclipse,137.195.211.213,15646.147330284119,8265600,1476,28,28696714,0.0,0.0,0.0,12.357363110228412,0.9909521320438864,1.4650200760662944,8123904,8265600,3358.555,5.135,7222.484,16.898,2.278125047683716,4.999999873689376e-05,75462.6953125,-0.043234288692474365,75462.7109375,0.7189540863037109,0.010585078969597816,1.500053882598877,0.0
2549.1800094486653,-482.9936704562193,1238.8431934555372,100.0,56,5600,False,8271200,82712,1477,73b03aedc11d4733ad70480dfb5e4900,2020-03-24_11-29-54,1585049394,10.727721691131592,15656.87505197525,2887,eclipse,137.195.211.213,15656.87505197525,8271200,1477,28,28696714,0.0,0.0,0.0,12.357553359748286,0.9909517089117772,1.4650048264090396,8129408,8271200,3363.582,5.2,7222.59,16.597,2.278125047683716,4.999999873689376e-05,56096.33203125,-0.04556311294436455,56096.3359375,0.7479717135429382,0.013140794821083546,1.386521816253662,0.0
2407.959695509832,-482.9936704562193,1353.4149886635662,100.0,56,5600,False,8276800,82768,1478,73b03aedc11d4733ad70480dfb5e4900,2020-03-24_11-30-05,1585049405,10.686973810195923,15667.562025785446,2887,eclipse,137.195.211.213,15667.562025785446,8276800,1478,28,28696714,0.0,0.0,0.0,12.357937132506533,0.9909576870357814,1.464988207020808,8134912,8276800,3365.915,5.666,7229.436,17.486,2.278125047683716,4.999999873689376e-05,43263.4453125,-0.046785786747932434,43263.47265625,0.8064518570899963,0.009078231640160084,1.5301299095153809,0.0
2230.8887125053566,-360.92191493921484,1357.711199992408,100.0,56,5600,False,8282400,82824,1479,73b03aedc11d4733ad70480dfb5e4900,2020-03-24_11-30-15,1585049415,10.419668197631836,15677.981693983078,2887,eclipse,137.195.211.213,15677.981693983078,8282400,1479,28,28696714,0.0,0.0,0.0,12.358407753230376,0.9909753849736669,1.4649981159837921,8140416,8282400,3373.114,5.721,7194.565,18.251,2.278125047683716,4.999999873689376e-05,53501.87109375,-0.04645714536309242,53501.890625,0.7591709494590759,0.011655730195343494,1.2772560119628906,0.0
2268.8582439899733,-360.92191493921484,1221.186265241662,100.0,56,5600,False,8288000,82880,1480,73b03aedc11d4733ad70480dfb5e4900,2020-03-24_11-30-25,1585049425,10.373811721801758,15688.35550570488,2887,eclipse,137.195.211.213,15688.35550570488,8288000,1480,28,28696714,0.0,0.0,0.0,12.358770009625973,0.9910156903656296,1.4650439620074662,8145920,8288000,3373.095,6.02,7161.449,17.664,2.278125047683716,4.999999873689376e-05,78895.859375,-0.0474456250667572,78895.8828125,0.6778234243392944,0.009322344325482845,1.1943562030792236,0.0
2268.8582439899733,-505.44137629555,1085.230230083519,100.0,56,5600,False,8293600,82936,1481,73b03aedc11d4733ad70480dfb5e4900,2020-03-24_11-30-36,1585049436,10.636439800262451,15698.991945505142,2887,eclipse,137.195.211.213,15698.991945505142,8293600,1481,28,28696714,0.0,0.0,0.0,12.35894621673942,0.9910466398229154,1.4650831433357434,8151424,8293600,3383.268,6.08,7150.436,17.004,2.278125047683716,4.999999873689376e-05,72039.1484375,-0.04974106699228287,72039.171875,0.6727137565612793,0.010253611952066422,1.191839575767517,0.0
2431.4641818370937,-505.44137629555,1202.3480454088294,100.0,56,5600,False,8299200,82992,1482,73b03aedc11d4733ad70480dfb5e4900,2020-03-24_11-30-47,1585049447,10.417730331420898,15709.409675836563,2887,eclipse,137.195.211.213,15709.409675836563,8299200,1482,28,28696714,0.0,0.0,0.0,12.35924357467244,0.9910457584915746,1.465116549524753,8156928,8299200,3380.423,6.129,7127.643,17.185,2.278125047683716,4.999999873689376e-05,45261.25390625,-0.04044031724333763,45261.2734375,0.8215156197547913,0.01032418105751276,1.261060357093811,0.0
2431.4641818370937,-266.46454177484657,1243.3346465071666,100.0,56,5600,False,8304800,83048,1483,73b03aedc11d4733ad70480dfb5e4900,2020-03-24_11-30-57,1585049457,10.75632619857788,15720.166002035141,2887,eclipse,137.195.211.213,15720.166002035141,8304800,1483,28,28696714,0.0,0.0,0.0,12.359768796530666,0.9910603526065614,1.4652243508339502,8162432,8304800,3394.814,6.528,7119.742,17.991,2.278125047683716,4.999999873689376e-05,83077.140625,-0.036083947867155075,83077.1640625,0.6808946132659912,0.008458520285785198,1.5610584020614624,0.0
2315.812109684913,-343.25051252642925,1248.2491735388517,100.0,56,5600,False,8310400,83104,1484,73b03aedc11d4733ad70480dfb5e4900,2020-03-24_11-31-09,1585049469,11.091115474700928,15731.257117509842,2887,eclipse,137.195.211.213,15731.257117509842,8310400,1484,28,28696714,0.0,0.0,0.0,12.360606545338136,0.9910808333670499,1.4654320937410799,8167936,8310400,3440.602,6.741,7117.874,18.664,2.278125047683716,4.999999873689376e-05,76824.890625,-0.042048465460538864,76824.9140625,0.6693120002746582,0.008700492791831493,1.3943108320236206,0.0
2319.722754698225,-343.25051252642925,1407.8803976238614,100.0,56,5600,False,8316000,83160,1485,73b03aedc11d4733ad70480dfb5e4900,2020-03-24_11-31-19,1585049479,10.656761169433594,15741.913878679276,2887,eclipse,137.195.211.213,15741.913878679276,8316000,1485,28,28696714,0.0,0.0,0.0,12.361413215035888,0.9910734222868524,1.465535233824125,8173440,8316000,3438.466,6.763,7112.419,18.383,2.278125047683716,4.999999873689376e-05,34239.140625,-0.04417625442147255,34239.1640625,0.8430400490760803,0.01026447955518961,1.3455959558486938,0.0
2319.722754698225,-191.6647898549597,1266.4057213532149,100.0,56,5600,False,8321600,83216,1486,73b03aedc11d4733ad70480dfb5e4900,2020-03-24_11-31-30,1585049490,10.659927606582642,15752.573806285858,2887,eclipse,137.195.211.213,15752.573806285858,8321600,1486,28,28696714,0.0,0.0,0.0,12.361704645246393,0.9910736107981808,1.4655278060784107,8178944,8321600,3431.407,6.654,7118.981,18.223,2.278125047683716,4.999999873689376e-05,52012.546875,-0.043515413999557495,52012.55859375,0.7842034697532654,0.011625763028860092,1.2131555080413818,0.0
2352.8958433238568,-543.897215594382,1253.5502093899456,100.0,56,5600,False,8327200,83272,1487,73b03aedc11d4733ad70480dfb5e4900,2020-03-24_11-31-41,1585049501,10.661366939544678,15763.235173225403,2887,eclipse,137.195.211.213,15763.235173225403,8327200,1487,28,28696714,0.0,0.0,0.0,12.361934894150547,0.9910694061613117,1.4655227701517948,8184448,8327200,3424.599,6.592,7119.124,18.47,2.278125047683716,4.999999873689376e-05,72348.3671875,-0.0405571311712265,72348.3828125,0.6823499202728271,0.009249621070921421,1.2540405988693237,0.0
2287.299370641326,-543.897215594382,1173.359055363866,100.0,56,5600,False,8332800,83328,1488,73b03aedc11d4733ad70480dfb5e4900,2020-03-24_11-31-51,1585049511,10.66403079032898,15773.899204015732,2887,eclipse,137.195.211.213,15773.899204015732,8332800,1488,28,28696714,0.0,0.0,0.0,12.362029342410041,0.9910667740580479,1.4655156095942965,8189952,8332800,3420.822,6.397,7121.692,18.278,2.278125047683716,4.999999873689376e-05,60051.5703125,-0.04913453757762909,60051.59375,0.7716416716575623,0.011436479166150093,1.105049967765808,0.0
2364.634207070425,-484.30190302431237,1153.6433757255688,100.0,56,5600,False,8338400,83384,1489,73b03aedc11d4733ad70480dfb5e4900,2020-03-24_11-32-02,1585049522,10.65146803855896,15784.55067205429,2887,eclipse,137.195.211.213,15784.55067205429,8338400,1489,28,28696714,0.0,0.0,0.0,12.362094406438933,0.9910624437597397,1.4655106529203012,8195456,8338400,3406.057,6.462,7157.874,18.591,2.278125047683716,4.999999873689376e-05,56436.9296875,-0.04527449607849121,56436.94140625,0.7840037941932678,0.011165021918714046,1.2021795511245728,0.0
2364.634207070425,-46.91653928033634,1281.8738217067696,100.0,56,5600,False,8344000,83440,1490,73b03aedc11d4733ad70480dfb5e4900,2020-03-24_11-32-13,1585049533,10.610167980194092,15795.160840034485,2887,eclipse,137.195.211.213,15795.160840034485,8344000,1490,28,28696714,0.0,0.0,0.0,12.362324847925047,0.9910690883998892,1.4655061162672036,8200960,8344000,3395.504,6.236,7190.048,19.014,2.278125047683716,4.999999873689376e-05,64204.01171875,-0.043455347418785095,64204.03515625,0.7153671979904175,0.01095693837851286,1.1366360187530518,0.0
2370.331243741145,-44.770270807030585,1220.303879470714,100.0,56,5600,False,8349600,83496,1491,73b03aedc11d4733ad70480dfb5e4900,2020-03-24_11-32-23,1585049543,10.684343338012695,15805.845183372498,2887,eclipse,137.195.211.213,15805.845183372498,8349600,1491,28,28696714,0.0,0.0,0.0,12.362529899579947,0.9910764011382543,1.4654955278759283,8206464,8349600,3384.776,6.239,7203.002,19.253,2.278125047683716,4.999999873689376e-05,55814.62890625,-0.05009431764483452,55814.65625,0.7396472692489624,0.010200537741184235,0.9833909869194031,0.0
2355.400427499609,-293.7353159109578,1198.935496524399,100.0,56,5600,False,8355200,83552,1492,73b03aedc11d4733ad70480dfb5e4900,2020-03-24_11-32-34,1585049554,10.665903806686401,15816.511087179184,2887,eclipse,137.195.211.213,15816.511087179184,8355200,1492,28,28696714,0.0,0.0,0.0,12.362720397318258,0.9910699716901294,1.465480621201118,8211968,8355200,3380.097,6.233,7232.584,19.166,2.278125047683716,4.999999873689376e-05,56191.00390625,-0.0448877178132534,56191.02734375,0.7242914438247681,0.011149504221975803,1.0293166637420654,0.0
2447.435792968243,-293.7353159109578,1315.7195001022087,100.0,56,5600,False,8360800,83608,1493,73b03aedc11d4733ad70480dfb5e4900,2020-03-24_11-32-45,1585049565,10.661314487457275,15827.172401666641,2887,eclipse,137.195.211.213,15827.172401666641,8360800,1493,28,28696714,0.01,0.0,1.0,12.362997623154094,0.9910676121673414,1.4654762663131078,8217472,8360800,3360.928,5.85,7242.536,18.998,2.278125047683716,4.999999873689376e-05,60158.515625,-0.04905318841338158,60158.546875,0.7469083070755005,0.010078483261168003,1.1233223676681519,0.0
2447.435792968243,-50.93900835583508,1278.7413109503932,100.0,56,5600,False,8366400,83664,1494,73b03aedc11d4733ad70480dfb5e4900,2020-03-24_11-32-55,1585049575,10.600762844085693,15837.773164510727,2887,eclipse,137.195.211.213,15837.773164510727,8366400,1494,28,28696714,0.02,0.0,1.0,12.363261096206916,0.9910635436065931,1.4654680372924307,8222976,8366400,3309.556,6.099,7243.343,18.854,2.278125047683716,4.999999873689376e-05,52290.80859375,-0.04403406009078026,52290.82421875,0.7646827101707458,0.010970281437039375,1.4122090339660645,0.0
2328.8346850233697,-50.93900835583508,1261.5051420140842,100.0,56,5600,False,8372000,83720,1495,73b03aedc11d4733ad70480dfb5e4900,2020-03-24_11-33-06,1585049586,10.63905954360962,15848.412224054337,2887,eclipse,137.195.211.213,15848.412224054337,8372000,1495,28,28696714,0.01,0.0,1.0,12.363562208738141,0.9910642964870511,1.4654689165151749,8228480,8372000,3308.182,6.067,7242.753,19.244,2.278125047683716,4.999999873689376e-05,57856.515625,-0.047462064772844315,57856.5390625,0.6760613918304443,0.010580360889434814,1.10732901096344,0.0
2334.5612828170224,-49.50187490968474,1286.9193126703863,100.0,56,5600,False,8377600,83776,1496,73b03aedc11d4733ad70480dfb5e4900,2020-03-24_11-33-17,1585049597,10.717116832733154,15859.12934088707,2887,eclipse,137.195.211.213,15859.12934088707,8377600,1496,28,28696714,0.0,0.0,0.0,12.363867851701576,0.9910541424693196,1.465463870104757,8233984,8377600,3307.825,5.985,7247.976,19.174,2.278125047683716,4.999999873689376e-05,33454.47265625,-0.04725804924964905,33454.5,0.8664559721946716,0.009488826617598534,1.3127779960632324,0.0
2334.5612828170224,-102.1706333142171,1166.372258066666,100.0,56,5600,False,8383200,83832,1497,73b03aedc11d4733ad70480dfb5e4900,2020-03-24_11-33-28,1585049608,10.668459415435791,15869.797800302505,2887,eclipse,137.195.211.213,15869.797800302505,8383200,1497,28,28696714,0.0,0.0,0.0,12.364036668143672,0.9910428087662573,1.46546961264526,8239488,8383200,3308.48,6.018,7246.425,18.7,2.278125047683716,4.999999873689376e-05,70709.0078125,-0.04803851991891861,70709.03125,0.6630287766456604,0.011712619103491306,0.9557140469551086,0.0
2296.7915945499763,-102.1706333142171,1137.6192855863533,100.0,56,5600,False,8388800,83888,1498,73b03aedc11d4733ad70480dfb5e4900,2020-03-24_11-33-38,1585049618,10.591553211212158,15880.389353513718,2887,eclipse,137.195.211.213,15880.389353513718,8388800,1498,28,28696714,0.0,0.0,0.0,12.364191183745003,0.9910398311026292,1.4654738521838149,8244992,8388800,3307.301,6.02,7240.297,18.576,2.278125047683716,4.999999873689376e-05,65839.546875,-0.045254334807395935,65839.5625,0.706731915473938,0.010873932391405106,1.1136704683303833,0.0
2378.6820605346325,-504.57421583692394,1286.9016108222065,100.0,56,5600,False,8394400,83944,1499,73b03aedc11d4733ad70480dfb5e4900,2020-03-24_11-33-49,1585049629,10.716715812683105,15891.1060693264,2887,eclipse,137.195.211.213,15891.1060693264,8394400,1499,28,28696714,0.0,0.0,0.0,12.364498170308082,0.9910343561158854,1.4654698091176865,8250496,8394400,3311.79,5.959,7242.57,18.12,2.278125047683716,4.999999873689376e-05,68364.71875,-0.04665307700634003,68364.7421875,0.6304559707641602,0.00937227625399828,1.2283085584640503,0.0
2378.6820605346325,-504.57421583692394,1220.6941780837312,100.0,56,5600,False,8400000,84000,1500,73b03aedc11d4733ad70480dfb5e4900,2020-03-24_11-34-00,1585049640,10.604665756225586,15901.710735082626,2887,eclipse,137.195.211.213,15901.710735082626,8400000,1500,28,28696714,0.0,0.0,0.0,12.364738999316085,0.9910353086376387,1.4654823897828526,8256000,8400000,3310.796,6.141,7243.755,18.108,2.278125047683716,4.999999873689376e-05,69251.4140625,-0.04586678743362427,69251.4453125,0.6689569354057312,0.009854859672486782,1.2139827013015747,0.0
2360.285429607227,-534.2370287103647,1207.8651425468797,100.0,56,5600,False,8405600,84056,1501,73b03aedc11d4733ad70480dfb5e4900,2020-03-24_11-34-10,1585049650,10.713006734848022,15912.423741817474,2887,eclipse,137.195.211.213,15912.423741817474,8405600,1501,28,28696714,0.0,0.0,0.0,12.364955106112683,0.9910328170287531,1.4654986379862824,8261504,8405600,3313.111,6.125,7245.903,17.692,2.278125047683716,4.999999873689376e-05,60713.98828125,-0.04245582967996597,60714.0,0.7679939866065979,0.01305509451776743,1.208144187927246,0.0
2360.285429607227,-534.2370287103647,1261.5185098881768,100.0,56,5600,False,8411200,84112,1502,73b03aedc11d4733ad70480dfb5e4900,2020-03-24_11-34-21,1585049661,10.675758600234985,15923.09950041771,2887,eclipse,137.195.211.213,15923.09950041771,8411200,1502,28,28696714,0.0,0.0,0.0,12.365146735061835,0.9910178371265426,1.4654960011439087,8267008,8411200,3309.474,6.181,7251.59,17.529,2.278125047683716,4.999999873689376e-05,82546.4140625,-0.047373950481414795,82546.4453125,0.5838398337364197,0.011113733984529972,0.8641460537910461,0.0
2269.240729347787,-33.78462266114021,1202.9508087396161,100.0,56,5600,False,8416800,84168,1503,73b03aedc11d4733ad70480dfb5e4900,2020-03-24_11-34-32,1585049672,10.612729549407959,15933.712229967117,2887,eclipse,137.195.211.213,15933.712229967117,8416800,1503,28,28696714,0.0,0.0,0.0,12.365267875186127,0.9910176161497966,1.4654909831854874,8272512,8416800,3304.233,6.149,7252.611,17.046,2.278125047683716,4.999999873689376e-05,54256.59765625,-0.0461057685315609,54256.6171875,0.76724773645401,0.010631738230586052,1.0075287818908691,0.0
2269.240729347787,-35.477413339041135,1301.2578122804903,100.0,56,5600,False,8422400,84224,1504,73b03aedc11d4733ad70480dfb5e4900,2020-03-24_11-34-42,1585049682,10.701809883117676,15944.414039850235,2887,eclipse,137.195.211.213,15944.414039850235,8422400,1504,28,28696714,0.0,0.0,0.0,12.365588334147471,0.9910222603574853,1.4654891923331315,8278016,8422400,3310.675,5.621,7256.934,16.772,2.278125047683716,4.999999873689376e-05,56461.37109375,-0.04319410398602486,56461.39453125,0.7083934545516968,0.011528026312589645,1.0111713409423828,0.0
2434.3594451120384,-422.15581391245917,1352.8900696621497,100.0,56,5600,False,8428000,84280,1505,73b03aedc11d4733ad70480dfb5e4900,2020-03-24_11-34-53,1585049693,10.647939682006836,15955.061979532242,2887,eclipse,137.195.211.213,15955.061979532242,8428000,1505,28,28696714,0.0,0.0,0.0,12.365913004160467,0.9910289277731812,1.4654771686869565,8283520,8428000,3307.531,5.618,7259.622,17.03,2.278125047683716,4.999999873689376e-05,70576.7421875,-0.04664422199130058,70576.765625,0.7061851024627686,0.01037856936454773,1.3955936431884766,0.0
2423.356095814351,-74.69339014650764,1324.8622831060898,100.0,56,5600,False,8433600,84336,1506,73b03aedc11d4733ad70480dfb5e4900,2020-03-24_11-35-04,1585049704,10.709682703018188,15965.77166223526,2887,eclipse,137.195.211.213,15965.77166223526,8433600,1506,28,28696714,0.0,0.0,0.0,12.366252965324692,0.9910231490051565,1.4654646489703496,8289024,8433600,3308.39,5.828,7257.714,16.989,2.278125047683716,4.999999873689376e-05,55020.5390625,-0.0432690754532814,55020.5625,0.7492269277572632,0.009666048921644688,1.1225289106369019,0.0
2453.700771743504,-44.065021817289164,1331.2118489574798,100.0,56,5600,False,8439200,84392,1507,73b03aedc11d4733ad70480dfb5e4900,2020-03-24_11-35-14,1585049714,10.21420431137085,15975.98586654663,2887,eclipse,137.195.211.213,15975.98586654663,8439200,1507,28,28696714,0.0,0.0,0.0,12.366667662960822,0.9910359491850664,1.4654740762018619,8294528,8439200,3318.15,5.785,7205.13,17.41,2.278125047683716,4.999999873689376e-05,64578.7109375,-0.04993613436818123,64578.734375,0.7069351077079773,0.012839725241065025,1.1527791023254395,0.0
3258.778122846223,-46.096270282741685,1395.9815357462128,100.0,56,5600,False,8444800,84448,1508,73b03aedc11d4733ad70480dfb5e4900,2020-03-24_11-35-25,1585049725,10.335047006607056,15986.320913553238,2887,eclipse,137.195.211.213,15986.320913553238,8444800,1508,28,28696714,0.02,0.0,1.0,12.367133984716133,0.9910601699579167,1.4655075896244485,8300032,8444800,3327.548,5.772,7171.529,17.478,2.278125047683716,4.999999873689376e-05,67041.96875,-0.04295745864510536,67041.984375,0.7460149526596069,0.012579333037137985,1.2310442924499512,0.0
3258.778122846223,-46.096270282741685,1300.7910119820103,100.0,56,5600,False,8450400,84504,1509,73b03aedc11d4733ad70480dfb5e4900,2020-03-24_11-35-35,1585049735,10.399494886398315,15996.720408439636,2887,eclipse,137.195.211.213,15996.720408439636,8450400,1509,28,28696714,0.02,0.0,1.0,12.367564460756546,0.9910672750296615,1.4655525995910574,8305536,8450400,3330.499,5.818,7137.572,17.517,2.278125047683716,4.999999873689376e-05,59318.40625,-0.05010073259472847,59318.4296875,0.7585792541503906,0.01110316626727581,0.976559042930603,0.0
2293.0026887693293,-503.61468913230266,1264.8829985105453,100.0,56,5600,False,8456000,84560,1510,73b03aedc11d4733ad70480dfb5e4900,2020-03-24_11-35-46,1585049746,10.680304527282715,16007.400712966919,2887,eclipse,137.195.211.213,16007.400712966919,8456000,1510,28,28696714,0.0,0.0,0.0,12.368144953346992,0.9911005683733165,1.4656432601663614,8311040,8456000,3374.9,5.633,7102.746,17.001,2.278125047683716,4.999999873689376e-05,50809.09765625,-0.039628077298402786,50809.1171875,0.7950650453567505,0.010695322416722775,1.360332727432251,0.0
2579.827690947858,-503.61468913230266,1305.7027358965092,100.0,56,5600,False,8461600,84616,1511,73b03aedc11d4733ad70480dfb5e4900,2020-03-24_11-35-56,1585049756,10.6494300365448,16018.050143003464,2887,eclipse,137.195.211.213,16018.050143003464,8461600,1511,28,28696714,0.0,0.0,0.0,12.368741541003793,0.991126859529238,1.4657268295017178,8316544,8461600,3387.68,5.65,7083.533,17.008,2.278125047683716,4.999999873689376e-05,62044.0390625,-0.04309134557843208,62044.0625,0.7441765069961548,0.010679381899535656,1.032112717628479,0.0
2579.827690947858,-261.6423993100751,1192.372516598651,100.0,56,5600,False,8467200,84672,1512,73b03aedc11d4733ad70480dfb5e4900,2020-03-24_11-36-07,1585049767,10.648234605789185,16028.698377609253,2887,eclipse,137.195.211.213,16028.698377609253,8467200,1512,28,28696714,0.0,0.0,0.0,12.368982669797024,0.9911299481784637,1.4657397858507257,8322048,8467200,3384.418,5.842,7082.199,17.479,2.278125047683716,4.999999873689376e-05,70450.8984375,-0.045950159430503845,70450.9375,0.6820797324180603,0.009858709760010242,1.183241605758667,0.0
2354.171233282866,-567.4829003786053,1206.4486415051645,100.0,56,5600,False,8472800,84728,1513,73b03aedc11d4733ad70480dfb5e4900,2020-03-24_11-36-18,1585049778,10.641892671585083,16039.340270280838,2887,eclipse,137.195.211.213,16039.340270280838,8472800,1513,28,28696714,0.0,0.0,0.0,12.369159910137121,0.9911298986218946,1.4657336607641755,8327552,8472800,3387.485,5.826,7080.391,17.71,2.278125047683716,4.999999873689376e-05,100858.0703125,-0.0376318097114563,100858.0703125,0.5892543792724609,0.01004539430141449,1.0684521198272705,0.0
2347.4196638585804,-440.94712296928594,1271.1604333681603,100.0,56,5600,False,8478400,84784,1514,73b03aedc11d4733ad70480dfb5e4900,2020-03-24_11-36-28,1585049788,10.635923385620117,16049.976193666458,2887,eclipse,137.195.211.213,16049.976193666458,8478400,1514,28,28696714,0.0,0.0,0.0,12.36935460754115,0.9911239514059318,1.4657266870521495,8333056,8478400,3384.371,6.103,7075.97,17.914,2.278125047683716,4.999999873689376e-05,51661.140625,-0.04538140445947647,51661.15234375,0.8048464059829712,0.011331708170473576,1.0860251188278198,0.0
2290.297263411775,-519.1983411603461,1223.6518402614815,100.0,56,5600,False,8484000,84840,1515,73b03aedc11d4733ad70480dfb5e4900,2020-03-24_11-36-39,1585049799,10.589273691177368,16060.565467357635,2887,eclipse,137.195.211.213,16060.565467357635,8484000,1515,28,28696714,0.0,0.0,0.0,12.36953144683822,0.991119876324521,1.465724013140641,8338560,8484000,3379.356,6.164,7075.963,18.106,2.278125047683716,4.999999873689376e-05,74735.8671875,-0.04173621907830238,74735.8828125,0.6588897109031677,0.009618007577955723,1.3416035175323486,0.0
2276.4527562864746,-547.3054159955337,1252.0025122721966,100.0,56,5600,False,8489600,84896,1516,73b03aedc11d4733ad70480dfb5e4900,2020-03-24_11-36-50,1585049810,10.6281259059906,16071.193593263626,2887,eclipse,137.195.211.213,16071.193593263626,8489600,1516,28,28696714,0.0,0.0,0.0,12.369780021738157,0.9911206702989542,1.4657110626328436,8344064,8489600,3377.637,6.021,7069.716,18.094,2.278125047683716,4.999999873689376e-05,72728.609375,-0.048205193132162094,72728.6328125,0.6739580035209656,0.01111522689461708,1.1900577545166016,0.0
2375.878446710426,-49.00918563214047,1332.0138513743095,100.0,56,5600,False,8495200,84952,1517,73b03aedc11d4733ad70480dfb5e4900,2020-03-24_11-37-01,1585049821,10.737961769104004,16081.93155503273,2887,eclipse,137.195.211.213,16081.93155503273,8495200,1517,28,28696714,0.0,0.0,0.0,12.370109029854138,0.991121879735552,1.4657019610297335,8349568,8495200,3372.196,6.075,7126.266,18.275,2.278125047683716,4.999999873689376e-05,61814.53515625,-0.04063139855861664,61814.5390625,0.7265886664390564,0.012272411026060581,1.3068037033081055,0.0
2305.138709198841,-215.3906572045674,1314.0327636227419,100.0,56,5600,False,8500800,85008,1518,73b03aedc11d4733ad70480dfb5e4900,2020-03-24_11-37-11,1585049831,10.703675508499146,16092.63523054123,2887,eclipse,137.195.211.213,16092.63523054123,8500800,1518,28,28696714,0.0,0.0,0.0,12.370370346683739,0.9911249787346884,1.4656989188667553,8355072,8500800,3364.467,6.313,7167.785,18.312,2.278125047683716,4.999999873689376e-05,69309.921875,-0.045780379325151443,69309.953125,0.71349036693573,0.009283717721700668,1.3481266498565674,0.0
2305.138709198841,-215.3906572045674,1327.060702960371,100.0,56,5600,False,8506400,85064,1519,73b03aedc11d4733ad70480dfb5e4900,2020-03-24_11-37-22,1585049842,10.584853887557983,16103.220084428787,2887,eclipse,137.195.211.213,16103.220084428787,8506400,1519,28,28696714,0.0,0.0,0.0,12.370650638730693,0.9911151147037374,1.4656870856757123,8360576,8506400,3357.383,6.248,7193.499,17.83,2.278125047683716,4.999999873689376e-05,54163.5,-0.04568592831492424,54163.5234375,0.7496376633644104,0.009771253913640976,1.3004646301269531,0.0
2301.033377861096,-406.3802607869781,1267.6223356183264,100.0,56,5600,False,8512000,85120,1520,73b03aedc11d4733ad70480dfb5e4900,2020-03-24_11-37-33,1585049853,10.645139217376709,16113.865223646164,2887,eclipse,137.195.211.213,16113.865223646164,8512000,1520,28,28696714,0.0,0.0,0.0,12.370935407900339,0.9911075041487972,1.4656813940855042,8366080,8512000,3316.888,6.246,7228.191,18.217,2.278125047683716,4.999999873689376e-05,70956.921875,-0.04057244583964348,70956.9453125,0.7051822543144226,0.01015332993119955,1.1907625198364258,0.0
2493.795843510493,-406.3802607869781,1334.4377559515392,100.0,56,5600,False,8517600,85176,1521,73b03aedc11d4733ad70480dfb5e4900,2020-03-24_11-37-44,1585049864,10.934075355529785,16124.799299001694,2887,eclipse,137.195.211.213,16124.799299001694,8517600,1521,28,28696714,0.0,0.0,0.0,12.371578265906782,0.991109371432134,1.465779562470179,8371584,8517600,3328.864,6.24,7244.265,18.405,2.278125047683716,4.999999873689376e-05,49217.55078125,-0.04456401616334915,49217.5703125,0.7709180116653442,0.010635871440172195,1.3088129758834839,0.0
2493.795843510493,-54.573350308258625,1271.0676703506726,100.0,56,5600,False,8523200,85232,1522,73b03aedc11d4733ad70480dfb5e4900,2020-03-24_11-37-55,1585049875,11.312563180923462,16136.111862182617,2887,eclipse,137.195.211.213,16136.111862182617,8523200,1522,28,28696714,0.0,0.0,0.0,12.372724842177686,0.9911447041038304,1.4660403647627802,8377088,8523200,3400.929,5.745,7242.611,18.555,2.278125047683716,4.999999873689376e-05,51752.390625,-0.04806572198867798,51752.4140625,0.7655007243156433,0.011081883683800697,1.0855705738067627,0.0
4222.863257075756,-51.486385991599406,1284.5599350326977,100.0,56,5600,False,8528800,85288,1523,73b03aedc11d4733ad70480dfb5e4900,2020-03-24_11-38-06,1585049886,10.740866899490356,16146.852729082108,2887,eclipse,137.195.211.213,16146.852729082108,8528800,1523,28,28696714,0.01,0.0,1.0,12.373470485107223,0.991165641274113,1.46618135806724,8382592,8528800,3402.909,5.74,7252.348,18.727,2.278125047683716,4.999999873689376e-05,134149.59375,-0.03590467572212219,134149.578125,0.5766345858573914,0.015057827346026897,1.242004632949829,0.0
4222.863257075756,-365.16049276629064,1307.7800850503588,100.0,56,5600,False,8534400,85344,1524,73b03aedc11d4733ad70480dfb5e4900,2020-03-24_11-38-16,1585049896,10.608680963516235,16157.461410045624,2887,eclipse,137.195.211.213,16157.461410045624,8534400,1524,28,28696714,0.01,0.0,1.0,12.373682431672018,0.9911690183421262,1.4661737718397305,8388096,8534400,3403.32,5.994,7250.003,18.799,2.278125047683716,4.999999873689376e-05,79134.484375,-0.04783531278371811,79134.5078125,0.6915334463119507,0.009694233536720276,1.2881940603256226,0.0
2345.4337797220023,-365.16049276629064,1211.9959251749685,100.0,56,5600,False,8540000,85400,1525,73b03aedc11d4733ad70480dfb5e4900,2020-03-24_11-38-27,1585049907,10.596847295761108,16168.058257341385,2887,eclipse,137.195.211.213,16168.058257341385,8540000,1525,28,28696714,0.0,0.0,0.0,12.373850493659166,0.9911679576563373,1.4661619269584554,8393600,8540000,3407.859,5.941,7247.638,18.293,2.278125047683716,4.999999873689376e-05,67052.921875,-0.04779566824436188,67052.9609375,0.6586428880691528,0.010244921781122684,0.9914988279342651,0.0
2421.90314629249,-340.4905184899835,1139.5705781284742,100.0,56,5600,False,8545600,85456,1526,73b03aedc11d4733ad70480dfb5e4900,2020-03-24_11-38-38,1585049918,10.650096893310547,16178.708354234695,2887,eclipse,137.195.211.213,16178.708354234695,8545600,1526,28,28696714,0.0,0.0,0.0,12.373988792129822,0.9911628428901053,1.466145721923343,8399104,8545600,3407.695,6.152,7251.591,18.181,2.278125047683716,4.999999873689376e-05,75707.3984375,-0.051447052508592606,75707.4296875,0.6343674659729004,0.010429223999381065,1.0564733743667603,0.0
2421.90314629249,-393.99162724988247,1285.0984037469777,100.0,56,5600,False,8551200,85512,1527,73b03aedc11d4733ad70480dfb5e4900,2020-03-24_11-38-48,1585049928,10.73733901977539,16189.44569325447,2887,eclipse,137.195.211.213,16189.44569325447,8551200,1527,28,28696714,0.02,0.0,1.0,12.374318643444749,0.9911563907964915,1.466142815401849,8404608,8551200,3415.402,6.121,7245.704,18.065,2.278125047683716,4.999999873689376e-05,49701.1796875,-0.049200523644685745,49701.203125,0.8007291555404663,0.009267094545066357,1.411238670349121,0.0
2459.0599958613966,-393.99162724988247,1334.075824257157,100.0,56,5600,False,8556800,85568,1528,73b03aedc11d4733ad70480dfb5e4900,2020-03-24_11-38-59,1585049939,10.752267837524414,16200.197961091995,2887,eclipse,137.195.211.213,16200.197961091995,8556800,1528,28,28696714,0.0,0.0,0.0,12.374623937038118,0.9911549474013647,1.466141081873957,8410112,8556800,3419.103,5.886,7247.786,17.328,2.278125047683716,4.999999873689376e-05,45021.55859375,-0.049133289605379105,45021.58203125,0.8337284326553345,0.011782001703977585,1.3472864627838135,0.0
2459.0599958613966,-65.31478780940375,1269.0113542768074,100.0,56,5600,False,8562400,85624,1529,73b03aedc11d4733ad70480dfb5e4900,2020-03-24_11-39-10,1585049950,10.620352029800415,16210.818313121796,2887,eclipse,137.195.211.213,16210.818313121796,8562400,1529,28,28696714,0.0,0.0,0.0,12.374759490762735,0.9911505230198719,1.4661405694208034,8415616,8562400,3417.67,5.954,7251.702,17.427,2.278125047683716,4.999999873689376e-05,64921.22265625,-0.04597017541527748,64921.25,0.7710040807723999,0.009842348285019398,1.3230003118515015,0.0
2348.9034912235043,-337.12459442940434,1430.0027643241567,100.0,56,5600,False,8568000,85680,1530,73b03aedc11d4733ad70480dfb5e4900,2020-03-24_11-39-21,1585049961,10.660249471664429,16221.47856259346,2887,eclipse,137.195.211.213,16221.47856259346,8568000,1530,28,28696714,0.0,0.0,0.0,12.3751177504658,0.9911467382909075,1.4661427127981457,8421120,8568000,3416.996,5.681,7253.977,17.712,2.278125047683716,4.999999873689376e-05,45746.6640625,-0.05087542161345482,45746.6875,0.8204429149627686,0.009907149709761143,1.6426535844802856,0.0
2348.9034912235043,-337.12459442940434,1380.0450597831473,100.0,56,5600,False,8573600,85736,1531,73b03aedc11d4733ad70480dfb5e4900,2020-03-24_11-39-31,1585049971,10.748199939727783,16232.226762533188,2887,eclipse,137.195.211.213,16232.226762533188,8573600,1531,28,28696714,0.0,0.0,0.0,12.375448897805441,0.9911431984740008,1.4661412022727256,8426624,8573600,3395.967,5.711,7257.243,17.984,2.278125047683716,4.999999873689376e-05,60125.82421875,-0.04317821189761162,60125.8359375,0.7323682308197021,0.011193363927304745,1.2421883344650269,0.0
2439.8592130547804,-525.2493251225915,1325.3388500144488,100.0,56,5600,False,8579200,85792,1532,73b03aedc11d4733ad70480dfb5e4900,2020-03-24_11-39-42,1585049982,10.6740243434906,16242.900786876678,2887,eclipse,137.195.211.213,16242.900786876678,8579200,1532,28,28696714,0.0,0.0,0.0,12.37568079862312,0.9911315745150856,1.4661393428413658,8432128,8579200,3327.303,5.962,7259.011,17.362,2.278125047683716,4.999999873689376e-05,67471.6796875,-0.050847817212343216,67471.703125,0.6973587274551392,0.010829144157469273,0.9538783431053162,0.0
2292.832884963352,-49.23691849266343,1372.7131791046447,100.0,56,5600,False,8584800,85848,1533,73b03aedc11d4733ad70480dfb5e4900,2020-03-24_11-39-53,1585049993,10.705278158187866,16253.606065034866,2887,eclipse,137.195.211.213,16253.606065034866,8584800,1533,28,28696714,0.0,0.0,0.0,12.376009654609927,0.9911282927689488,1.4661274214407825,8437632,8584800,3328.874,5.968,7252.762,16.873,2.278125047683716,4.999999873689376e-05,50660.76171875,-0.04699376970529556,50660.796875,0.7824543118476868,0.010694039054214954,1.2845641374588013,0.0
2400.348276450763,-149.9262577508495,1272.0312042955245,100.0,56,5600,False,8590400,85904,1534,73b03aedc11d4733ad70480dfb5e4900,2020-03-24_11-40-04,1585050004,10.6996910572052,16264.305756092072,2887,eclipse,137.195.211.213,16264.305756092072,8590400,1534,28,28696714,0.0,0.0,0.0,12.376263576647236,0.9911295335298667,1.466130036928199,8443136,8590400,3329.571,5.697,7258.92,16.689,2.278125047683716,4.999999873689376e-05,73365.5546875,-0.048197995871305466,73365.578125,0.7105064988136292,0.010297873988747597,1.341705322265625,0.0
2400.348276450763,-405.09039603529527,1257.7651555226607,100.0,56,5600,False,8596000,85960,1535,73b03aedc11d4733ad70480dfb5e4900,2020-03-24_11-40-14,1585050014,10.322668075561523,16274.628424167633,2887,eclipse,137.195.211.213,16274.628424167633,8596000,1535,28,28696714,0.0,0.0,0.0,12.376583167594701,0.9911353105857944,1.4661573318248893,8448640,8596000,3339.165,5.979,7218.623,17.357,2.278125047683716,4.999999873689376e-05,72943.7421875,-0.038205284625291824,72943.7578125,0.6802794337272644,0.011209712363779545,1.0731589794158936,0.0
2251.6035068680203,-405.09039603529527,1320.2938377954865,100.0,56,5600,False,8601600,86016,1536,73b03aedc11d4733ad70480dfb5e4900,2020-03-24_11-40-24,1585050024,10.36722207069397,16284.995646238327,2887,eclipse,137.195.211.213,16284.995646238327,8601600,1536,28,28696714,0.0,0.0,0.0,12.377014944881262,0.9911507679994783,1.466189280893837,8454144,8601600,3350.255,5.765,7179.977,17.419,2.278125047683716,4.999999873689376e-05,62570.390625,-0.04820427671074867,62570.42578125,0.7100270390510559,0.009499202482402325,1.4764602184295654,0.0
2418.763410133255,-442.81019525931976,1433.7857681713097,100.0,56,5600,False,8607200,86072,1537,73b03aedc11d4733ad70480dfb5e4900,2020-03-24_11-40-35,1585050035,10.53068470954895,16295.526330947876,2887,eclipse,137.195.211.213,16295.526330947876,8607200,1537,28,28696714,0.0,0.0,0.0,12.377602259622423,0.9911577991124016,1.4662148109721058,8459648,8607200,3350.12,5.813,7157.623,17.289,2.278125047683716,4.999999873689376e-05,58706.46484375,-0.04986357316374779,58706.5,0.7589139938354492,0.009419077076017857,1.3701152801513672,0.0
2469.286538530916,-430.24346859633795,1376.9715695836019,100.0,56,5600,False,8612800,86128,1538,73b03aedc11d4733ad70480dfb5e4900,2020-03-24_11-40-46,1585050046,10.765918493270874,16306.292249441147,2887,eclipse,137.195.211.213,16306.292249441147,8612800,1538,28,28696714,0.0,0.0,0.0,12.3783080857627,0.9911853575449606,1.4662954220301532,8465152,8612800,3387.967,5.849,7122.754,18.623,2.278125047683716,4.999999873689376e-05,71007.6171875,-0.04550516977906227,71007.6328125,0.7026982307434082,0.01002645492553711,1.3217495679855347,0.0
2469.286538530916,-430.24346859633795,1337.1154997461376,100.0,56,5600,False,8618400,86184,1539,73b03aedc11d4733ad70480dfb5e4900,2020-03-24_11-40-56,1585050056,10.556379795074463,16316.848629236221,2887,eclipse,137.195.211.213,16316.848629236221,8618400,1539,28,28696714,0.0,0.0,0.0,12.378985957388196,0.9912115874317606,1.4663810129972634,8470656,8618400,3405.133,5.537,7101.194,18.724,2.278125047683716,4.999999873689376e-05,54903.58203125,-0.04841969162225723,54903.59765625,0.7138532400131226,0.010443208739161491,1.3640973567962646,0.0
2284.174343402938,-51.82929496161874,1260.671327590639,100.0,56,5600,False,8624000,86240,1540,73b03aedc11d4733ad70480dfb5e4900,2020-03-24_11-41-07,1585050067,10.67981743812561,16327.528446674347,2887,eclipse,137.195.211.213,16327.528446674347,8624000,1540,28,28696714,0.0,0.0,0.0,12.37922532389149,0.9912145891874604,1.4663975552873436,8476160,8624000,3412.522,5.762,7093.984,18.227,2.278125047683716,4.999999873689376e-05,57507.00390625,-0.04787001386284828,57507.02734375,0.766142725944519,0.010417170822620392,1.2039141654968262,0.0
2349.8324041108654,-50.2433638704813,1275.534609092871,100.0,56,5600,False,8629600,86296,1541,73b03aedc11d4733ad70480dfb5e4900,2020-03-24_11-41-18,1585050078,10.71730637550354,16338.24575304985,2887,eclipse,137.195.211.213,16338.24575304985,8629600,1541,28,28696714,0.0,0.0,0.0,12.379384079253004,0.9912004578696724,1.4663904281390006,8481664,8629600,3406.867,5.808,7094.035,18.176,2.278125047683716,4.999999873689376e-05,54061.65625,-0.04793659970164299,54061.6875,0.7736175656318665,0.009823398664593697,1.1195627450942993,0.0
2438.683556912302,-37.53372770188151,1263.168251253615,100.0,56,5600,False,8635200,86352,1542,73b03aedc11d4733ad70480dfb5e4900,2020-03-24_11-41-28,1585050088,10.576643705368042,16348.822396755219,2887,eclipse,137.195.211.213,16348.822396755219,8635200,1542,28,28696714,0.0,0.0,0.0,12.379612849581049,0.9911980604537425,1.466382138267103,8487168,8635200,3403.736,5.839,7088.58,18.629,2.278125047683716,4.999999873689376e-05,47522.33203125,-0.052489783614873886,47522.359375,0.7992653250694275,0.011793042533099651,1.117872953414917,0.0
2438.683556912302,-50.15918267362607,1333.0687732046354,100.0,56,5600,False,8640800,86408,1543,73b03aedc11d4733ad70480dfb5e4900,2020-03-24_11-41-39,1585050099,10.616438150405884,16359.438834905624,2887,eclipse,137.195.211.213,16359.438834905624,8640800,1543,28,28696714,0.0,0.0,0.0,12.379882078113367,0.991194232631463,1.4663756327163437,8492672,8640800,3404.095,5.816,7079.163,19.192,2.278125047683716,4.999999873689376e-05,53283.83203125,-0.040877729654312134,53283.85546875,0.8050054311752319,0.008892113342881203,1.430219054222107,0.0
2348.783163727251,-50.89701304591814,1370.0613194214934,100.0,56,5600,False,8646400,86464,1544,73b03aedc11d4733ad70480dfb5e4900,2020-03-24_11-41-50,1585050110,10.614636182785034,16370.05347108841,2887,eclipse,137.195.211.213,16370.05347108841,8646400,1544,28,28696714,0.0,0.0,0.0,12.380158232436857,0.9911974317139163,1.4663735893882366,8498176,8646400,3402.565,5.593,7075.374,18.682,2.278125047683716,4.999999873689376e-05,56478.73828125,-0.043559011071920395,56478.75390625,0.7711175680160522,0.011841487139463425,1.31282377243042,0.0
2293.326813951554,-46.37366988556635,1288.591886463891,100.0,56,5600,False,8652000,86520,1545,73b03aedc11d4733ad70480dfb5e4900,2020-03-24_11-42-00,1585050120,10.671635627746582,16380.725106716156,2887,eclipse,137.195.211.213,16380.725106716156,8652000,1545,28,28696714,0.0,0.0,0.0,12.380371180794464,0.9912048795731601,1.4663631803509447,8503680,8652000,3396.071,5.294,7119.721,17.463,2.278125047683716,4.999999873689376e-05,78949.3203125,-0.04410456493496895,78949.3515625,0.6284934878349304,0.01074585784226656,1.0032349824905396,0.0
2372.875068505459,-38.85960860662947,1148.8461198195912,100.0,56,5600,False,8657600,86576,1546,73b03aedc11d4733ad70480dfb5e4900,2020-03-24_11-42-11,1585050131,10.61116886138916,16391.336275577545,2887,eclipse,137.195.211.213,16391.336275577545,8657600,1546,28,28696714,0.0,0.0,0.0,12.380485617494346,0.9912080776070479,1.4663574901599319,8509184,8657600,3381.135,5.279,7157.71,17.696,2.278125047683716,4.999999873689376e-05,66379.875,-0.050278037786483765,66379.8984375,0.7091420292854309,0.010485205799341202,1.1983379125595093,0.0
2372.875068505459,-58.44574402384945,1215.8833254114443,100.0,56,5600,False,8663200,86632,1547,73b03aedc11d4733ad70480dfb5e4900,2020-03-24_11-42-22,1585050142,10.696011066436768,16402.032286643982,2887,eclipse,137.195.211.213,16402.032286643982,8663200,1547,28,28696714,0.0,0.0,0.0,12.380663987329294,0.9912045262854952,1.4663496091003572,8514688,8663200,3369.151,5.345,7187.395,18.027,2.278125047683716,4.999999873689376e-05,45615.75390625,-0.04886825010180473,45615.77734375,0.7857406139373779,0.011074972338974476,1.3143516778945923,0.0
2397.492150128377,-126.50163131307035,1270.9216596430217,100.0,56,5600,False,8668800,86688,1548,73b03aedc11d4733ad70480dfb5e4900,2020-03-24_11-42-33,1585050153,10.761913537979126,16412.79420018196,2887,eclipse,137.195.211.213,16412.79420018196,8668800,1548,28,28696714,0.0,0.0,0.0,12.380872919916051,0.9912165842891987,1.466347141448869,8520192,8668800,3341.917,5.475,7212.55,17.782,2.278125047683716,4.999999873689376e-05,55485.69140625,-0.047832001000642776,55485.71484375,0.7821418642997742,0.011138937436044216,1.198641061782837,0.0
2397.492150128377,-443.56669893867314,1315.8486688760115,100.0,56,5600,False,8674400,86744,1549,73b03aedc11d4733ad70480dfb5e4900,2020-03-24_11-42-44,1585050164,10.954855680465698,16423.749055862427,2887,eclipse,137.195.211.213,16423.749055862427,8674400,1549,28,28696714,0.0,0.0,0.0,12.381490024098012,0.9912731924616728,1.4664641769493039,8525696,8674400,3367.245,5.784,7224.351,17.582,2.278125047683716,4.999999873689376e-05,65452.69140625,-0.04010126367211342,65452.71484375,0.7379754781723022,0.009328681044280529,1.2303138971328735,0.0
2273.2103106686654,-443.56669893867314,1260.585816530198,100.0,56,5600,False,8680000,86800,1550,73b03aedc11d4733ad70480dfb5e4900,2020-03-24_11-42-54,1585050174,10.658748149871826,16434.4078040123,2887,eclipse,137.195.211.213,16434.4078040123,8680000,1550,28,28696714,0.0,0.0,0.0,12.38194984680965,0.9913133959217375,1.4665498876852712,8531200,8680000,3358.653,6.022,7233.057,18.346,2.278125047683716,4.999999873689376e-05,67623.7578125,-0.04596531018614769,67623.7734375,0.7404758930206299,0.009817332960665226,1.3898764848709106,0.0
2314.708733069293,-499.85707264488065,1306.5796059830095,100.0,56,5600,False,8685600,86856,1551,73b03aedc11d4733ad70480dfb5e4900,2020-03-24_11-43-05,1585050185,10.64410400390625,16445.051908016205,2887,eclipse,137.195.211.213,16445.051908016205,8685600,1551,28,28696714,0.0,0.0,0.0,12.382211337632553,0.9913089811474504,1.4665479457672843,8536704,8685600,3354.795,5.96,7232.108,17.742,2.278125047683716,4.999999873689376e-05,70945.0234375,-0.04690617322921753,70945.046875,0.6957602500915527,0.011177864857017994,1.2449699640274048,0.0
2329.1580528201907,-499.85707264488065,1308.8721844302954,100.0,56,5600,False,8691200,86912,1552,73b03aedc11d4733ad70480dfb5e4900,2020-03-24_11-43-16,1585050196,10.682294845581055,16455.734202861786,2887,eclipse,137.195.211.213,16455.734202861786,8691200,1552,28,28696714,0.0,0.0,0.0,12.382420767325048,0.9913080058184528,1.466547657545002,8542208,8691200,3357.112,6.018,7239.9,17.615,2.278125047683716,4.999999873689376e-05,53753.44140625,-0.04236834496259689,53753.4609375,0.7982012033462524,0.01062746625393629,1.2130866050720215,0.0
2329.1580528201907,-292.6721414646595,1233.2400176782073,100.0,56,5600,False,8696800,86968,1553,73b03aedc11d4733ad70480dfb5e4900,2020-03-24_11-43-26,1585050206,10.536758184432983,16466.27096104622,2887,eclipse,137.195.211.213,16466.27096104622,8696800,1553,28,28696714,0.0,0.0,0.0,12.382525138644299,0.9913059122620357,1.4665361059877642,8547712,8696800,3340.882,6.053,7249.67,17.581,2.278125047683716,4.999999873689376e-05,69676.921875,-0.04259822517633438,69676.9453125,0.7377346754074097,0.009645452722907066,1.139235496520996,0.0
2374.816024247581,-292.6721414646595,1159.282013658512,100.0,56,5600,False,8702400,87024,1554,73b03aedc11d4733ad70480dfb5e4900,2020-03-24_11-43-37,1585050217,10.747733354568481,16477.018694400787,2887,eclipse,137.195.211.213,16477.018694400787,8702400,1554,28,28696714,0.0,0.0,0.0,12.382674250614626,0.9913043836201827,1.4665349765982072,8553216,8702400,3350.571,6.013,7251.342,18.454,2.278125047683716,4.999999873689376e-05,62991.5,-0.05060932785272598,62991.53515625,0.7464429140090942,0.009556987322866917,1.344193696975708,0.0
2486.3381616727515,-247.63970537764305,1304.304377060127,100.0,56,5600,False,8708000,87080,1555,73b03aedc11d4733ad70480dfb5e4900,2020-03-24_11-43-48,1585050228,10.619232416152954,16487.63792681694,2887,eclipse,137.195.211.213,16487.63792681694,8708000,1555,28,28696714,0.0,0.0,0.0,12.382916067279758,0.9913119949006465,1.466530607965589,8558720,8708000,3345.196,5.835,7250.225,19.062,2.278125047683716,4.999999873689376e-05,64933.046875,-0.04393718019127846,64933.0703125,0.7287043333053589,0.00955492164939642,1.4184324741363525,0.0
2486.3381616727515,-202.05883986064538,1268.1913837340153,100.0,56,5600,False,8713600,87136,1556,73b03aedc11d4733ad70480dfb5e4900,2020-03-24_11-43-58,1585050238,10.538183212280273,16498.17611002922,2887,eclipse,137.195.211.213,16498.17611002922,8713600,1556,28,28696714,0.0,0.0,0.0,12.383068491428762,0.9913119212036929,1.4665229710639096,8564224,8713600,3342.017,5.856,7245.177,19.039,2.278125047683716,4.999999873689376e-05,83915.4140625,-0.04475864768028259,83915.4453125,0.6373567581176758,0.010524586774408817,1.1463871002197266,0.0
2453.5349299579393,-45.89225635074022,1232.9932853049067,100.0,56,5600,False,8719200,87192,1557,73b03aedc11d4733ad70480dfb5e4900,2020-03-24_11-44-09,1585050249,10.64745306968689,16508.823563098907,2887,eclipse,137.195.211.213,16508.823563098907,8719200,1557,28,28696714,0.0,0.0,0.0,12.38320901306161,0.9913092157924882,1.4665129976575995,8569728,8719200,3339.264,5.706,7242.158,19.331,2.278125047683716,4.999999873689376e-05,52716.57421875,-0.04822118952870369,52716.60546875,0.7664138674736023,0.01133718527853489,1.2823975086212158,0.0
2517.7775837204495,-558.2219514275461,1261.7070418760616,100.0,56,5600,False,8724800,87248,1558,73b03aedc11d4733ad70480dfb5e4900,2020-03-24_11-44-20,1585050260,10.65343427658081,16519.47699737549,2887,eclipse,137.195.211.213,16519.47699737549,8724800,1558,28,28696714,0.0,0.0,0.0,12.383370808825632,0.9913048247376449,1.4665041198632867,8575232,8724800,3325.18,5.243,7247.529,18.612,2.278125047683716,4.999999873689376e-05,58521.84375,-0.04502040520310402,58521.859375,0.7899196743965149,0.010738030076026917,1.1291247606277466,0.0
2517.7775837204495,-51.70143939778841,1258.9994606807575,100.0,56,5600,False,8730400,87304,1559,73b03aedc11d4733ad70480dfb5e4900,2020-03-24_11-44-30,1585050270,10.579671144485474,16530.056668519974,2887,eclipse,137.195.211.213,16530.056668519974,8730400,1559,28,28696714,0.0,0.0,0.0,12.383501483099112,0.9913047025615359,1.4665129042060472,8580736,8730400,3282.171,5.192,7255.769,19.448,2.278125047683716,4.999999873689376e-05,85926.546875,-0.04189543426036835,85926.5625,0.6342980265617371,0.010109609924256802,1.1752849817276,0.0
2304.9613308624816,-469.04046275757463,1270.614831862066,100.0,56,5600,False,8736000,87360,1560,73b03aedc11d4733ad70480dfb5e4900,2020-03-24_11-44-41,1585050281,10.650518655776978,16540.70718717575,2887,eclipse,137.195.211.213,16540.70718717575,8736000,1560,28,28696714,0.0,0.0,0.0,12.383707915680708,0.9912991965469656,1.4665170347702763,8586240,8736000,3278.368,4.962,7258.714,18.791,2.278125047683716,4.999999873689376e-05,79066.875,-0.04984035715460777,79066.90625,0.6282895803451538,0.010903825983405113,1.2066117525100708,0.0
2309.212581246629,-45.591502020752074,1285.928340602201,100.0,56,5600,False,8741600,87416,1561,73b03aedc11d4733ad70480dfb5e4900,2020-03-24_11-44-52,1585050292,10.61739206314087,16551.32457923889,2887,eclipse,137.195.211.213,16551.32457923889,8741600,1561,28,28696714,0.0,0.0,0.0,12.383937734737778,0.9912881520692965,1.4665097812537724,8591744,8741600,3276.663,4.96,7256.409,19.5,2.278125047683716,4.999999873689376e-05,43116.953125,-0.0470568872988224,43116.98046875,0.8299221396446228,0.010371594689786434,1.4293572902679443,0.0
2309.212581246629,-42.68477006243099,1295.4433718589605,100.0,56,5600,False,8747200,87472,1562,73b03aedc11d4733ad70480dfb5e4900,2020-03-24_11-45-02,1585050302,10.635916233062744,16561.960495471954,2887,eclipse,137.195.211.213,16561.960495471954,8747200,1562,28,28696714,0.0,0.0,0.0,12.384192585404639,0.9912845149262991,1.4664997095499654,8597248,8747200,3276.148,4.885,7252.234,19.302,2.278125047683716,4.999999873689376e-05,56121.69921875,-0.05019693449139595,56121.7265625,0.7693732380867004,0.010682646185159683,1.2597510814666748,0.0
2244.2809319690814,-351.3691716907964,1333.0369086919047,100.0,56,5600,False,8752800,87528,1563,73b03aedc11d4733ad70480dfb5e4900,2020-03-24_11-45-13,1585050313,10.311625957489014,16572.272121429443,2887,eclipse,137.195.211.213,16572.272121429443,8752800,1563,28,28696714,0.0,0.0,0.0,12.384593670382467,0.9912870693635645,1.4665118405841002,8602752,8752800,3299.414,4.856,7208.17,18.6,2.278125047683716,4.999999873689376e-05,58807.37109375,-0.047426577657461166,58807.39453125,0.7303815484046936,0.010907236486673355,1.1946563720703125,0.0
2404.5692054958536,-351.3691716907964,1360.2558015042714,100.0,56,5600,False,8758400,87584,1564,73b03aedc11d4733ad70480dfb5e4900,2020-03-24_11-45-23,1585050323,10.442370891571045,16582.714492321014,2887,eclipse,137.195.211.213,16582.714492321014,8758400,1564,28,28696714,0.0,0.0,0.0,12.385083857678774,0.9912951921638686,1.4665531435686738,8608256,8758400,3305.886,5.111,7171.432,18.611,2.278125047683716,4.999999873689376e-05,42992.84765625,-0.04217902198433876,42992.8671875,0.8239006996154785,0.00947845634073019,1.3571457862854004,0.0
2310.285122822576,-46.01616404942594,1293.1066785749993,100.0,56,5600,False,8764000,87640,1565,73b03aedc11d4733ad70480dfb5e4900,2020-03-24_11-45-34,1585050334,10.371965885162354,16593.086458206177,2887,eclipse,137.195.211.213,16593.086458206177,8764000,1565,28,28696714,0.01,0.0,1.0,12.385450464681997,0.9913004928524888,1.4665984404172463,8613760,8764000,3318.808,5.295,7134.106,18.478,2.278125047683716,4.999999873689376e-05,64873.66796875,-0.047649942338466644,64873.69921875,0.7342053055763245,0.010021045804023743,1.1091171503067017,0.0
2495.771168260141,-347.49405393896814,1331.210150845063,100.0,56,5600,False,8769600,87696,1566,73b03aedc11d4733ad70480dfb5e4900,2020-03-24_11-45-45,1585050345,10.804267883300781,16603.890726089478,2887,eclipse,137.195.211.213,16603.890726089478,8769600,1566,28,28696714,0.01,0.0,1.0,12.38602092052025,0.9913297348423299,1.4666626347980523,8619264,8769600,3356.782,5.268,7123.819,18.202,2.278125047683716,4.999999873689376e-05,70594.5625,-0.046221911907196045,70594.5859375,0.6747973561286926,0.011190212331712246,1.203137993812561,0.0
2495.771168260141,-347.49405393896814,1342.1778085182275,100.0,56,5600,False,8775200,87752,1567,73b03aedc11d4733ad70480dfb5e4900,2020-03-24_11-45-55,1585050355,10.401993989944458,16614.292720079422,2887,eclipse,137.195.211.213,16614.292720079422,8775200,1567,28,28696714,0.01,0.0,1.0,12.38660825804635,0.9913643652461058,1.4667185092274098,8624768,8775200,3361.09,5.526,7092.026,18.359,2.278125047683716,4.999999873689376e-05,65380.72265625,-0.05344001576304436,65380.75,0.6845824718475342,0.011078090406954288,1.177534580230713,0.0
2346.125577051066,-585.890585664324,1327.3790093824855,100.0,56,5600,False,8780800,87808,1568,73b03aedc11d4733ad70480dfb5e4900,2020-03-24_11-46-06,1585050366,10.765437841415405,16625.058157920837,2887,eclipse,137.195.211.213,16625.058157920837,8780800,1568,28,28696714,0.0,0.0,0.0,12.387151551722038,0.991387051879843,1.466776072240087,8630272,8780800,3389.173,5.799,7074.571,18.974,2.278125047683716,4.999999873689376e-05,65873.6640625,-0.04723915457725525,65873.6953125,0.7544880509376526,0.010027737356722355,1.3486024141311646,0.0
2410.4331750547094,-585.890585664324,1325.08969950178,100.0,56,5600,False,8786400,87864,1569,73b03aedc11d4733ad70480dfb5e4900,2020-03-24_11-46-17,1585050377,10.67345380783081,16635.73161172867,2887,eclipse,137.195.211.213,16635.73161172867,8786400,1569,28,28696714,0.01,0.0,1.0,12.38758243625376,0.9913959208821395,1.4667996469191797,8635776,8786400,3394.778,5.56,7075.839,18.762,2.278125047683716,4.999999873689376e-05,66142.8046875,-0.04517235979437828,66142.828125,0.7278172969818115,0.010836778208613396,1.3003708124160767,0.0
2410.4331750547094,-434.7989304308885,1387.9834143364924,100.0,56,5600,False,8792000,87920,1570,73b03aedc11d4733ad70480dfb5e4900,2020-03-24_11-46-27,1585050387,10.607372283935547,16646.338984012604,2887,eclipse,137.195.211.213,16646.338984012604,8792000,1570,28,28696714,0.01,0.0,1.0,12.387894829258649,0.9913891657777427,1.4667857011374406,8641280,8792000,3397.203,5.587,7067.866,19.485,2.278125047683716,4.999999873689376e-05,56186.2734375,-0.043561920523643494,56186.2890625,0.7829610109329224,0.01157686673104763,1.4988493919372559,0.0
2400.3116687275665,-409.77707328023797,1410.2608036613228,100.0,56,5600,False,8797600,87976,1571,73b03aedc11d4733ad70480dfb5e4900,2020-03-24_11-46-38,1585050398,10.552048921585083,16656.89103293419,2887,eclipse,137.195.211.213,16656.89103293419,8797600,1571,28,28696714,0.0,0.0,0.0,12.3881752172404,0.9913909100717843,1.4667843207757603,8646784,8797600,3397.411,5.513,7063.192,19.594,2.278125047683716,4.999999873689376e-05,85351.4296875,-0.042074620723724365,85351.453125,0.6528934836387634,0.009026718325912952,1.1594562530517578,0.0
2390.757768232621,-409.77707328023797,1295.2599416809226,100.0,56,5600,False,8803200,88032,1572,73b03aedc11d4733ad70480dfb5e4900,2020-03-24_11-46-49,1585050409,10.671814203262329,16667.56284713745,2887,eclipse,137.195.211.213,16667.56284713745,8803200,1572,28,28696714,0.0,0.0,0.0,12.388363290197908,0.9913802945495763,1.4667738989211458,8652288,8803200,3403.718,5.512,7061.495,19.86,2.278125047683716,4.999999873689376e-05,55121.50390625,-0.050546977669000626,55121.5390625,0.7597197890281677,0.009637843817472458,1.191178798675537,0.0
2374.690608176174,-57.98869434930557,1203.3376421930145,100.0,56,5600,False,8808800,88088,1573,73b03aedc11d4733ad70480dfb5e4900,2020-03-24_11-46-59,1585050419,10.593043088912964,16678.155890226364,2887,eclipse,137.195.211.213,16678.155890226364,8808800,1573,28,28696714,0.0,0.0,0.0,12.388464825478339,0.9913771219075836,1.4667571822674697,8657792,8808800,3392.527,5.928,7098.118,20.012,2.278125047683716,4.999999873689376e-05,74490.625,-0.04571446403861046,74490.6484375,0.7059871554374695,0.009483312256634235,1.3497750759124756,0.0
2374.690608176174,-169.0502716633321,1216.7049009691773,100.0,56,5600,False,8814400,88144,1574,73b03aedc11d4733ad70480dfb5e4900,2020-03-24_11-47-10,1585050430,10.654187440872192,16688.810077667236,2887,eclipse,137.195.211.213,16688.810077667236,8814400,1574,28,28696714,0.0,0.0,0.0,12.388588789540346,0.9913820910423529,1.4667513117522715,8663296,8814400,3381.395,5.927,7130.775,19.693,2.278125047683716,4.999999873689376e-05,86725.8828125,-0.04911362752318382,86725.8984375,0.6257214546203613,0.011051964946091175,1.3125361204147339,0.0
2283.6964646125657,-155.46991175268354,1308.7660962226262,100.0,56,5600,False,8820000,88200,1575,73b03aedc11d4733ad70480dfb5e4900,2020-03-24_11-47-21,1585050441,10.640913009643555,16699.45099067688,2887,eclipse,137.195.211.213,16699.45099067688,8820000,1575,28,28696714,0.0,0.0,0.0,12.388844681498554,0.9913813803893945,1.4667395456371255,8668800,8820000,3374.218,5.691,7163.2,19.978,2.278125047683716,4.999999873689376e-05,60194.97265625,-0.050165075808763504,60194.99609375,0.7390645742416382,0.01008035521954298,1.3289467096328735,0.0
2302.2286067987884,-155.46991175268354,1284.0109818849057,100.0,56,5600,False,8825600,88256,1576,73b03aedc11d4733ad70480dfb5e4900,2020-03-24_11-47-31,1585050451,10.563477993011475,16710.01446866989,2887,eclipse,137.195.211.213,16710.01446866989,8825600,1576,28,28696714,0.0,0.0,0.0,12.389085990571319,0.991386542421978,1.4667244052373194,8674304,8825600,3343.579,5.64,7169.439,20.344,2.278125047683716,4.999999873689376e-05,59875.59375,-0.042894668877124786,59875.609375,0.7373766899108887,0.009501898661255836,1.2403924465179443,0.0
2302.2286067987884,-41.53270757910126,1224.273506384308,100.0,56,5600,False,8831200,88312,1577,73b03aedc11d4733ad70480dfb5e4900,2020-03-24_11-47-42,1585050462,10.470571756362915,16720.485040426254,2887,eclipse,137.195.211.213,16720.485040426254,8831200,1577,28,28696714,0.0,0.0,0.0,12.389182305432096,0.9913914630908494,1.466710599686584,8679808,8831200,3342.078,5.403,7180.922,20.008,2.278125047683716,4.999999873689376e-05,72075.921875,-0.043378476053476334,72075.9296875,0.7171395421028137,0.010655981488525867,1.0146998167037964,0.0
2329.034898641703,-463.24263106037426,1198.6541809168448,100.0,56,5600,False,8836800,88368,1578,73b03aedc11d4733ad70480dfb5e4900,2020-03-24_11-47-52,1585050472,10.733099699020386,16731.218140125275,2887,eclipse,137.195.211.213,16731.218140125275,8836800,1578,28,28696714,0.0,0.0,0.0,12.389280114084686,0.9913863792350841,1.4667143950341994,8685312,8836800,3326.156,5.155,7193.132,19.219,2.278125047683716,4.999999873689376e-05,69605.171875,-0.046335700899362564,69605.1953125,0.7287158370018005,0.009792447090148926,1.3278954029083252,0.0
2329.034898641703,-51.54844914653266,1304.616350086632,100.0,56,5600,False,8842400,88424,1579,73b03aedc11d4733ad70480dfb5e4900,2020-03-24_11-48-03,1585050483,10.635021686553955,16741.85316181183,2887,eclipse,137.195.211.213,16741.85316181183,8842400,1579,28,28696714,0.0,0.0,0.0,12.389465432481146,0.9913816066439308,1.4667123015637151,8690816,8842400,3323.733,5.562,7190.136,19.358,2.278125047683716,4.999999873689376e-05,52936.6328125,-0.04812880605459213,52936.6640625,0.7722985744476318,0.010583368130028248,1.2648731470108032,0.0
2210.16936263943,-51.54844914653266,1251.0750346248906,100.0,56,5600,False,8848000,88480,1580,73b03aedc11d4733ad70480dfb5e4900,2020-03-24_11-48-14,1585050494,10.689785242080688,16752.54294705391,2887,eclipse,137.195.211.213,16752.54294705391,8848000,1580,28,28696714,0.0,0.0,0.0,12.389602450720805,0.9913807877269796,1.4667034389572313,8696320,8848000,3326.854,5.949,7194.734,19.024,2.278125047683716,4.999999873689376e-05,45176.7421875,-0.04526995122432709,45176.76171875,0.8056297898292542,0.01301849726587534,1.0190731287002563,0.0
2423.1086696324073,-359.63091341506504,1104.9265714002652,100.0,56,5600,False,8853600,88536,1581,73b03aedc11d4733ad70480dfb5e4900,2020-03-24_11-48-25,1585050505,10.587412595748901,16763.13035964966,2887,eclipse,137.195.211.213,16763.13035964966,8853600,1581,28,28696714,0.0,0.0,0.0,12.389579403980504,0.9913792000305272,1.4666907727256437,8701824,8853600,3323.315,6.256,7199.672,18.757,2.278125047683716,4.999999873689376e-05,68900.5546875,-0.04631279408931732,68900.578125,0.7425203323364258,0.0097544826567173,1.3585994243621826,0.0
2423.1086696324073,-359.63091341506504,1171.6382261097665,100.0,56,5600,False,8859200,88592,1582,73b03aedc11d4733ad70480dfb5e4900,2020-03-24_11-48-35,1585050515,10.611544847488403,16773.741904497147,2887,eclipse,137.195.211.213,16773.741904497147,8859200,1582,28,28696714,0.0,0.0,0.0,12.389656001296034,0.991371453084333,1.4666707713170297,8707328,8859200,3316.105,6.309,7200.541,17.853,2.278125047683716,4.999999873689376e-05,65341.453125,-0.04946496710181236,65341.48828125,0.7058806419372559,0.010565049946308136,1.1063597202301025,0.0
2430.4320641695103,-389.18712274087244,1245.6023758921108,100.0,56,5600,False,8864800,88648,1583,73b03aedc11d4733ad70480dfb5e4900,2020-03-24_11-48-46,1585050526,10.66451120376587,16784.406415700912,2887,eclipse,137.195.211.213,16784.406415700912,8864800,1583,28,28696714,0.0,0.0,0.0,12.389833969383863,0.9913651388084503,1.4666502221110613,8712832,8864800,3324.451,6.01,7201.143,18.114,2.278125047683716,4.999999873689376e-05,55597.12109375,-0.0493769496679306,55597.15625,0.7603981494903564,0.009639470838010311,1.4974366426467896,0.0
2430.4320641695103,-389.18712274087244,1417.2744281532898,100.0,56,5600,False,8870400,88704,1584,73b03aedc11d4733ad70480dfb5e4900,2020-03-24_11-48-57,1585050537,10.642045259475708,16795.04846096039,2887,eclipse,137.195.211.213,16795.04846096039,8870400,1584,28,28696714,0.0,0.0,0.0,12.390161851694124,0.9913652489736238,1.4666340312462418,8718336,8870400,3323.576,6.035,7201.715,17.983,2.278125047683716,4.999999873689376e-05,43392.46875,-0.05275125429034233,43392.50390625,0.7976455092430115,0.010473772883415222,1.292863130569458,0.0
2315.8647540360835,-53.435293605380956,1424.7585017905426,100.0,56,5600,False,8876000,88760,1585,73b03aedc11d4733ad70480dfb5e4900,2020-03-24_11-49-07,1585050547,10.535367012023926,16805.583827972412,2887,eclipse,137.195.211.213,16805.583827972412,8876000,1585,28,28696714,0.01,0.0,1.0,12.39045354996772,0.9913584299328959,1.466617082972304,8723840,8876000,3320.277,6.256,7196.177,17.954,2.278125047683716,4.999999873689376e-05,69471.296875,-0.044115472584962845,69471.3125,0.7116003036499023,0.011667581275105476,1.3713608980178833,0.0
2245.8188551792123,-44.515461784512986,1408.3070626878452,100.0,56,5600,False,8881600,88816,1586,73b03aedc11d4733ad70480dfb5e4900,2020-03-24_11-49-18,1585050558,10.77398157119751,16816.35780954361,2887,eclipse,137.195.211.213,16816.35780954361,8881600,1586,28,28696714,0.01,0.0,1.0,12.39097383352487,0.9913653910780755,1.4666643496377583,8729344,8881600,3365.598,6.428,7171.691,17.437,2.278125047683716,4.999999873689376e-05,51320.50390625,-0.04218342527747154,51320.515625,0.761016309261322,0.01122961100190878,1.2432467937469482,0.0
2500.243308817759,-47.73926586803575,1398.2159851264328,100.0,56,5600,False,8887200,88872,1587,73b03aedc11d4733ad70480dfb5e4900,2020-03-24_11-49-29,1585050569,10.680535793304443,16827.038345336914,2887,eclipse,137.195.211.213,16827.038345336914,8887200,1587,28,28696714,0.0,0.0,0.0,12.391520040584323,0.9913779406878409,1.466703782435909,8734848,8887200,3375.899,6.449,7183.392,16.986,2.278125047683716,4.999999873689376e-05,51808.8125,-0.04253879934549332,51808.83203125,0.7603414058685303,0.013540467247366905,1.3213284015655518,0.0
2500.243308817759,-474.9555937129616,1314.4969054178807,100.0,56,5600,False,8892800,88928,1588,73b03aedc11d4733ad70480dfb5e4900,2020-03-24_11-49-39,1585050579,10.699119329452515,16837.737464666367,2887,eclipse,137.195.211.213,16837.737464666367,8892800,1588,28,28696714,0.0,0.0,0.0,12.39184044366381,0.9913718896370054,1.466701014158669,8740352,8892800,3369.919,6.41,7184.212,17.844,2.278125047683716,4.999999873689376e-05,61979.453125,-0.04774899780750275,61979.47265625,0.7390640377998352,0.012124978937208652,1.231134057044983,0.0
2947.4623729019236,-474.9555937129616,1183.9530287520686,100.0,56,5600,False,8898400,88984,1589,73b03aedc11d4733ad70480dfb5e4900,2020-03-24_11-49-50,1585050590,10.597577333450317,16848.335041999817,2887,eclipse,137.195.211.213,16848.335041999817,8898400,1589,28,28696714,0.01,0.0,1.0,12.391941293622597,0.9913723739500153,1.4666850850879285,8745856,8898400,3372.245,6.199,7181.781,17.36,2.278125047683716,4.999999873689376e-05,75635.71875,-0.048331305384635925,75635.7421875,0.7089279294013977,0.011186115443706512,1.2012431621551514,0.0
2947.4623729019236,-408.66537666014125,1217.5050245970801,100.0,56,5600,False,8904000,89040,1590,73b03aedc11d4733ad70480dfb5e4900,2020-03-24_11-50-01,1585050601,10.572631120681763,16858.9076731205,2887,eclipse,137.195.211.213,16858.9076731205,8904000,1590,28,28696714,0.02,0.0,1.0,12.392006354205144,0.9913706163272087,1.466666337616117,8751360,8904000,3368.37,5.818,7175.84,17.427,2.278125047683716,4.999999873689376e-05,67052.125,-0.049418315291404724,67052.1484375,0.7504555583000183,0.00923584308475256,1.3335552215576172,0.0
2388.640715449311,-408.66537666014125,1302.3479207628689,100.0,56,5600,False,8909600,89096,1591,73b03aedc11d4733ad70480dfb5e4900,2020-03-24_11-50-11,1585050611,10.291681051254272,16869.199354171753,2887,eclipse,137.195.211.213,16869.199354171753,8909600,1591,28,28696714,0.01,0.0,1.0,12.392197856289204,0.9913714462348069,1.4666617655631824,8756864,8909600,3379.151,5.544,7138.928,16.989,2.278125047683716,4.999999873689376e-05,74366.8671875,-0.0476202592253685,74366.8984375,0.6761648654937744,0.00961640290915966,1.3320194482803345,0.0
2351.103343888181,-528.3801506454993,1305.2867832003758,100.0,56,5600,False,8915200,89152,1592,73b03aedc11d4733ad70480dfb5e4900,2020-03-24_11-50-21,1585050621,10.35843014717102,16879.557784318924,2887,eclipse,137.195.211.213,16879.557784318924,8915200,1592,28,28696714,0.0,0.0,0.0,12.392539682055856,0.9913762667594451,1.4666840505909142,8762368,8915200,3391.165,5.737,7102.785,18.293,2.278125047683716,4.999999873689376e-05,76782.421875,-0.0406038761138916,76782.4375,0.69254469871521,0.011584424413740635,1.0463643074035645,0.0
2351.103343888181,-442.003584734169,1307.561516202081,100.0,56,5600,False,8920800,89208,1593,73b03aedc11d4733ad70480dfb5e4900,2020-03-24_11-50-32,1585050632,10.36219310760498,16889.91997742653,2887,eclipse,137.195.211.213,16889.91997742653,8920800,1593,28,28696714,0.0,0.0,0.0,12.39286227731689,0.9913880419155874,1.466717042572046,8767872,8920800,3391.433,5.624,7071.737,18.476,2.278125047683716,4.999999873689376e-05,86146.515625,-0.049429941922426224,86146.5546875,0.6852245926856995,0.010114343836903572,1.447748064994812,0.0
2316.870869017186,-442.003584734169,1373.304542290308,100.0,56,5600,False,8926400,89264,1594,73b03aedc11d4733ad70480dfb5e4900,2020-03-24_11-50-42,1585050642,10.585609197616577,16900.505586624146,2887,eclipse,137.195.211.213,16900.505586624146,8926400,1594,28,28696714,0.0,0.0,0.0,12.393217723499667,0.9913991360224039,1.466744345776371,8773376,8926400,3400.113,5.458,7059.485,17.746,2.278125047683716,4.999999873689376e-05,62888.50390625,-0.04650634527206421,62888.52734375,0.7236404418945312,0.009805143810808659,1.5098612308502197,0.0
2296.313676690734,-175.2325871532232,1356.0834143571303,100.0,56,5600,False,8932000,89320,1595,73b03aedc11d4733ad70480dfb5e4900,2020-03-24_11-50-53,1585050653,10.500545501708984,16911.006132125854,2887,eclipse,137.195.211.213,16911.006132125854,8932000,1595,28,28696714,0.0,0.0,0.0,12.393685498416946,0.991408913836812,1.466781912190276,8778880,8932000,3423.273,5.493,7034.757,17.306,2.278125047683716,4.999999873689376e-05,70885.84375,-0.04454151540994644,70885.859375,0.7078099250793457,0.010714162141084671,1.3464804887771606,0.0
2645.40534699877,-452.84800974269757,1221.045310216114,100.0,56,5600,False,8937600,89376,1596,73b03aedc11d4733ad70480dfb5e4900,2020-03-24_11-51-04,1585050664,10.947514295578003,16921.953646421432,2887,eclipse,137.195.211.213,16921.953646421432,8937600,1596,28,28696714,0.0,0.0,0.0,12.394111437243751,0.9914333751476013,1.4668315222190256,8784384,8937600,3407.204,5.562,7069.701,17.495,2.278125047683716,4.999999873689376e-05,80105.4453125,-0.05034305900335312,80105.46875,0.6940315365791321,0.009820763021707535,1.2513766288757324,0.0
2550.7130021696953,-452.84800974269757,1235.6054643060024,100.0,56,5600,False,8943200,89432,1597,73b03aedc11d4733ad70480dfb5e4900,2020-03-24_11-51-15,1585050675,10.566081762313843,16932.519728183746,2887,eclipse,137.195.211.213,16932.519728183746,8943200,1597,28,28696714,0.0,0.0,0.0,12.39438016921482,0.9914535355295135,1.4668538364377275,8789888,8943200,3391.432,5.545,7073.47,16.733,2.278125047683716,4.999999873689376e-05,64265.87890625,-0.04270306974649429,64265.890625,0.6967282295227051,0.013553117401897907,1.041347622871399,0.0
2550.7130021696953,-512.007787998881,1309.1186766035432,100.0,56,5600,False,8948800,89488,1598,73b03aedc11d4733ad70480dfb5e4900,2020-03-24_11-51-25,1585050685,10.64337944984436,16943.16310763359,2887,eclipse,137.195.211.213,16943.16310763359,8948800,1598,28,28696714,0.0,0.0,0.0,12.394618957985426,0.9914547463415936,1.4668521087142705,8795392,8948800,3385.747,5.966,7073.893,16.698,2.278125047683716,4.999999873689376e-05,56817.546875,-0.04492032527923584,56817.5625,0.7516250014305115,0.010914967395365238,1.329671859741211,0.0
2411.7870151102106,-512.007787998881,1162.193486760558,100.0,56,5600,False,8954400,89544,1599,73b03aedc11d4733ad70480dfb5e4900,2020-03-24_11-51-36,1585050696,10.568198680877686,16953.73130631447,2887,eclipse,137.195.211.213,16953.73130631447,8954400,1599,28,28696714,0.0,0.0,0.0,12.394755068127319,0.9914586611291998,1.466844255404178,8800896,8954400,3377.561,6.081,7076.634,17.135,2.278125047683716,4.999999873689376e-05,62373.5390625,-0.046353377401828766,62373.55859375,0.7414163947105408,0.009486392140388489,1.0141266584396362,0.0
2411.7870151102106,-199.6629541425449,1185.5621686498487,100.0,56,5600,False,8960000,89600,1600,73b03aedc11d4733ad70480dfb5e4900,2020-03-24_11-51-46,1585050706,10.599425077438354,16964.330731391907,2887,eclipse,137.195.211.213,16964.330731391907,8960000,1600,28,28696714,0.0,0.0,0.0,12.39486910997269,0.9914582953772387,1.4668301680059164,8806400,8960000,3378.781,5.982,7077.79,16.859,2.278125047683716,4.999999873689376e-05,65718.53125,-0.04884541779756546,65718.546875,0.7134446501731873,0.011743755079805851,1.0340322256088257,0.0
2449.4422995400078,-49.33965381223827,1283.7188234190319,100.0,56,5600,False,8965600,89656,1601,73b03aedc11d4733ad70480dfb5e4900,2020-03-24_11-51-57,1585050717,10.606740236282349,16974.93747162819,2887,eclipse,137.195.211.213,16974.93747162819,8965600,1601,28,28696714,0.0,0.0,0.0,12.395069882068796,0.9914523218065656,1.4668146778967215,8811904,8965600,3377.694,5.992,7108.33,17.396,2.278125047683716,4.999999873689376e-05,47168.1171875,-0.04516266658902168,47168.1328125,0.7994346022605896,0.011586418375372887,1.2081412076950073,0.0
2449.4422995400078,-47.903072426368915,1248.1595186913805,100.0,56,5600,False,8971200,89712,1602,73b03aedc11d4733ad70480dfb5e4900,2020-03-24_11-52-08,1585050728,10.652291536331177,16985.58976316452,2887,eclipse,137.195.211.213,16985.58976316452,8971200,1602,28,28696714,0.0,0.0,0.0,12.39524391902245,0.9914469284800853,1.4667998349089886,8817408,8971200,3371.621,5.743,7143.157,16.955,2.278125047683716,4.999999873689376e-05,59860.03515625,-0.04844043403863907,59860.0625,0.7507557272911072,0.010531941428780556,0.9917501211166382,0.0
2298.6999379057374,-48.75779371582129,1183.7458231604135,100.0,56,5600,False,8976800,89768,1603,73b03aedc11d4733ad70480dfb5e4900,2020-03-24_11-52-18,1585050738,10.520105600357056,16996.109868764877,2887,eclipse,137.195.211.213,16996.109868764877,8976800,1603,28,28696714,0.01,0.0,1.0,12.395268013937557,0.9914454462298901,1.4667910267110764,8822912,8976800,3354.523,5.94,7175.617,17.255,2.278125047683716,4.999999873689376e-05,66130.921875,-0.04724785313010216,66130.9453125,0.7297307252883911,0.009763665497303009,1.177669644355774,0.0
2298.6999379057374,-48.75779371582129,1157.8118235919442,100.0,56,5600,False,8982400,89824,1604,73b03aedc11d4733ad70480dfb5e4900,2020-03-24_11-52-29,1585050749,10.590972900390625,17006.700841665268,2887,eclipse,137.195.211.213,17006.700841665268,8982400,1604,28,28696714,0.01,0.0,1.0,12.395236936793562,0.991444906395734,1.4667764304851132,8828416,8982400,3340.701,6.092,7187.474,17.976,2.278125047683716,4.999999873689376e-05,59428.74609375,-0.04401455074548721,59428.75390625,0.7472415566444397,0.011140269227325916,1.1566059589385986,0.0
2287.3666773055184,-48.64534086944551,1150.485747172572,100.0,56,5600,False,8988000,89880,1605,73b03aedc11d4733ad70480dfb5e4900,2020-03-24_11-52-40,1585050760,10.559909582138062,17017.260751247406,2887,eclipse,137.195.211.213,17017.260751247406,8988000,1605,28,28696714,0.0,0.0,0.0,12.395297280489794,0.9914433771642271,1.466760199200189,8833920,8988000,3313.03,6.124,7217.929,18.672,2.278125047683716,4.999999873689376e-05,65849.5234375,-0.04796808958053589,65849.53125,0.7017493844032288,0.011007513850927353,1.0812851190567017,0.0
2624.8820822266134,-51.48591393959008,1278.3660724334484,100.0,56,5600,False,8993600,89936,1606,73b03aedc11d4733ad70480dfb5e4900,2020-03-24_11-52-50,1585050770,10.590923070907593,17027.851674318314,2887,eclipse,137.195.211.213,17027.851674318314,8993600,1606,28,28696714,0.0,0.0,0.0,12.395477244174977,0.9914452351280149,1.4667586132478103,8839424,8993600,3282.97,5.955,7210.402,18.812,2.278125047683716,4.999999873689376e-05,52393.96484375,-0.04343739151954651,52393.98828125,0.7816553115844727,0.00997728668153286,1.1917800903320312,0.0
2624.8820822266134,-462.6135627810328,1278.4376376650232,100.0,56,5600,False,8999200,89992,1607,73b03aedc11d4733ad70480dfb5e4900,2020-03-24_11-53-01,1585050781,10.563045740127563,17038.41472005844,2887,eclipse,137.195.211.213,17038.41472005844,8999200,1607,28,28696714,0.0,0.0,0.0,12.395601699915552,0.9914464117189228,1.4667597462385575,8844928,8999200,3285.099,6.019,7208.613,19.499,2.278125047683716,4.999999873689376e-05,82091.671875,-0.03994345664978027,82091.6953125,0.7082495093345642,0.01028923224657774,1.3911982774734497,0.0
2380.1585283393383,-462.6135627810328,1350.850398768624,100.0,56,5600,False,9004800,90048,1608,73b03aedc11d4733ad70480dfb5e4900,2020-03-24_11-53-12,1585050792,10.689351320266724,17049.104071378708,2887,eclipse,137.195.211.213,17049.104071378708,9004800,1608,28,28696714,0.01,0.0,1.0,12.395848218116896,0.9914438570457607,1.4667604725940115,8850432,9004800,3287.388,5.72,7211.3,19.145,2.278125047683716,4.999999873689376e-05,47005.4609375,-0.046538613736629486,47005.48046875,0.802549421787262,0.010935934260487556,1.2629050016403198,0.0
2445.7459065630783,-52.13642233099379,1326.4465148529885,100.0,56,5600,False,9010400,90104,1609,73b03aedc11d4733ad70480dfb5e4900,2020-03-24_11-53-22,1585050802,10.61710238456726,17059.721173763275,2887,eclipse,137.195.211.213,17059.721173763275,9010400,1609,28,28696714,0.01,0.0,1.0,12.396072343068834,0.9914394176623689,1.4667523544368029,8855936,9010400,3291.993,5.893,7212.881,19.17,2.278125047683716,4.999999873689376e-05,61158.69140625,-0.0404665507376194,61158.7109375,0.778411328792572,0.008787605911493301,1.1875677108764648,0.0
2445.7459065630783,-57.46614821411054,1215.5982167197558,100.0,56,5600,False,9016000,90160,1610,73b03aedc11d4733ad70480dfb5e4900,2020-03-24_11-53-33,1585050813,10.581454515457153,17070.302628278732,2887,eclipse,137.195.211.213,17070.302628278732,9016000,1610,28,28696714,0.0,0.0,0.0,12.396180046577893,0.9914468652185932,1.466744949090491,8861440,9016000,3292.718,5.763,7210.905,19.258,2.278125047683716,4.999999873689376e-05,74099.4140625,-0.0466635599732399,74099.4375,0.6401214003562927,0.009827246889472008,1.1344186067581177,0.0
2238.9705848418293,-57.46614821411054,1239.061661416296,100.0,56,5600,False,9021600,90216,1611,73b03aedc11d4733ad70480dfb5e4900,2020-03-24_11-53-43,1585050823,10.610955715179443,17080.91358399391,2887,eclipse,137.195.211.213,17080.91358399391,9021600,1611,28,28696714,0.0,0.0,0.0,12.39630803136166,0.9914514579873395,1.4667289870100069,8866944,9021600,3288.19,5.827,7216.636,18.719,2.278125047683716,4.999999873689376e-05,67939.765625,-0.04892731085419655,67939.7890625,0.7075691223144531,0.011499614454805851,1.0698636770248413,0.0
2418.954783176558,-50.494665226217286,1369.179642256383,100.0,56,5600,False,9027200,90272,1612,73b03aedc11d4733ad70480dfb5e4900,2020-03-24_11-53-54,1585050834,10.680487871170044,17091.59407186508,2887,eclipse,137.195.211.213,17091.59407186508,9027200,1612,28,28696714,0.0,0.0,0.0,12.396557162165664,0.991444993754895,1.4667099046924061,8872448,9027200,3291.587,5.685,7215.006,18.711,2.278125047683716,4.999999873689376e-05,56479.62109375,-0.04553982615470886,56479.640625,0.7624304294586182,0.010083743371069431,1.19771409034729,0.0
2418.954783176558,-38.03107251991004,1391.8193750874257,100.0,56,5600,False,9032800,90328,1613,73b03aedc11d4733ad70480dfb5e4900,2020-03-24_11-54-05,1585050845,10.746987581253052,17102.341059446335,2887,eclipse,137.195.211.213,17102.341059446335,9032800,1613,28,28696714,0.0,0.0,0.0,12.396786106291051,0.9914472786793604,1.4666958984935707,8877952,9032800,3308.04,5.492,7221.462,18.365,2.278125047683716,4.999999873689376e-05,69837.5546875,-0.04706946760416031,69837.578125,0.6548545956611633,0.010968419723212719,1.1512892246246338,0.0
2416.6959479351276,-40.7887178780007,1326.2639318653246,100.0,56,5600,False,9038400,90384,1614,73b03aedc11d4733ad70480dfb5e4900,2020-03-24_11-54-16,1585050856,10.66458010673523,17113.00563955307,2887,eclipse,137.195.211.213,17113.00563955307,9038400,1614,28,28696714,0.0,0.0,0.0,12.396951283187198,0.9914546475349485,1.4666851503175897,8883456,9038400,3315.007,5.461,7221.997,17.704,2.278125047683716,4.999999873689376e-05,67420.7734375,-0.04917137697339058,67420.7890625,0.7265421152114868,0.010418329387903214,1.2334774732589722,0.0
2313.610935007396,-43.48154379689855,1103.105653464207,100.0,56,5600,False,9044000,90440,1615,73b03aedc11d4733ad70480dfb5e4900,2020-03-24_11-54-27,1585050867,10.815050840377808,17123.820690393448,2887,eclipse,137.195.211.213,17123.820690393448,9044000,1615,28,28696714,0.0,0.0,0.0,12.397105662832633,0.9914657174520003,1.4667145162596902,8888960,9044000,3340.923,5.627,7222.315,17.819,2.278125047683716,4.999999873689376e-05,41434.72265625,-0.04718439653515816,41434.74609375,0.8177832961082458,0.010759325698018074,1.081141710281372,0.0
2403.375363398538,-430.4468327267579,1269.3547104967895,100.0,56,5600,False,9049600,90496,1616,73b03aedc11d4733ad70480dfb5e4900,2020-03-24_11-54-38,1585050878,11.160295009613037,17134.98098540306,2887,eclipse,137.195.211.213,17134.98098540306,9049600,1616,28,28696714,0.0,0.0,0.0,12.397847510177382,0.9915169244675623,1.4668579060547347,8894464,9049600,3394.267,5.616,7225.892,17.505,2.278125047683716,4.999999873689376e-05,89875.03125,-0.047177258878946304,89875.0546875,0.5859814882278442,0.011252271942794323,1.2360444068908691,0.0
2403.375363398538,-430.4468327267579,1305.6406470208772,100.0,56,5600,False,9055200,90552,1617,73b03aedc11d4733ad70480dfb5e4900,2020-03-24_11-54-48,1585050888,10.62725043296814,17145.60823583603,2887,eclipse,137.195.211.213,17145.60823583603,9055200,1617,28,28696714,0.0,0.0,0.0,12.398424441558703,0.9915569441510915,1.4669435850953232,8899968,9055200,3399.992,5.659,7225.014,17.631,2.278125047683716,4.999999873689376e-05,71641.4921875,-0.04684661701321602,71641.5078125,0.6769298911094666,0.010868874378502369,1.237162709236145,0.0
2224.3210492632693,-373.23555011353363,1192.1109067769842,100.0,56,5600,False,9060800,90608,1618,73b03aedc11d4733ad70480dfb5e4900,2020-03-24_11-54-59,1585050899,10.644745349884033,17156.252981185913,2887,eclipse,137.195.211.213,17156.252981185913,9060800,1618,28,28696714,0.0,0.0,0.0,12.39847484725302,0.9915552639828455,1.4669322126082194,8905472,9060800,3400.36,5.55,7221.654,17.561,2.278125047683716,4.999999873689376e-05,54529.85546875,-0.05070742964744568,54529.87890625,0.7773517966270447,0.010223742574453354,1.2190293073654175,0.0
2253.3392271827815,-251.9166774925271,1225.5498475723314,100.0,56,5600,False,9066400,90664,1619,73b03aedc11d4733ad70480dfb5e4900,2020-03-24_11-55-09,1585050909,10.293182373046875,17166.54616355896,2887,eclipse,137.195.211.213,17166.54616355896,9066400,1619,28,28696714,0.0,0.0,0.0,12.39854817737053,0.991553819080844,1.4669189858701193,8910976,9066400,3393.023,5.242,7198.209,17.014,2.278125047683716,4.999999873689376e-05,66971.796875,-0.046829838305711746,66971.8203125,0.7489179372787476,0.009715528227388859,1.1070033311843872,0.0
2419.792106163223,-251.9166774925271,1122.436160845345,100.0,56,5600,False,9072000,90720,1620,73b03aedc11d4733ad70480dfb5e4900,2020-03-24_11-55-20,1585050920,10.329561471939087,17176.8757250309,2887,eclipse,137.195.211.213,17176.8757250309,9072000,1620,28,28696714,0.0,0.0,0.0,12.398621526002104,0.9915588693076455,1.4669326821225888,8916480,9072000,3394.575,5.493,7170.045,16.872,2.278125047683716,4.999999873689376e-05,56370.09375,-0.05204467475414276,56370.1171875,0.7733730673789978,0.010721764527261257,1.1591147184371948,0.0
2419.792106163223,-587.6454141936309,1161.671491166395,100.0,56,5600,False,9077600,90776,1621,73b03aedc11d4733ad70480dfb5e4900,2020-03-24_11-55-30,1585050930,10.338504314422607,17187.21422934532,2887,eclipse,137.195.211.213,17187.21422934532,9077600,1621,28,28696714,0.0,0.0,0.0,12.398841410403616,0.9915637120089923,1.4669738349716959,8921984,9077600,3403.407,5.552,7133.198,17.457,2.278125047683716,4.999999873689376e-05,55539.17578125,-0.04684044048190117,55539.19921875,0.7260436415672302,0.01079755648970604,1.3155649900436401,0.0
2349.251115112879,-52.27352505518736,1151.7612031628084,100.0,56,5600,False,9083200,90832,1622,73b03aedc11d4733ad70480dfb5e4900,2020-03-24_11-55-41,1585050941,10.45839810371399,17197.672627449036,2887,eclipse,137.195.211.213,17197.672627449036,9083200,1622,28,28696714,0.0,0.0,0.0,12.399011813216624,0.9915706482679433,1.467004661019042,8927488,9083200,3398.022,5.675,7117.558,17.767,2.278125047683716,4.999999873689376e-05,82194.6328125,-0.04621310159564018,82194.65625,0.6851487159729004,0.00956089049577713,1.0768080949783325,0.0
2323.6349679321434,-323.34683998443353,1260.6855057451228,100.0,56,5600,False,9088800,90888,1623,73b03aedc11d4733ad70480dfb5e4900,2020-03-24_11-55-51,1585050951,10.30796766281128,17207.980595111847,2887,eclipse,137.195.211.213,17207.980595111847,9088800,1623,28,28696714,0.0,0.0,0.0,12.399308619599552,0.9915739059684912,1.4670467871251567,8932992,9088800,3397.715,5.675,7073.924,17.971,2.278125047683716,4.999999873689376e-05,69897.5859375,-0.04528364539146423,69897.6015625,0.6914088726043701,0.010268724523484707,1.480881929397583,0.0
2381.3770581768786,-323.34683998443353,1312.6410220165417,100.0,56,5600,False,9094400,90944,1624,73b03aedc11d4733ad70480dfb5e4900,2020-03-24_11-56-02,1585050962,10.64825987815857,17218.628854990005,2887,eclipse,137.195.211.213,17218.628854990005,9094400,1624,28,28696714,0.0,0.0,0.0,12.399747046345947,0.9915814504347914,1.4670940118990727,8938496,9094400,3401.413,5.705,7068.626,18.349,2.278125047683716,4.999999873689376e-05,72450.375,-0.048492420464754105,72450.3984375,0.6906256079673767,0.010798568837344646,1.2926650047302246,0.0
2444.1489209261003,-48.600676815053454,1236.7510130006297,100.0,56,5600,False,9100000,91000,1625,73b03aedc11d4733ad70480dfb5e4900,2020-03-24_11-56-12,1585050972,10.366969347000122,17228.995824337006,2887,eclipse,137.195.211.213,17228.995824337006,9100000,1625,28,28696714,0.0,0.0,0.0,12.400006650318256,0.9915902222490105,1.4671147454896365,8944000,9100000,3380.864,5.473,7043.934,18.017,2.278125047683716,4.999999873689376e-05,59744.62890625,-0.04340313374996185,59744.65234375,0.7719252109527588,0.01047223899513483,1.1528445482254028,0.0
2444.1489209261003,-46.46892555762889,1291.708736281388,100.0,56,5600,False,9105600,91056,1626,73b03aedc11d4733ad70480dfb5e4900,2020-03-24_11-56-23,1585050983,10.72350811958313,17239.71933245659,2887,eclipse,137.195.211.213,17239.71933245659,9105600,1626,28,28696714,0.0,0.0,0.0,12.400166224852537,0.9915903280323458,1.4671069449509662,8949504,9105600,3331.705,5.469,7049.443,18.415,2.278125047683716,4.999999873689376e-05,48597.44921875,-0.04771946370601654,48597.47265625,0.8058248162269592,0.009393795393407345,1.3685797452926636,0.0
2402.244637547384,-126.1712664505191,1374.500876617998,100.0,56,5600,False,9111200,91112,1627,73b03aedc11d4733ad70480dfb5e4900,2020-03-24_11-56-34,1585050994,10.635344743728638,17250.354677200317,2887,eclipse,137.195.211.213,17250.354677200317,9111200,1627,28,28696714,0.0,0.0,0.0,12.400416697920141,0.9915920069497787,1.4670950761072634,8955008,9111200,3326.024,5.415,7056.477,18.561,2.278125047683716,4.999999873689376e-05,55810.69921875,-0.04570876061916351,55810.7265625,0.7588297128677368,0.009852131828665733,1.4594284296035767,0.0
2280.224276606757,-126.1712664505191,1403.7607535698855,100.0,56,5600,False,9116800,91168,1628,73b03aedc11d4733ad70480dfb5e4900,2020-03-24_11-56-44,1585051004,10.64479660987854,17260.999473810196,2887,eclipse,137.195.211.213,17260.999473810196,9116800,1628,28,28696714,0.01,0.0,1.0,12.400741745881792,0.9915898370328882,1.4670829426233294,8960512,9116800,3319.755,5.859,7060.086,19.291,2.278125047683716,4.999999873689376e-05,77413.921875,-0.04958119988441467,77413.9453125,0.548447847366333,0.01084791962057352,1.0958127975463867,0.0
2409.9329991058253,-47.75125818822117,1270.5548141670797,100.0,56,5600,False,9122400,91224,1629,73b03aedc11d4733ad70480dfb5e4900,2020-03-24_11-56-55,1585051015,10.626336097717285,17271.625809907913,2887,eclipse,137.195.211.213,17271.625809907913,9122400,1629,28,28696714,0.02,0.0,1.0,12.400921860128904,0.9915817929271139,1.4670672868550616,8966016,9122400,3325.34,5.875,7086.253,19.682,2.278125047683716,4.999999873689376e-05,73016.6171875,-0.047742024064064026,73016.6484375,0.7034150958061218,0.01128543633967638,1.0240408182144165,0.0
2409.9329991058253,-47.75125818822117,1247.938456459569,100.0,56,5600,False,9128000,91280,1630,73b03aedc11d4733ad70480dfb5e4900,2020-03-24_11-57-06,1585051026,10.682559490203857,17282.308369398117,2887,eclipse,137.195.211.213,17282.308369398117,9128000,1630,28,28696714,0.01,0.0,1.0,12.401068300127715,0.9915787246089691,1.4670582266219694,8971520,9128000,3322.784,5.888,7123.114,19.879,2.278125047683716,4.999999873689376e-05,61344.2109375,-0.04896467924118042,61344.23828125,0.7642136216163635,0.010101689957082272,1.33464777469635,0.0
2380.432341301669,-43.54531496029636,1262.3293499546878,100.0,56,5600,False,9133600,91336,1631,73b03aedc11d4733ad70480dfb5e4900,2020-03-24_11-57-16,1585051036,10.64047622680664,17292.948845624924,2887,eclipse,137.195.211.213,17292.948845624924,9133600,1631,28,28696714,0.0,0.0,0.0,12.401177080047669,0.991578635210484,1.4670613908151384,8977024,9133600,3314.989,6.04,7160.15,19.825,2.278125047683716,4.999999873689376e-05,58244.2265625,-0.044171787798404694,58244.24609375,0.7370308041572571,0.012843392789363861,1.353102445602417,0.0
2340.9369388415676,-369.0418588336536,1340.8351305635638,100.0,56,5600,False,9139200,91392,1632,73b03aedc11d4733ad70480dfb5e4900,2020-03-24_11-57-27,1585051047,10.648345708847046,17303.59719133377,2887,eclipse,137.195.211.213,17303.59719133377,9139200,1632,28,28696714,0.0,0.0,0.0,12.401375249489263,0.991578264275949,1.4670604357038173,8982528,9139200,3314.15,5.872,7178.198,19.74,2.278125047683716,4.999999873689376e-05,55404.15625,-0.05061280354857445,55404.1796875,0.7670647501945496,0.011747612617909908,1.4981178045272827,0.0
2340.9369388415676,-52.48308684698838,1342.9145558657506,100.0,56,5600,False,9144800,91448,1633,73b03aedc11d4733ad70480dfb5e4900,2020-03-24_11-57-38,1585051058,10.673618078231812,17314.270809412003,2887,eclipse,137.195.211.213,17314.270809412003,9144800,1633,28,28696714,0.0,0.0,0.0,12.40161995562268,0.9915772158037583,1.4670493908042004,8988032,9144800,3311.65,5.876,7216.586,19.328,2.278125047683716,4.999999873689376e-05,68837.2109375,-0.04157330095767975,68837.21875,0.7068119049072266,0.011056754738092422,1.2993829250335693,0.0
2339.0264768773613,-411.4263543203261,1294.4097198070892,100.0,56,5600,False,9150400,91504,1634,73b03aedc11d4733ad70480dfb5e4900,2020-03-24_11-57-48,1585051068,10.565030813217163,17324.83584022522,2887,eclipse,137.195.211.213,17324.83584022522,9150400,1634,28,28696714,0.0,0.0,0.0,12.401817878024376,0.9915727513767062,1.4670426577613542,8993536,9150400,3302.843,6.196,7216.718,19.918,2.278125047683716,4.999999873689376e-05,75020.0234375,-0.048335861414670944,75020.046875,0.69905686378479,0.009162777103483677,1.4239729642868042,0.0
2339.0264768773613,-411.4263543203261,1353.7643261421745,100.0,56,5600,False,9156000,91560,1635,73b03aedc11d4733ad70480dfb5e4900,2020-03-24_11-57-59,1585051079,10.638063192367554,17335.473903417587,2887,eclipse,137.195.211.213,17335.473903417587,9156000,1635,28,28696714,0.0,0.0,0.0,12.402086655156673,0.9915667934194988,1.4670331934708565,8999040,9156000,3307.6,6.196,7240.887,19.71,2.278125047683716,4.999999873689376e-05,64070.80859375,-0.043163400143384933,64070.8359375,0.696660041809082,0.0103305010125041,1.5950374603271484,0.0
2339.265823521281,-49.53121304944183,1423.3666824740417,100.0,56,5600,False,9161600,91616,1636,73b03aedc11d4733ad70480dfb5e4900,2020-03-24_11-58-10,1585051090,10.593994855880737,17346.067898273468,2887,eclipse,137.195.211.213,17346.067898273468,9161600,1636,28,28696714,0.0,0.0,0.0,12.402404511434536,0.9915673698458157,1.4670221795229934,9004544,9161600,3305.882,5.915,7231.452,19.51,2.278125047683716,4.999999873689376e-05,61469.84375,-0.045035164803266525,61469.859375,0.739808976650238,0.009476723149418831,1.4284322261810303,0.0
2439.1522101852875,-97.74993756002297,1346.1085396985263,100.0,56,5600,False,9167200,91672,1637,73b03aedc11d4733ad70480dfb5e4900,2020-03-24_11-58-20,1585051100,10.652062177658081,17356.719960451126,2887,eclipse,137.195.211.213,17356.719960451126,9167200,1637,28,28696714,0.0,0.0,0.0,12.402615768687697,0.9915622749761891,1.4670088980982754,9010048,9167200,3312.34,5.868,7229.081,18.981,2.278125047683716,4.999999873689376e-05,66275.71875,-0.05066189169883728,66275.7421875,0.740230143070221,0.010808019898831844,1.136032223701477,0.0
2439.1522101852875,-97.74993756002297,1300.7373115425544,100.0,56,5600,False,9172800,91728,1638,73b03aedc11d4733ad70480dfb5e4900,2020-03-24_11-58-31,1585051111,10.625754117965698,17367.34571456909,2887,eclipse,137.195.211.213,17367.34571456909,9172800,1638,28,28696714,0.0,0.0,0.0,12.402881001441607,0.991561458003892,1.4669989357154127,9015552,9172800,3315.687,5.668,7225.78,17.828,2.278125047683716,4.999999873689376e-05,57500.73828125,-0.05000435933470726,57500.7734375,0.7088019251823425,0.01005091518163681,1.4444193840026855,0.0
2302.767551782385,-42.64886086835182,1310.7643429668972,100.0,56,5600,False,9178400,91784,1639,73b03aedc11d4733ad70480dfb5e4900,2020-03-24_11-58-42,1585051122,10.656161069869995,17378.00187563896,2887,eclipse,137.195.211.213,17378.00187563896,9178400,1639,28,28696714,0.0,0.0,0.0,12.403139225968511,0.991566755344179,1.4669930083707519,9021056,9178400,3319.084,5.715,7225.63,17.142,2.278125047683716,4.999999873689376e-05,75537.453125,-0.04787055402994156,75537.4765625,0.6630249619483948,0.011095759458839893,1.186668038368225,0.0
3074.09943919949,-47.5627157311437,1314.3869778877915,100.0,56,5600,False,9184000,91840,1640,73b03aedc11d4733ad70480dfb5e4900,2020-03-24_11-58-52,1585051132,10.568673610687256,17388.57054924965,2887,eclipse,137.195.211.213,17388.57054924965,9184000,1640,28,28696714,0.01,0.0,1.0,12.403331526500088,0.9915720724786762,1.466994821044465,9026560,9184000,3315.605,5.916,7218.846,17.353,2.278125047683716,4.999999873689376e-05,56723.234375,-0.045317042618989944,56723.25390625,0.7693116068840027,0.011291222646832466,1.4207969903945923,0.0
3074.09943919949,-47.5627157311437,1250.9677461264102,100.0,56,5600,False,9189600,91896,1641,73b03aedc11d4733ad70480dfb5e4900,2020-03-24_11-59-03,1585051143,10.624475240707397,17399.195024490356,2887,eclipse,137.195.211.213,17399.195024490356,9189600,1641,28,28696714,0.01,0.0,1.0,12.40344932024143,0.9915719437581544,1.4669886103363712,9032064,9189600,3316.33,5.598,7217.388,17.255,2.278125047683716,4.999999873689376e-05,68536.1484375,-0.05175749212503433,68536.1875,0.696412205696106,0.010755962692201138,1.2348353862762451,0.0
2331.2105748512104,-543.1890245730787,1122.217105192856,100.0,56,5600,False,9195200,91952,1642,73b03aedc11d4733ad70480dfb5e4900,2020-03-24_11-59-14,1585051154,10.54831838607788,17409.743342876434,2887,eclipse,137.195.211.213,17409.743342876434,9195200,1642,28,28696714,0.0,0.0,0.0,12.403456309478525,0.9915671098216566,1.466983566047717,9037568,9195200,3312.661,5.809,7213.389,16.508,2.278125047683716,4.999999873689376e-05,83927.5703125,-0.041081055998802185,83927.578125,0.6728439927101135,0.009656990878283978,1.372822642326355,0.0
2331.2105748512104,-543.1890245730787,1113.301405556793,100.0,56,5600,False,9200800,92008,1643,73b03aedc11d4733ad70480dfb5e4900,2020-03-24_11-59-24,1585051164,10.71146821975708,17420.45481109619,2887,eclipse,137.195.211.213,17420.45481109619,9200800,1643,28,28696714,0.0,0.0,0.0,12.403496547579284,0.9915722207297313,1.466972038212103,9043072,9200800,3313.078,5.538,7215.591,16.34,2.278125047683716,4.999999873689376e-05,64547.546875,-0.05130714550614357,64547.57421875,0.6839725375175476,0.01001024805009365,1.2322739362716675,0.0
2545.5384084104867,-42.55316770246946,1196.3817342574716,100.0,56,5600,False,9206400,92064,1644,73b03aedc11d4733ad70480dfb5e4900,2020-03-24_11-59-35,1585051175,10.76794147491455,17431.222752571106,2887,eclipse,137.195.211.213,17431.222752571106,9206400,1644,28,28696714,0.0,0.0,0.0,12.403585651391749,0.9915722884426313,1.4669580960523232,9048576,9206400,3321.714,5.3,7228.921,16.003,2.278125047683716,4.999999873689376e-05,64485.109375,-0.04993686079978943,64485.1328125,0.726956307888031,0.011228570714592934,1.1624795198440552,0.0
2545.5384084104867,-49.43559665031235,1188.384077259852,100.0,56,5600,False,9212000,92120,1645,73b03aedc11d4733ad70480dfb5e4900,2020-03-24_11-59-46,1585051186,10.614501953125,17441.83725452423,2887,eclipse,137.195.211.213,17441.83725452423,9212000,1645,28,28696714,0.0,0.0,0.0,12.403608067769232,0.9915674886705611,1.4669471409891577,9054080,9212000,3315.013,5.29,7231.088,16.105,2.278125047683716,4.999999873689376e-05,50492.84375,-0.04973200336098671,50492.8671875,0.8034411668777466,0.011578036472201347,1.1895438432693481,0.0
2364.7781572114814,-122.39460698230641,1298.2747033912863,100.0,56,5600,False,9217600,92176,1646,73b03aedc11d4733ad70480dfb5e4900,2020-03-24_11-59-56,1585051196,10.674561500549316,17452.51181602478,2887,eclipse,137.195.211.213,17452.51181602478,9217600,1646,28,28696714,0.0,0.0,0.0,12.403802773078182,0.9915635205872617,1.4669330553160302,9059584,9217600,3315.398,5.912,7236.485,16.517,2.278125047683716,4.999999873689376e-05,70790.4921875,-0.04175301641225815,70790.5,0.695763111114502,0.01168704591691494,1.5472944974899292,0.0
2364.7781572114814,-122.39460698230641,1338.6578323762017,100.0,56,5600,False,9223200,92232,1647,73b03aedc11d4733ad70480dfb5e4900,2020-03-24_12-00-07,1585051207,10.54551649093628,17463.057332515717,2887,eclipse,137.195.211.213,17463.057332515717,9223200,1647,28,28696714,0.0,0.0,0.0,12.404041567483024,0.9915555133179729,1.4669155778046266,9065088,9223200,3315.466,6.194,7224.159,16.811,2.278125047683716,4.999999873689376e-05,70027.28125,-0.040642403066158295,70027.296875,0.6935489177703857,0.010822460986673832,1.1819223165512085,0.0
2342.5675084432924,-115.15832118608272,1422.311797495479,100.0,56,5600,False,9228800,92288,1648,73b03aedc11d4733ad70480dfb5e4900,2020-03-24_12-00-17,1585051217,10.336130857467651,17473.393463373184,2887,eclipse,137.195.211.213,17473.393463373184,9228800,1648,28,28696714,0.0,0.0,0.0,12.404417525748347,0.9915607436160389,1.4669239053205099,9070592,9228800,3326.816,6.453,7184.317,17.674,2.278125047683716,4.999999873689376e-05,49280.2734375,-0.04781380295753479,49280.296875,0.8012046217918396,0.009441009722650051,1.573875904083252,0.0
2342.5675084432924,-174.3430085741073,1409.7624534865474,100.0,56,5600,False,9234400,92344,1649,73b03aedc11d4733ad70480dfb5e4900,2020-03-24_12-00-28,1585051228,10.401524305343628,17483.794987678528,2887,eclipse,137.195.211.213,17483.794987678528,9234400,1649,28,28696714,0.0,0.0,0.0,12.40491324257959,0.9915802921275296,1.4669631555080331,9076096,9234400,3338.628,6.498,7147.212,17.968,2.278125047683716,4.999999873689376e-05,60576.4765625,-0.04906517267227173,60576.515625,0.7375631332397461,0.01058110874146223,1.6098697185516357,0.0
2541.4969189632643,-288.1549606454,1253.7569968281086,100.0,56,5600,False,9240000,92400,1650,73b03aedc11d4733ad70480dfb5e4900,2020-03-24_12-00-38,1585051238,10.452485084533691,17494.24747276306,2887,eclipse,137.195.211.213,17494.24747276306,9240000,1650,28,28696714,0.0,0.0,0.0,12.405206852899193,0.991597449667132,1.467004730170625,9081600,9240000,3349.994,6.454,7122.951,18.02,2.278125047683716,4.999999873689376e-05,64233.69921875,-0.045953039079904556,64233.71484375,0.7341797351837158,0.01098165288567543,1.318763256072998,0.0
2330.9561778930592,-288.1549606454,1194.0691676045342,100.0,56,5600,False,9245600,92456,1651,73b03aedc11d4733ad70480dfb5e4900,2020-03-24_12-00-49,1585051249,10.681472063064575,17504.928944826126,2887,eclipse,137.195.211.213,17504.928944826126,9245600,1651,28,28696714,0.0,0.0,0.0,12.405628128260123,0.9916276710128666,1.4670833132473158,9087104,9245600,3387.123,6.537,7092.223,17.944,2.278125047683716,4.999999873689376e-05,73926.78125,-0.05032738298177719,73926.8046875,0.6815245151519775,0.011361131444573402,1.1142044067382812,0.0
2330.9561778930592,-87.04077172041173,1263.2210246181996,100.0,56,5600,False,9251200,92512,1652,73b03aedc11d4733ad70480dfb5e4900,2020-03-24_12-01-00,1585051260,10.608177185058594,17515.537122011185,2887,eclipse,137.195.211.213,17515.537122011185,9251200,1652,28,28696714,0.0,0.0,0.0,12.406102062699349,0.9916535725134062,1.467159384287048,9092608,9251200,3403.852,6.585,7078.83,18.182,2.278125047683716,4.999999873689376e-05,74231.828125,-0.042329370975494385,74231.84375,0.6891005039215088,0.010783907026052475,1.2098064422607422,0.0
2340.9398588912186,-47.194680722908046,1348.0091991099523,100.0,56,5600,False,9256800,92568,1653,73b03aedc11d4733ad70480dfb5e4900,2020-03-24_12-01-10,1585051270,10.693860530853271,17526.230982542038,2887,eclipse,137.195.211.213,17526.230982542038,9256800,1653,28,28696714,0.0,0.0,0.0,12.406379789016146,0.9916569665856351,1.4671749507400915,9098112,9256800,3400.505,7.089,7081.396,18.617,2.278125047683716,4.999999873689376e-05,54704.5234375,-0.044861484318971634,54704.546875,0.7681817412376404,0.009929070249199867,1.3010003566741943,0.0
2340.9398588912186,-52.5681400029211,1193.7838643769187,100.0,56,5600,False,9262400,92624,1654,73b03aedc11d4733ad70480dfb5e4900,2020-03-24_12-01-21,1585051281,10.55292272567749,17536.783905267715,2887,eclipse,137.195.211.213,17536.783905267715,9262400,1654,28,28696714,0.0,0.0,0.0,12.406426588103733,0.9916596839105806,1.4671673983950846,9103616,9262400,3386.777,7.057,7070.535,18.8,2.278125047683716,4.999999873689376e-05,68712.9296875,-0.04326710104942322,68712.9453125,0.7266008853912354,0.009478074498474598,1.4484729766845703,0.0
2459.928751169177,-52.5681400029211,1161.4540292740278,100.0,56,5600,False,9268000,92680,1655,73b03aedc11d4733ad70480dfb5e4900,2020-03-24_12-01-32,1585051292,10.60841178894043,17547.392317056656,2887,eclipse,137.195.211.213,17547.392317056656,9268000,1655,28,28696714,0.0,0.0,0.0,12.40641984724634,0.9916709540725854,1.4671583895166669,9109120,9268000,3386.511,7.069,7072.104,18.575,2.278125047683716,4.999999873689376e-05,64613.91796875,-0.0467136912047863,64613.9375,0.7692069411277771,0.01011756993830204,1.4962111711502075,0.0
2368.9158153281373,-48.381019610811805,1227.9461620543107,100.0,56,5600,False,9273600,92736,1656,73b03aedc11d4733ad70480dfb5e4900,2020-03-24_12-01-42,1585051302,10.391375303268433,17557.783692359924,2887,eclipse,137.195.211.213,17557.783692359924,9273600,1656,28,28696714,0.0,0.0,0.0,12.406524034667735,0.9916753178627207,1.4671504370396327,9114624,9273600,3379.629,6.775,7051.945,17.935,2.278125047683716,4.999999873689376e-05,70034.2578125,-0.04932063817977905,70034.28125,0.687516450881958,0.010896997526288033,1.1102797985076904,0.0
2368.9158153281373,-67.99657453986262,1175.5573478601373,100.0,56,5600,False,9279200,92792,1657,73b03aedc11d4733ad70480dfb5e4900,2020-03-24_12-01-53,1585051313,10.514634370803833,17568.298326730728,2887,eclipse,137.195.211.213,17568.298326730728,9279200,1657,28,28696714,0.0,0.0,0.0,12.406620255414898,0.9916756500363472,1.4671370419552716,9120128,9279200,3376.999,6.538,7052.785,18.303,2.278125047683716,4.999999873689376e-05,87888.984375,-0.04612642899155617,87889.0,0.6189272403717041,0.011398778297007084,1.3966355323791504,0.0
2393.359907150763,-197.93996037558017,1199.228016016449,100.0,56,5600,False,9284800,92848,1658,73b03aedc11d4733ad70480dfb5e4900,2020-03-24_12-02-03,1585051323,10.58898663520813,17578.887313365936,2887,eclipse,137.195.211.213,17578.887313365936,9284800,1658,28,28696714,0.0,0.0,0.0,12.406748465498431,0.9916739122751232,1.467123322075229,9125632,9284800,3358.047,6.359,7094.638,17.875,2.278125047683716,4.999999873689376e-05,60227.08203125,-0.04400710016489029,60227.09765625,0.7584980726242065,0.009820941835641861,1.443713665008545,0.0
2393.359907150763,-260.8542529471345,1292.0110492389033,100.0,56,5600,False,9290400,92904,1659,73b03aedc11d4733ad70480dfb5e4900,2020-03-24_12-02-14,1585051334,10.60325312614441,17589.49056649208,2887,eclipse,137.195.211.213,17589.49056649208,9290400,1659,28,28696714,0.0,0.0,0.0,12.406917055081626,0.9916703571191168,1.4671297329220536,9131136,9290400,3346.365,6.544,7126.428,17.634,2.278125047683716,4.999999873689376e-05,79509.8515625,-0.04543556272983551,79509.875,0.7165971994400024,0.009958085604012012,1.2607749700546265,0.0
2360.5751332338045,-260.8542529471345,1364.9207669559646,100.0,56,5600,False,9296000,92960,1660,73b03aedc11d4733ad70480dfb5e4900,2020-03-24_12-02-24,1585051344,10.520082712173462,17600.010649204254,2887,eclipse,137.195.211.213,17600.010649204254,9296000,1660,28,28696714,0.0,0.0,0.0,12.407165825573996,0.9916695049666161,1.467131546638467,9136640,9296000,3334.927,6.305,7147.481,17.595,2.278125047683716,4.999999873689376e-05,63340.9140625,-0.04390426725149155,63340.9375,0.7310110330581665,0.009436148218810558,1.5492099523544312,0.0
2309.7071733246667,-113.77940965169172,1289.9043441365566,100.0,56,5600,False,9301600,93016,1661,73b03aedc11d4733ad70480dfb5e4900,2020-03-24_12-02-35,1585051355,10.571204662322998,17610.581853866577,2887,eclipse,137.195.211.213,17610.581853866577,9301600,1661,28,28696714,0.0,0.0,0.0,12.407371758190006,0.9916716893733283,1.4671279769319796,9142144,9301600,3293.356,6.38,7179.051,17.085,2.278125047683716,4.999999873689376e-05,78348.3515625,-0.04341641068458557,78348.3515625,0.6257568001747131,0.01304153073579073,1.1178728342056274,0.0
2416.4246639076637,-220.99152162108163,1289.6241428239912,100.0,56,5600,False,9307200,93072,1662,73b03aedc11d4733ad70480dfb5e4900,2020-03-24_12-02-46,1585051366,10.652253866195679,17621.234107732773,2887,eclipse,137.195.211.213,17621.234107732773,9307200,1662,28,28696714,0.0,0.0,0.0,12.407523320220152,0.9916666395996736,1.467117213374366,9147648,9307200,3281.484,6.352,7195.415,17.414,2.278125047683716,4.999999873689376e-05,48953.98828125,-0.04698364809155464,48954.01171875,0.8040493130683899,0.010269466787576675,1.4447110891342163,0.0
2366.6215760755817,-566.8448844989038,1212.0180414510617,100.0,56,5600,False,9312800,93128,1663,73b03aedc11d4733ad70480dfb5e4900,2020-03-24_12-02-56,1585051376,10.56728744506836,17631.80139517784,2887,eclipse,137.195.211.213,17631.80139517784,9312800,1663,28,28696714,0.0,0.0,0.0,12.407578296435663,0.9916636346466123,1.4671043377122146,9153152,9312800,3273.515,6.18,7189.743,17.113,2.278125047683716,4.999999873689376e-05,76327.90625,-0.047250937670469284,76327.9296875,0.6918237805366516,0.011399582959711552,1.2140876054763794,0.0
2384.194542089917,-43.47378704832334,1240.3247702406652,100.0,56,5600,False,9318400,93184,1664,73b03aedc11d4733ad70480dfb5e4900,2020-03-24_12-03-07,1585051387,10.563231468200684,17642.364626646042,2887,eclipse,137.195.211.213,17642.364626646042,9318400,1664,28,28696714,0.0,0.0,0.0,12.407682545162707,0.9916652069630563,1.4670964926120396,9158656,9318400,3273.456,6.086,7191.23,17.312,2.278125047683716,4.999999873689376e-05,68463.7578125,-0.04631509259343147,68463.7734375,0.6891379952430725,0.012421284802258015,1.145614504814148,0.0
2384.194542089917,-541.5968653020597,1236.6700896124762,100.0,56,5600,False,9324000,93240,1665,73b03aedc11d4733ad70480dfb5e4900,2020-03-24_12-03-18,1585051398,10.700444459915161,17653.065071105957,2887,eclipse,137.195.211.213,17653.065071105957,9324000,1665,28,28696714,0.0,0.0,0.0,12.407825327209743,0.9916660493821887,1.4670903827654087,9164160,9324000,3285.541,6.347,7186.606,17.621,2.278125047683716,4.999999873689376e-05,60920.92578125,-0.05115290731191635,60920.9609375,0.7612983584403992,0.010333433747291565,1.2389376163482666,0.0
2387.582866332141,-541.5968653020597,1194.4705937422275,100.0,56,5600,False,9329600,93296,1666,73b03aedc11d4733ad70480dfb5e4900,2020-03-24_12-03-28,1585051408,10.60320496559143,17663.66827607155,2887,eclipse,137.195.211.213,17663.66827607155,9329600,1666,28,28696714,0.0,0.0,0.0,12.407927605885682,0.9916622084318889,1.4670783496504907,9169664,9329600,3291.389,6.278,7200.288,18.043,2.278125047683716,4.999999873689376e-05,79778.421875,-0.04483592137694359,79778.4375,0.664189338684082,0.01262581069022417,1.207648754119873,0.0
2427.604077233452,-420.99544922348133,1308.5845838170433,100.0,56,5600,False,9335200,93352,1667,73b03aedc11d4733ad70480dfb5e4900,2020-03-24_12-03-39,1585051419,10.612176418304443,17674.280452489853,2887,eclipse,137.195.211.213,17674.280452489853,9335200,1667,28,28696714,0.0,0.0,0.0,12.408127317668809,0.991656561444735,1.4670621750157755,9175168,9335200,3290.461,6.222,7208.994,17.92,2.278125047683716,4.999999873689376e-05,59498.765625,-0.04598429426550865,59498.796875,0.7770373225212097,0.010816278867423534,1.509629726409912,0.0
2568.6856231230063,-123.28820583781443,1290.9737930406511,100.0,56,5600,False,9340800,93408,1668,73b03aedc11d4733ad70480dfb5e4900,2020-03-24_12-03-50,1585051430,10.557104110717773,17684.83755660057,2887,eclipse,137.195.211.213,17684.83755660057,9340800,1668,28,28696714,0.0,0.0,0.0,12.408250813711717,0.9916503618668697,1.467048583223268,9180672,9340800,3290.669,6.146,7208.395,18.14,2.278125047683716,4.999999873689376e-05,74178.8046875,-0.05626524239778519,74178.828125,0.7430304288864136,0.009933833964169025,1.418681263923645,0.0
2568.6856231230063,-123.28820583781443,1319.5077054203027,100.0,56,5600,False,9346400,93464,1669,73b03aedc11d4733ad70480dfb5e4900,2020-03-24_12-04-00,1585051440,10.64254355430603,17695.480100154877,2887,eclipse,137.195.211.213,17695.480100154877,9346400,1669,28,28696714,0.0,0.0,0.0,12.408472741345063,0.9916441275756536,1.4670521388315847,9186176,9346400,3291.337,5.887,7212.101,18.588,2.278125047683716,4.999999873689376e-05,58315.0234375,-0.046430062502622604,58315.046875,0.746254563331604,0.011175345629453659,1.1345255374908447,0.0
2341.0466577021675,-47.67301936830281,1263.7639638151934,100.0,56,5600,False,9352000,93520,1670,73b03aedc11d4733ad70480dfb5e4900,2020-03-24_12-04-11,1585051451,10.568312168121338,17706.048412322998,2887,eclipse,137.195.211.213,17706.048412322998,9352000,1670,28,28696714,0.0,0.0,0.0,12.40873245740142,0.9916493070675365,1.4670602995573905,9191680,9352000,3299.455,5.984,7207.284,18.279,2.278125047683716,4.999999873689376e-05,67910.0078125,-0.04917703568935394,67910.03125,0.634401261806488,0.011361584067344666,1.4763151407241821,0.0
2522.171239398579,-73.48603313755605,1268.0844515331848,100.0,56,5600,False,9357600,93576,1671,73b03aedc11d4733ad70480dfb5e4900,2020-03-24_12-04-22,1585051462,10.60770320892334,17716.65611553192,2887,eclipse,137.195.211.213,17716.65611553192,9357600,1671,28,28696714,0.0,0.0,0.0,12.408948855105074,0.9916540451613821,1.467055852904889,9197184,9357600,3300.076,6.036,7207.246,19.524,2.278125047683716,4.999999873689376e-05,84119.484375,-0.047759827226400375,84119.5078125,0.6511595845222473,0.009344077669084072,1.3533596992492676,0.0
2522.171239398579,-208.7904126381488,1198.783495174702,100.0,56,5600,False,9363200,93632,1672,73b03aedc11d4733ad70480dfb5e4900,2020-03-24_12-04-32,1585051472,10.669363260269165,17727.32547879219,2887,eclipse,137.195.211.213,17727.32547879219,9363200,1672,28,28696714,0.0,0.0,0.0,12.409062773870891,0.9916584214590187,1.4670482495347341,9202688,9363200,3302.323,6.093,7207.932,18.601,2.278125047683716,4.999999873689376e-05,57540.15625,-0.047150444239377975,57540.1796875,0.7764102816581726,0.010319496504962444,1.310439944267273,0.0
2482.2626872330616,-208.7904126381488,1269.1074452569346,100.0,56,5600,False,9368800,93688,1673,73b03aedc11d4733ad70480dfb5e4900,2020-03-24_12-04-43,1585051483,10.724109411239624,17738.04958820343,2887,eclipse,137.195.211.213,17738.04958820343,9368800,1673,28,28696714,0.0,0.0,0.0,12.409258538026375,0.9916594337104183,1.467039788520722,9208192,9368800,3317.373,6.034,7211.036,18.776,2.278125047683716,4.999999873689376e-05,55761.60546875,-0.04758733883500099,55761.62109375,0.7805969715118408,0.011496827937662601,1.2420077323913574,0.0
2482.2626872330616,-52.075905989178466,1280.5277943100832,100.0,56,5600,False,9374400,93744,1674,73b03aedc11d4733ad70480dfb5e4900,2020-03-24_12-04-54,1585051494,10.575263738632202,17748.624851942062,2887,eclipse,137.195.211.213,17748.624851942062,9374400,1674,28,28696714,0.0,0.0,0.0,12.409468329637093,0.9916561063835256,1.467037463815644,9213696,9374400,3322.808,6.089,7208.385,18.696,2.278125047683716,4.999999873689376e-05,54384.80859375,-0.04747582599520683,54384.8203125,0.7998923659324646,0.012170839123427868,1.1561694145202637,0.0
2323.442975131774,-51.443354149229066,1116.5540121571833,100.0,56,5600,False,9380000,93800,1675,73b03aedc11d4733ad70480dfb5e4900,2020-03-24_12-05-04,1585051504,10.534501552581787,17759.159353494644,2887,eclipse,137.195.211.213,17759.159353494644,9380000,1675,28,28696714,0.0,0.0,0.0,12.409468247521872,0.991653213595839,1.4670352091075407,9219200,9380000,3302.634,5.86,7210.812,18.361,2.278125047683716,4.999999873689376e-05,79287.5625,-0.04623417556285858,79287.5859375,0.6621885299682617,0.012269139289855957,0.958551287651062,0.0
2357.357498947701,-599.4948847601325,1089.1567545252765,100.0,56,5600,False,9385600,93856,1676,73b03aedc11d4733ad70480dfb5e4900,2020-03-24_12-05-15,1585051515,10.405117511749268,17769.564471006393,2887,eclipse,137.195.211.213,17769.564471006393,9385600,1676,28,28696714,0.0,0.0,0.0,12.409549177316503,0.9916591246201162,1.4670559017406024,9224704,9385600,3308.899,5.869,7185.565,18.045,2.278125047683716,4.999999873689376e-05,75983.921875,-0.042412761598825455,75983.9296875,0.6649892926216125,0.011454310268163681,1.2196018695831299,0.0
2357.357498947701,-599.4948847601325,1345.413736718231,100.0,56,5600,False,9391200,93912,1677,73b03aedc11d4733ad70480dfb5e4900,2020-03-24_12-05-25,1585051525,10.543431043624878,17780.10790205002,2887,eclipse,137.195.211.213,17780.10790205002,9391200,1677,28,28696714,0.0,0.0,0.0,12.409958405260825,0.9916692961298499,1.467095826226825,9230208,9391200,3331.26,6.081,7157.983,17.325,2.278125047683716,4.999999873689376e-05,44468.0390625,-0.048980213701725006,44468.0625,0.7931207418441772,0.012338753789663315,1.2055659294128418,0.0
2340.775793473145,-46.61535562795221,1283.6401545898,100.0,56,5600,False,9396800,93968,1678,73b03aedc11d4733ad70480dfb5e4900,2020-03-24_12-05-36,1585051536,10.291452646255493,17790.399354696274,2887,eclipse,137.195.211.213,17790.399354696274,9396800,1678,28,28696714,0.0,0.0,0.0,12.410265439498604,0.9916805408328199,1.4671345504895976,9235712,9396800,3335.271,6.289,7127.325,16.878,2.278125047683716,4.999999873689376e-05,70982.171875,-0.04318380728363991,70982.1953125,0.7259331941604614,0.009897834621369839,1.3367098569869995,0.0
2550.57798295608,-46.61535562795221,1338.5466726674942,100.0,56,5600,False,9402400,94024,1679,73b03aedc11d4733ad70480dfb5e4900,2020-03-24_12-05-46,1585051546,10.57975959777832,17800.979114294052,2887,eclipse,137.195.211.213,17800.979114294052,9402400,1679,28,28696714,0.0,0.0,0.0,12.4106487259081,0.9917007405646063,1.4671804878217223,9241216,9402400,3353.307,6.584,7103.449,17.113,2.278125047683716,4.999999873689376e-05,86870.78125,-0.04348112270236015,86870.8046875,0.6258525252342224,0.011142781935632229,1.1614086627960205,0.0
2550.57798295608,-42.60887242667364,1311.1488090964276,100.0,56,5600,False,9408000,94080,1680,73b03aedc11d4733ad70480dfb5e4900,2020-03-24_12-05-57,1585051557,10.409325361251831,17811.388439655304,2887,eclipse,137.195.211.213,17811.388439655304,9408000,1680,28,28696714,0.0,0.0,0.0,12.411069072603823,0.9917223881447756,1.4672238005777138,9246720,9408000,3362.661,6.536,7078.877,16.757,2.278125047683716,4.999999873689376e-05,75875.75,-0.04815753549337387,75875.7734375,0.6735244393348694,0.011921502649784088,0.9671952128410339,0.0
2220.6857298297846,-176.4730828779814,1176.0279083976802,100.0,56,5600,False,9413600,94136,1681,73b03aedc11d4733ad70480dfb5e4900,2020-03-24_12-06-08,1585051568,10.983667612075806,17822.37210726738,2887,eclipse,137.195.211.213,17822.37210726738,9413600,1681,28,28696714,0.0,0.0,0.0,12.411531002421919,0.9917541205019623,1.467294279502725,9252224,9413600,3407.324,6.62,7073.164,16.285,2.278125047683716,4.999999873689376e-05,65521.87890625,-0.05086350440979004,65521.9140625,0.7199808955192566,0.010654371231794357,1.162315845489502,0.0
2464.8251666422243,-47.09313304405978,1247.3869465844846,100.0,56,5600,False,9419200,94192,1682,73b03aedc11d4733ad70480dfb5e4900,2020-03-24_12-06-18,1585051578,10.538212537765503,17832.910319805145,2887,eclipse,137.195.211.213,17832.910319805145,9419200,1682,28,28696714,0.0,0.0,0.0,12.41186988582043,0.9917742793975944,1.4673426163908931,9257728,9419200,3398.176,6.531,7069.785,17.081,2.278125047683716,4.999999873689376e-05,72398.25,-0.051650501787662506,72398.28125,0.719528079032898,0.00954605732113123,1.2635360956192017,0.0
2464.8251666422243,-450.34830617362064,1310.649941771082,100.0,56,5600,False,9424800,94248,1683,73b03aedc11d4733ad70480dfb5e4900,2020-03-24_12-06-29,1585051589,10.629578590393066,17843.53989839554,2887,eclipse,137.195.211.213,17843.53989839554,9424800,1683,28,28696714,0.0,0.0,0.0,12.412071114356367,0.9917724931162768,1.4673369655459105,9263232,9424800,3385.44,6.522,7070.563,17.174,2.278125047683716,4.999999873689376e-05,83487.921875,-0.04905078560113907,83487.953125,0.6720753312110901,0.011227086186408997,1.2912219762802124,0.0
2314.843427064835,-377.1601550079001,1276.8409647578844,100.0,56,5600,False,9430400,94304,1684,73b03aedc11d4733ad70480dfb5e4900,2020-03-24_12-06-40,1585051600,10.682801723480225,17854.22270011902,2887,eclipse,137.195.211.213,17854.22270011902,9430400,1684,28,28696714,0.0,0.0,0.0,12.412274749660769,0.9917665936466434,1.4673221556666745,9268736,9430400,3390.065,6.901,7075.618,17.026,2.278125047683716,4.999999873689376e-05,64492.703125,-0.049129243940114975,64492.7265625,0.7058203816413879,0.010584359057247639,1.1839045286178589,0.0
2314.843427064835,-58.63171401479305,1236.2690637189187,100.0,56,5600,False,9436000,94360,1685,73b03aedc11d4733ad70480dfb5e4900,2020-03-24_12-06-50,1585051610,10.62269639968872,17864.845396518707,2887,eclipse,137.195.211.213,17864.845396518707,9436000,1685,28,28696714,0.0,0.0,0.0,12.41244866440172,0.9917637717504778,1.4673091418779853,9274240,9436000,3397.864,6.905,7077.532,17.329,2.278125047683716,4.999999873689376e-05,71052.3984375,-0.0455591157078743,71052.4375,0.7128739953041077,0.010306885465979576,1.2683545351028442,0.0
2293.0032853862126,-592.431704844254,1213.9328462238218,100.0,56,5600,False,9441600,94416,1686,73b03aedc11d4733ad70480dfb5e4900,2020-03-24_12-07-01,1585051621,10.883811235427856,17875.729207754135,2887,eclipse,137.195.211.213,17875.729207754135,9441600,1686,28,28696714,0.0,0.0,0.0,12.412919957258925,0.9917701825904931,1.4674089423225554,9279744,9441600,3422.648,6.918,7100.25,17.349,2.278125047683716,4.999999873689376e-05,55682.09375,-0.055046334862709045,55682.1328125,0.769067108631134,0.011369273066520691,1.3766696453094482,0.0
3001.8861853736184,-592.431704844254,1327.060300264674,100.0,56,5600,False,9447200,94472,1687,73b03aedc11d4733ad70480dfb5e4900,2020-03-24_12-07-12,1585051632,11.054938077926636,17886.78414583206,2887,eclipse,137.195.211.213,17886.78414583206,9447200,1687,28,28696714,0.01,0.0,1.0,12.413777810600413,0.9917993292015601,1.4675927612528414,9285248,9447200,3436.294,6.781,7134.927,18.122,2.278125047683716,4.999999873689376e-05,57593.890625,-0.04919577017426491,57593.92578125,0.77047199010849,0.010048598051071167,1.401188850402832,0.0
3001.8861853736184,-498.70928572526446,1357.428863279265,100.0,56,5600,False,9452800,94528,1688,73b03aedc11d4733ad70480dfb5e4900,2020-03-24_12-07-23,1585051643,10.52687406539917,17897.31101989746,2887,eclipse,137.195.211.213,17897.31101989746,9452800,1688,28,28696714,0.01,0.0,1.0,12.41429391874851,0.99180577245889,1.4676703219669747,9290752,9452800,3432.13,6.576,7162.03,18.771,2.278125047683716,4.999999873689376e-05,61598.203125,-0.04386545717716217,61598.22265625,0.777561604976654,0.01140743587166071,1.1841455698013306,0.0
2365.3461313829825,-498.70928572526446,1236.1712196738072,100.0,56,5600,False,9458400,94584,1689,73b03aedc11d4733ad70480dfb5e4900,2020-03-24_12-07-34,1585051654,10.686490058898926,17907.99750995636,2887,eclipse,137.195.211.213,17907.99750995636,9458400,1689,28,28696714,0.0,0.0,0.0,12.414392168416562,0.9918046703467003,1.4676653377698432,9296256,9458400,3411.298,6.337,7191.701,18.953,2.278125047683716,4.999999873689376e-05,72375.1328125,-0.0545126236975193,72375.1640625,0.6868861317634583,0.01047747116535902,1.2207980155944824,0.0
2355.2940374239943,-49.20553513727248,1252.018474956792,100.0,56,5600,False,9464000,94640,1690,73b03aedc11d4733ad70480dfb5e4900,2020-03-24_12-07-44,1585051664,10.657935380935669,17918.655445337296,2887,eclipse,137.195.211.213,17918.655445337296,9464000,1690,28,28696714,0.0,0.0,0.0,12.414488313197545,0.9917995637372389,1.467658960133395,9301760,9464000,3399.12,6.466,7227.248,19.407,2.278125047683716,4.999999873689376e-05,72434.96875,-0.05072995275259018,72434.9921875,0.658378541469574,0.01056084968149662,1.1779065132141113,0.0
2304.0172632441045,-375.3875412103616,1321.5023023269302,100.0,56,5600,False,9469600,94696,1691,73b03aedc11d4733ad70480dfb5e4900,2020-03-24_12-07-55,1585051675,10.696606159210205,17929.352051496506,2887,eclipse,137.195.211.213,17929.352051496506,9469600,1691,28,28696714,0.0,0.0,0.0,12.414660192784913,0.9917922711582886,1.4676458474287615,9307264,9469600,3359.698,6.639,7238.428,19.438,2.278125047683716,4.999999873689376e-05,51726.94921875,-0.045307427644729614,51726.96484375,0.7949058413505554,0.00998934730887413,1.409403681755066,0.0
2304.0172632441045,-46.699074351413884,1355.131696015057,100.0,56,5600,False,9475200,94752,1692,73b03aedc11d4733ad70480dfb5e4900,2020-03-24_12-08-06,1585051686,10.59752106666565,17939.94957256317,2887,eclipse,137.195.211.213,17939.94957256317,9475200,1692,28,28696714,0.0,0.0,0.0,12.41488680222712,0.991787614669495,1.4676362381008852,9312768,9475200,3365.141,6.846,7237.76,19.674,2.278125047683716,4.999999873689376e-05,49713.33203125,-0.04704146087169647,49713.35546875,0.7998820543289185,0.009533516131341457,1.3960410356521606,0.0
2298.944039473303,-379.2467683789316,1327.9915820625122,100.0,56,5600,False,9480800,94808,1693,73b03aedc11d4733ad70480dfb5e4900,2020-03-24_12-08-16,1585051696,10.56777548789978,17950.51734805107,2887,eclipse,137.195.211.213,17950.51734805107,9480800,1693,28,28696714,0.0,0.0,0.0,12.415139521675451,0.9917814102909956,1.467632554065959,9318272,9480800,3367.926,6.868,7230.844,19.899,2.278125047683716,4.999999873689376e-05,49911.2109375,-0.04995396360754967,49911.23828125,0.7818823456764221,0.009335380978882313,1.3731108903884888,0.0
2347.8966847380616,-379.2467683789316,1318.3077672114118,100.0,56,5600,False,9486400,94864,1694,73b03aedc11d4733ad70480dfb5e4900,2020-03-24_12-08-27,1585051707,10.633486032485962,17961.150834083557,2887,eclipse,137.195.211.213,17961.150834083557,9486400,1694,28,28696714,0.0,0.0,0.0,12.415333780537008,0.9917759678095135,1.4676294932155662,9323776,9486400,3365.436,7.036,7227.666,20.269,2.278125047683716,4.999999873689376e-05,56940.734375,-0.047021761536598206,56940.765625,0.7302621603012085,0.011703670024871826,1.0529202222824097,0.0
2383.6930928860406,-50.69951046201529,1319.8296010607048,100.0,56,5600,False,9492000,94920,1695,73b03aedc11d4733ad70480dfb5e4900,2020-03-24_12-08-38,1585051718,10.641706943511963,17971.79254102707,2887,eclipse,137.195.211.213,17971.79254102707,9492000,1695,28,28696714,0.0,0.0,0.0,12.415494961182612,0.9917704446769946,1.4676195876775937,9329280,9492000,3369.637,6.999,7226.456,20.424,2.278125047683716,4.999999873689376e-05,52357.84375,-0.045459553599357605,52357.8671875,0.7841159105300903,0.00974301714450121,1.2491904497146606,0.0
2401.7536552164197,-50.92720413197816,1239.245792246118,100.0,56,5600,False,9497600,94976,1696,73b03aedc11d4733ad70480dfb5e4900,2020-03-24_12-08-48,1585051728,10.620123624801636,17982.41266465187,2887,eclipse,137.195.211.213,17982.41266465187,9497600,1696,28,28696714,0.0,0.0,0.0,12.415573295563599,0.9917666936596283,1.4676085308535973,9334784,9497600,3333.575,7.013,7237.87,20.679,2.278125047683716,4.999999873689376e-05,66015.84375,-0.048705779016017914,66015.875,0.7569158673286438,0.011614407412707806,1.2186291217803955,0.0
2320.8886560604747,-51.664083938080864,1279.8466261542164,100.0,56,5600,False,9503200,95032,1697,73b03aedc11d4733ad70480dfb5e4900,2020-03-24_12-08-59,1585051739,10.656049489974976,17993.068714141846,2887,eclipse,137.195.211.213,17993.068714141846,9503200,1697,28,28696714,0.0,0.0,0.0,12.41573947910132,0.9917613002230329,1.4675979585834933,9340288,9503200,3297.454,7.158,7234.971,20.223,2.278125047683716,4.999999873689376e-05,42586.37890625,-0.051317404955625534,42586.40234375,0.8213146924972534,0.011074738577008247,1.1624246835708618,0.0
2345.328301908141,-51.664083938080864,1223.3657831054359,100.0,56,5600,False,9508800,95088,1698,73b03aedc11d4733ad70480dfb5e4900,2020-03-24_12-09-10,1585051750,10.670434474945068,18003.73914861679,2887,eclipse,137.195.211.213,18003.73914861679,9508800,1698,28,28696714,0.0,0.0,0.0,12.415889975048806,0.9917658933236886,1.4675920827917415,9345792,9508800,3308.524,7.197,7237.835,19.939,2.278125047683716,4.999999873689376e-05,55077.62109375,-0.04740392789244652,55077.65234375,0.773712158203125,0.010407289490103722,1.0650044679641724,0.0
3590.519477074466,-43.17802416562691,1332.3709698786872,100.0,56,5600,False,9514400,95144,1699,73b03aedc11d4733ad70480dfb5e4900,2020-03-24_12-09-20,1585051760,10.548242807388306,18014.28739142418,2887,eclipse,137.195.211.213,18014.28739142418,9514400,1699,28,28696714,0.01,0.0,1.0,12.416077059393155,0.9917707408965727,1.4675792252491175,9351296,9514400,3305.83,6.962,7228.942,19.278,2.278125047683716,4.999999873689376e-05,107301.9921875,-0.04200926050543785,107302.0,0.5888770222663879,0.012505418621003628,1.306631088256836,0.0
3590.519477074466,-48.254292266103555,1438.3581552591377,100.0,56,5600,False,9520000,95200,1700,73b03aedc11d4733ad70480dfb5e4900,2020-03-24_12-09-31,1585051771,10.563520431518555,18024.850911855698,2887,eclipse,137.195.211.213,18024.850911855698,9520000,1700,28,28696714,0.02,0.0,1.0,12.416345490847856,0.9917685871483768,1.467568809190158,9356800,9520000,3300.548,6.787,7226.129,19.637,2.278125047683716,4.999999873689376e-05,62045.296875,-0.04659023880958557,62045.3125,0.7169179916381836,0.011892027221620083,1.23902428150177,0.0
2372.6317885353146,-151.45960250745864,1353.3903649157376,100.0,56,5600,False,9525600,95256,1701,73b03aedc11d4733ad70480dfb5e4900,2020-03-24_12-09-42,1585051782,10.670621871948242,18035.521533727646,2887,eclipse,137.195.211.213,18035.521533727646,9525600,1701,28,28696714,0.01,0.0,1.0,12.41653605476255,0.9917641911162961,1.4675551483543314,9362304,9525600,3297.038,6.572,7226.394,19.471,2.278125047683716,4.999999873689376e-05,58982.35546875,-0.046901002526283264,58982.37109375,0.7834563851356506,0.011734573170542717,1.4026455879211426,0.0
2368.46906177322,-483.91032495532835,1304.846008819288,100.0,56,5600,False,9531200,95312,1702,73b03aedc11d4733ad70480dfb5e4900,2020-03-24_12-09-52,1585051792,10.720170259475708,18046.24170398712,2887,eclipse,137.195.211.213,18046.24170398712,9531200,1702,28,28696714,0.0,0.0,0.0,12.416719096630013,0.9917659682726878,1.4675438794692997,9367808,9531200,3301.419,6.585,7235.294,19.748,2.278125047683716,4.999999873689376e-05,92885.1015625,-0.04451735317707062,92885.125,0.6307244896888733,0.009296629577875137,1.55762779712677,0.0
2313.841910019985,-376.26334414812686,1359.2420060050956,100.0,56,5600,False,9536800,95368,1703,73b03aedc11d4733ad70480dfb5e4900,2020-03-24_12-10-03,1585051803,10.400609016418457,18056.64231300354,2887,eclipse,137.195.211.213,18056.64231300354,9536800,1703,28,28696714,0.0,0.0,0.0,12.417094233215721,0.991767971318311,1.4675445678659866,9373312,9536800,3307.08,6.476,7213.107,20.058,2.278125047683716,4.999999873689376e-05,52945.546875,-0.0520370714366436,52945.5703125,0.7351853251457214,0.011440259404480457,1.246511459350586,0.0
2281.2030212738755,-52.69924498699836,1380.681878216127,100.0,56,5600,False,9542400,95424,1704,73b03aedc11d4733ad70480dfb5e4900,2020-03-24_12-10-13,1585051813,10.410307168960571,18067.0526201725,2887,eclipse,137.195.211.213,18067.0526201725,9542400,1704,28,28696714,0.0,0.0,0.0,12.417537519008087,0.9917776339857606,1.467578125824484,9378816,9542400,3318.716,5.935,7182.865,18.593,2.278125047683716,4.999999873689376e-05,33826.9609375,-0.04339371249079704,33826.98046875,0.8564244508743286,0.01040384266525507,1.4840893745422363,0.0
2426.7319394991055,-52.69924498699836,1351.5472140194106,100.0,56,5600,False,9548000,95480,1705,73b03aedc11d4733ad70480dfb5e4900,2020-03-24_12-10-24,1585051824,10.432969808578491,18077.48558998108,2887,eclipse,137.195.211.213,18077.48558998108,9548000,1705,28,28696714,0.0,0.0,0.0,12.417934476482777,0.9917900475473089,1.4676244722948757,9384320,9548000,3331.807,6.177,7150.595,17.993,2.278125047683716,4.999999873689376e-05,65971.8046875,-0.04932793229818344,65971.8359375,0.7059966325759888,0.009880220517516136,1.229081630706787,0.0
2426.7319394991055,-180.04171691473985,1262.091535004104,100.0,56,5600,False,9553600,95536,1706,73b03aedc11d4733ad70480dfb5e4900,2020-03-24_12-10-34,1585051834,10.287898302078247,18087.773488283157,2887,eclipse,137.195.211.213,18087.773488283157,9553600,1706,28,28696714,0.0,0.0,0.0,12.418216279857885,0.9917959776508622,1.4676566032363478,9389824,9553600,3338.495,6.32,7110.447,18.44,2.278125047683716,4.999999873689376e-05,62399.05859375,-0.0440913587808609,62399.0703125,0.7763322591781616,0.009474002756178379,1.2974765300750732,0.0
2963.7607980245466,-260.8876455390373,1336.5996071708132,100.0,56,5600,False,9559200,95592,1707,73b03aedc11d4733ad70480dfb5e4900,2020-03-24_12-10-45,1585051845,10.63430380821228,18098.40779209137,2887,eclipse,137.195.211.213,18098.40779209137,9559200,1707,28,28696714,0.03,0.0,1.0,12.418567963801822,0.9918043168691781,1.4676868718170386,9395328,9559200,3352.615,6.127,7095.543,18.367,2.278125047683716,4.999999873689376e-05,74594.40625,-0.04195794463157654,74594.421875,0.6959885358810425,0.011965191923081875,1.2677364349365234,0.0
2963.7607980245466,-260.8876455390373,1305.7922506321497,100.0,56,5600,False,9564800,95648,1708,73b03aedc11d4733ad70480dfb5e4900,2020-03-24_12-10-55,1585051855,10.3262779712677,18108.734070062637,2887,eclipse,137.195.211.213,18108.734070062637,9564800,1708,28,28696714,0.03,0.0,1.0,12.418901925999153,0.9918211935643398,1.4677176187245593,9400832,9564800,3350.172,6.124,7064.742,18.006,2.278125047683716,4.999999873689376e-05,78260.375,-0.04681116342544556,78260.390625,0.641533613204956,0.012982459738850594,1.1029013395309448,0.0
2272.4688414309967,-98.87340423473543,1183.2054975882586,100.0,56,5600,False,9570400,95704,1709,73b03aedc11d4733ad70480dfb5e4900,2020-03-24_12-11-06,1585051866,10.45138430595398,18119.18545436859,2887,eclipse,137.195.211.213,18119.18545436859,9570400,1709,28,28696714,0.0,0.0,0.0,12.41905192202356,0.9918368438390333,1.4677489259804921,9406336,9570400,3353.706,6.362,7052.213,17.411,2.278125047683716,4.999999873689376e-05,62402.484375,-0.04700959473848343,62402.50390625,0.749031126499176,0.011583597399294376,1.281505823135376,0.0
2324.7966891958044,-98.87340423473543,1211.6341023822786,100.0,56,5600,False,9576000,95760,1710,73b03aedc11d4733ad70480dfb5e4900,2020-03-24_12-11-16,1585051876,10.612472772598267,18129.79792714119,2887,eclipse,137.195.211.213,18129.79792714119,9576000,1710,28,28696714,0.0,0.0,0.0,12.419157440061296,0.9918346199236242,1.4677545681552728,9411840,9576000,3358.666,6.45,7053.792,16.385,2.278125047683716,4.999999873689376e-05,59398.0,-0.04049549996852875,59398.00390625,0.7423887848854065,0.01180947758257389,1.277952790260315,0.0
2221.9452582732206,-531.3549131447483,1246.7964439281554,100.0,56,5600,False,9581600,95816,1711,73b03aedc11d4733ad70480dfb5e4900,2020-03-24_12-11-27,1585051887,10.614331245422363,18140.412258386612,2887,eclipse,137.195.211.213,18140.412258386612,9581600,1711,28,28696714,0.0,0.0,0.0,12.419275931518479,0.9918310760847513,1.467739960933489,9417344,9581600,3361.988,6.293,7046.542,16.432,2.278125047683716,4.999999873689376e-05,86037.7109375,-0.046876780688762665,86037.734375,0.6395943760871887,0.010637294501066208,1.1555848121643066,0.0
2331.0100202198228,-531.3549131447483,1166.6541225932008,100.0,56,5600,False,9587200,95872,1712,73b03aedc11d4733ad70480dfb5e4900,2020-03-24_12-11-38,1585051898,10.608312845230103,18151.020571231842,2887,eclipse,137.195.211.213,18151.020571231842,9587200,1712,28,28696714,0.0,0.0,0.0,12.41932453651419,0.9918319271038518,1.467731040551867,9422848,9587200,3356.838,5.916,7040.347,16.077,2.278125047683716,4.999999873689376e-05,75102.03125,-0.05218566954135895,75102.0546875,0.7084814310073853,0.012232496403157711,1.0968515872955322,0.0
2331.0100202198228,-367.4343243043077,1216.066409722557,100.0,56,5600,False,9592800,95928,1713,73b03aedc11d4733ad70480dfb5e4900,2020-03-24_12-11-48,1585051908,10.675682067871094,18161.696253299713,2887,eclipse,137.195.211.213,18161.696253299713,9592800,1713,28,28696714,0.0,0.0,0.0,12.419478033155661,0.9918386028639691,1.467730428823142,9428352,9592800,3356.312,6.005,7068.14,15.695,2.278125047683716,4.999999873689376e-05,69947.296875,-0.044070322066545486,69947.3046875,0.6583488583564758,0.010517236776649952,1.264883041381836,0.0
2287.901849647005,-320.44717733479246,1241.8768000518942,100.0,56,5600,False,9598400,95984,1714,73b03aedc11d4733ad70480dfb5e4900,2020-03-24_12-11-59,1585051919,10.676259279251099,18172.372512578964,2887,eclipse,137.195.211.213,18172.372512578964,9598400,1714,28,28696714,0.0,0.0,0.0,12.419640227021256,0.9918407157241478,1.4677245235300123,9433856,9598400,3341.949,6.026,7105.648,16.833,2.278125047683716,4.999999873689376e-05,50091.28515625,-0.04772765189409256,50091.30078125,0.8071560263633728,0.010225665755569935,1.3945324420928955,0.0
2288.8729478937767,-49.653504835462726,1246.5079583626068,100.0,56,5600,False,9604000,96040,1715,73b03aedc11d4733ad70480dfb5e4900,2020-03-24_12-12-10,1585051930,10.601070880889893,18182.973583459854,2887,eclipse,137.195.211.213,18182.973583459854,9604000,1715,28,28696714,0.0,0.0,0.0,12.4197133674218,0.9918325756296997,1.467714706055307,9439360,9604000,3320.897,6.084,7140.451,16.89,2.278125047683716,4.999999873689376e-05,72301.1953125,-0.048912592232227325,72301.21875,0.7017235159873962,0.011112757958471775,1.1547807455062866,0.0
2288.8729478937767,-107.79335405153316,1295.568547690924,100.0,56,5600,False,9609600,96096,1716,73b03aedc11d4733ad70480dfb5e4900,2020-03-24_12-12-20,1585051940,10.633795976638794,18193.607379436493,2887,eclipse,137.195.211.213,18193.607379436493,9609600,1716,28,28696714,0.0,0.0,0.0,12.419804054242931,0.9918262200807128,1.4677038029058633,9444864,9609600,3313.497,6.17,7180.33,16.86,2.278125047683716,4.999999873689376e-05,67616.1875,-0.04961276054382324,67616.2109375,0.7090604901313782,0.012251082807779312,1.1938828229904175,0.0
2319.6409494430704,-554.9663068302757,1368.122449735189,100.0,56,5600,False,9615200,96152,1717,73b03aedc11d4733ad70480dfb5e4900,2020-03-24_12-12-31,1585051951,10.680848360061646,18204.288227796555,2887,eclipse,137.195.211.213,18204.288227796555,9615200,1717,28,28696714,0.0,0.0,0.0,12.420049047796551,0.9918234170489825,1.4676927897562524,9450368,9615200,3300.095,6.175,7196.295,17.251,2.278125047683716,4.999999873689376e-05,66024.171875,-0.0458359532058239,66024.203125,0.6952375173568726,0.010398213751614094,1.355934739112854,0.0
2565.68188088394,-554.9663068302757,1277.7796951636876,100.0,56,5600,False,9620800,96208,1718,73b03aedc11d4733ad70480dfb5e4900,2020-03-24_12-12-42,1585051962,10.588972568511963,18214.877200365067,2887,eclipse,137.195.211.213,18214.877200365067,9620800,1718,28,28696714,0.0,0.0,0.0,12.420190461357137,0.991825081326271,1.4676849064914246,9455872,9620800,3293.969,6.271,7227.617,17.625,2.278125047683716,4.999999873689376e-05,114887.828125,-0.047371603548526764,114887.8515625,0.5746381282806396,0.011009031906723976,1.2543538808822632,0.0
2609.536818189075,-533.8088587329871,1136.4618087692375,100.0,56,5600,False,9626400,96264,1719,73b03aedc11d4733ad70480dfb5e4900,2020-03-24_12-12-52,1585051972,10.637904167175293,18225.515104532242,2887,eclipse,137.195.211.213,18225.515104532242,9626400,1719,28,28696714,0.0,0.0,0.0,12.420205790403491,0.9918349917577787,1.4676809088037084,9461376,9626400,3295.015,6.36,7242.458,17.946,2.278125047683716,4.999999873689376e-05,70737.0859375,-0.04878375306725502,70737.109375,0.6970005631446838,0.011478610336780548,1.1501705646514893,0.0
2609.536818189075,-413.45658003378026,1406.3828429924172,100.0,56,5600,False,9632000,96320,1720,73b03aedc11d4733ad70480dfb5e4900,2020-03-24_12-13-03,1585051983,10.654081344604492,18236.169185876846,2887,eclipse,137.195.211.213,18236.169185876846,9632000,1720,28,28696714,0.01,0.0,1.0,12.420449219468537,0.9918377954294513,1.4676779909998006,9466880,9632000,3293.335,6.051,7247.216,17.801,2.278125047683716,4.999999873689376e-05,55207.37890625,-0.04935191571712494,55207.39453125,0.78433758020401,0.010605202987790108,1.5756316184997559,0.0
2384.61147644106,-114.77162554600172,1485.5205345802983,100.0,56,5600,False,9637600,96376,1721,73b03aedc11d4733ad70480dfb5e4900,2020-03-24_12-13-14,1585051994,10.669247388839722,18246.838433265686,2887,eclipse,137.195.211.213,18246.838433265686,9637600,1721,28,28696714,0.01,0.0,1.0,12.420719102010933,0.9918459221243587,1.4676731728843593,9472384,9637600,3301.172,6.034,7243.162,17.604,2.278125047683716,4.999999873689376e-05,64504.30078125,-0.0429469533264637,64504.3203125,0.725841224193573,0.011198803782463074,1.5515714883804321,0.0
2384.61147644106,-422.15258928185904,1208.8560846215398,100.0,56,5600,False,9643200,96432,1722,73b03aedc11d4733ad70480dfb5e4900,2020-03-24_12-13-24,1585052004,10.499759912490845,18257.338193178177,2887,eclipse,137.195.211.213,18257.338193178177,9643200,1722,28,28696714,0.0,0.0,0.0,12.420766973688174,0.991846558316119,1.4676644558160141,9477888,9643200,3289.853,6.299,7241.645,17.996,2.278125047683716,4.999999873689376e-05,73697.4921875,-0.046911463141441345,73697.5234375,0.6605764627456665,0.01076881680637598,1.0881600379943848,0.0
2295.583910836694,-422.15258928185904,1166.6904306424256,100.0,56,5600,False,9648800,96488,1723,73b03aedc11d4733ad70480dfb5e4900,2020-03-24_12-13-35,1585052015,10.530847787857056,18267.869040966034,2887,eclipse,137.195.211.213,18267.869040966034,9648800,1723,28,28696714,0.0,0.0,0.0,12.420777268187635,0.9918408506693096,1.4676534376583208,9483392,9648800,3276.284,6.277,7240.051,17.939,2.278125047683716,4.999999873689376e-05,72656.1875,-0.05267941579222679,72656.21875,0.7279922962188721,0.010559259913861752,1.5150002241134644,0.0
2330.698554747271,-69.5854028641417,1272.9358358115126,100.0,56,5600,False,9654400,96544,1724,73b03aedc11d4733ad70480dfb5e4900,2020-03-24_12-13-45,1585052025,10.508791446685791,18278.37783241272,2887,eclipse,137.195.211.213,18278.37783241272,9654400,1724,28,28696714,0.0,0.0,0.0,12.420880115184245,0.9918421128229875,1.4676401892751898,9488896,9654400,3278.504,6.197,7220.914,17.55,2.278125047683716,4.999999873689376e-05,66373.171875,-0.04296604543924332,66373.1953125,0.6822524666786194,0.0096449488773942,1.3875161409378052,0.0
2330.698554747271,-49.36339983085757,1403.5344854185337,100.0,56,5600,False,9660000,96600,1725,73b03aedc11d4733ad70480dfb5e4900,2020-03-24_12-13-56,1585052036,10.434147596359253,18288.81198000908,2887,eclipse,137.195.211.213,18288.81198000908,9660000,1725,28,28696714,0.0,0.0,0.0,12.421129565277834,0.9918438841026037,1.4676241128805616,9494400,9660000,3282.308,5.679,7202.408,18.09,2.278125047683716,4.999999873689376e-05,53756.4140625,-0.04730836674571037,53756.44140625,0.7599239945411682,0.00902553927153349,1.5747020244598389,0.0
2331.791481954416,-51.725023014357056,1414.6100602916695,100.0,56,5600,False,9665600,96656,1726,73b03aedc11d4733ad70480dfb5e4900,2020-03-24_12-14-06,1585052046,10.468932867050171,18299.28091287613,2887,eclipse,137.195.211.213,18299.28091287613,9665600,1726,28,28696714,0.0,0.0,0.0,12.421361075440473,0.991845749417419,1.4676101887014297,9499904,9665600,3287.512,5.486,7180.034,17.7,2.278125047683716,4.999999873689376e-05,45296.5546875,-0.04657292366027832,45296.578125,0.7997437119483948,0.010075336322188377,1.7097481489181519,0.0
2334.782072724806,-51.725023014357056,1361.7679046556625,100.0,56,5600,False,9671200,96712,1727,73b03aedc11d4733ad70480dfb5e4900,2020-03-24_12-14-17,1585052057,10.613696098327637,18309.894608974457,2887,eclipse,137.195.211.213,18309.894608974457,9671200,1727,28,28696714,0.0,0.0,0.0,12.421543642169809,0.9918514929741633,1.4675974317821534,9505408,9671200,3288.163,5.695,7173.304,18.014,2.278125047683716,4.999999873689376e-05,58608.296875,-0.04878106340765953,58608.3203125,0.744738757610321,0.012049288488924503,1.2024805545806885,0.0
2334.782072724806,-255.22534372596272,1247.59558993274,100.0,56,5600,False,9676800,96768,1728,73b03aedc11d4733ad70480dfb5e4900,2020-03-24_12-14-28,1585052068,10.612934112548828,18320.507543087006,2887,eclipse,137.195.211.213,18320.507543087006,9676800,1728,28,28696714,0.0,0.0,0.0,12.421657443309984,0.9918503495538673,1.467585746418816,9510912,9676800,3292.162,5.583,7170.126,18.603,2.278125047683716,4.999999873689376e-05,73955.8984375,-0.04581267014145851,73955.921875,0.6908544301986694,0.011581845581531525,1.1187844276428223,0.0
2684.251931024389,-46.15382676153154,1214.4214457578364,100.0,56,5600,False,9682400,96824,1729,73b03aedc11d4733ad70480dfb5e4900,2020-03-24_12-14-38,1585052078,10.60875153541565,18331.11629462242,2887,eclipse,137.195.211.213,18331.11629462242,9682400,1729,28,28696714,0.02,0.0,1.0,12.421715208058068,0.9918453771772527,1.4675773936402885,9516416,9682400,3290.475,5.45,7168.682,19.264,2.278125047683716,4.999999873689376e-05,87695.1953125,-0.0473918579518795,87695.21875,0.648876428604126,0.011406498961150646,1.3874289989471436,0.0
2684.251931024389,-32.749941418262665,1217.7975720123015,100.0,56,5600,False,9688000,96880,1730,73b03aedc11d4733ad70480dfb5e4900,2020-03-24_12-14-49,1585052089,10.58086895942688,18341.697163581848,2887,eclipse,137.195.211.213,18341.697163581848,9688000,1730,28,28696714,0.02,0.0,1.0,12.42180063461215,0.9918497900229372,1.4675715680033692,9521920,9688000,3292.357,5.646,7159.236,20.002,2.278125047683716,4.999999873689376e-05,71575.8203125,-0.044992443174123764,71575.8359375,0.6534046530723572,0.009830554015934467,1.1402935981750488,0.0
2306.4915051158428,-32.749941418262665,1271.291418832702,100.0,56,5600,False,9693600,96936,1731,73b03aedc11d4733ad70480dfb5e4900,2020-03-24_12-15-00,1585052100,10.686057090759277,18352.383220672607,2887,eclipse,137.195.211.213,18352.383220672607,9693600,1731,28,28696714,0.0,0.0,0.0,12.422023750783863,0.9918506547646123,1.4675685922484376,9527424,9693600,3286.651,5.641,7165.165,20.248,2.278125047683716,4.999999873689376e-05,76412.375,-0.048767782747745514,76412.40625,0.6462438106536865,0.009768906980752945,1.2782615423202515,0.0
2260.068924521936,-435.6786830156586,1262.988106983555,100.0,56,5600,False,9699200,96992,1732,73b03aedc11d4733ad70480dfb5e4900,2020-03-24_12-15-10,1585052110,10.242974996566772,18362.626195669174,2887,eclipse,137.195.211.213,18362.626195669174,9699200,1732,28,28696714,0.0,0.0,0.0,12.42214615080912,0.9918518923800296,1.4675582649429817,9532928,9699200,3298.986,5.617,7130.842,19.994,2.278125047683716,4.999999873689376e-05,69868.1015625,-0.0490117073059082,69868.125,0.7360521554946899,0.011690923944115639,1.214146614074707,0.0
2356.011171657647,-456.5739613763829,1239.8916972648456,100.0,56,5600,False,9704800,97048,1733,73b03aedc11d4733ad70480dfb5e4900,2020-03-24_12-15-20,1585052120,10.301464080810547,18372.927659749985,2887,eclipse,137.195.211.213,18372.927659749985,9704800,1733,28,28696714,0.0,0.0,0.0,12.422349099072148,0.9918550044193856,1.4675786580108166,9538432,9704800,3317.536,5.628,7091.032,19.609,2.278125047683716,4.999999873689376e-05,69334.5,-0.04477069899439812,69334.515625,0.725047767162323,0.010491383261978626,1.3297330141067505,0.0
2418.000259969627,-456.5739613763829,1277.1247587152122,100.0,56,5600,False,9710400,97104,1734,73b03aedc11d4733ad70480dfb5e4900,2020-03-24_12-15-31,1585052131,10.352916717529297,18383.280576467514,2887,eclipse,137.195.211.213,18383.280576467514,9710400,1734,28,28696714,0.0,0.0,0.0,12.422618953238114,0.9918619585869007,1.4676129832493123,9543936,9710400,3324.027,5.677,7071.591,19.911,2.278125047683716,4.999999873689376e-05,60200.796875,-0.044170960783958435,60200.80078125,0.7602237462997437,0.012393837794661522,1.027960181236267,0.0
2340.073500780705,-258.61950882703843,1182.8995031084107,100.0,56,5600,False,9716000,97160,1735,73b03aedc11d4733ad70480dfb5e4900,2020-03-24_12-15-41,1585052141,10.31248140335083,18393.593057870865,2887,eclipse,137.195.211.213,18393.593057870865,9716000,1735,28,28696714,0.0,0.0,0.0,12.42283818384102,0.9918720552078681,1.467641979045424,9549440,9716000,3327.75,5.916,7054.563,19.116,2.278125047683716,4.999999873689376e-05,63206.7734375,-0.04966748505830765,63206.796875,0.7214933633804321,0.010198838077485561,1.20807683467865,0.0
2334.0100744743268,-43.02888352309202,1175.4335253448705,100.0,56,5600,False,9721600,97216,1736,73b03aedc11d4733ad70480dfb5e4900,2020-03-24_12-15-52,1585052152,10.521958351135254,18404.115016222,2887,eclipse,137.195.211.213,18404.115016222,9721600,1736,28,28696714,0.0,0.0,0.0,12.42323686543206,0.9918930701670942,1.467715325065065,9554944,9721600,3357.439,5.886,7033.034,18.718,2.278125047683716,4.999999873689376e-05,61782.6171875,-0.053302422165870667,61782.640625,0.740153968334198,0.010008467361330986,1.227620005607605,0.0
2250.567418243125,-360.5557496773525,1164.5546743442508,100.0,56,5600,False,9727200,97272,1737,73b03aedc11d4733ad70480dfb5e4900,2020-03-24_12-16-02,1585052162,10.556521892547607,18414.671538114548,2887,eclipse,137.195.211.213,18414.671538114548,9727200,1737,28,28696714,0.0,0.0,0.0,12.423634536071601,0.9919145697794858,1.4677915567075897,9560448,9727200,3372.044,5.696,7010.991,18.541,2.278125047683716,4.999999873689376e-05,58974.60546875,-0.05082729831337929,58974.62890625,0.7556822299957275,0.009654698893427849,1.3022487163543701,0.0
2303.6550384049556,-360.5557496773525,1201.2018508359076,100.0,56,5600,False,9732800,97328,1738,73b03aedc11d4733ad70480dfb5e4900,2020-03-24_12-16-13,1585052173,10.85342812538147,18425.52496623993,2887,eclipse,137.195.211.213,18425.52496623993,9732800,1738,28,28696714,0.0,0.0,0.0,12.423967599272059,0.991936368273629,1.46786368476933,9565952,9732800,3392.63,5.881,7014.535,18.379,2.278125047683716,4.999999873689376e-05,62047.0390625,-0.04834713041782379,62047.0625,0.7569425106048584,0.009834660217165947,1.1396578550338745,0.0
2324.2915166031635,-185.18469132904445,1265.750719659265,100.0,56,5600,False,9738400,97384,1739,73b03aedc11d4733ad70480dfb5e4900,2020-03-24_12-16-24,1585052184,10.691113710403442,18436.216079950333,2887,eclipse,137.195.211.213,18436.216079950333,9738400,1739,28,28696714,0.0,0.0,0.0,12.424266441830477,0.9919423681571158,1.4678968820274587,9571456,9738400,3397.626,5.921,7018.263,17.884,2.278125047683716,4.999999873689376e-05,57701.046875,-0.04794721677899361,57701.07421875,0.7735797166824341,0.01028329599648714,1.3485749959945679,0.0
2384.666511251264,-252.99538908413277,1340.5989465631644,100.0,56,5600,False,9744000,97440,1740,73b03aedc11d4733ad70480dfb5e4900,2020-03-24_12-16-35,1585052195,10.65330171585083,18446.869381666183,2887,eclipse,137.195.211.213,18446.869381666183,9744000,1740,28,28696714,0.0,0.0,0.0,12.424427944799538,0.9919377502351245,1.4678877134359953,9576960,9744000,3399.854,6.012,7021.169,18.063,2.278125047683716,4.999999873689376e-05,65644.6484375,-0.04508702829480171,65644.671875,0.7525932788848877,0.00916245672851801,1.365963101387024,0.0
2384.666511251264,-500.33946851534415,1279.6980198709703,100.0,56,5600,False,9749600,97496,1741,73b03aedc11d4733ad70480dfb5e4900,2020-03-24_12-16-45,1585052205,10.644201755523682,18457.513583421707,2887,eclipse,137.195.211.213,18457.513583421707,9749600,1741,28,28696714,0.0,0.0,0.0,12.424540764718458,0.9919368550463734,1.4678808219041684,9582464,9749600,3396.885,5.795,7021.814,17.744,2.278125047683716,4.999999873689376e-05,78828.1953125,-0.04726912081241608,78828.203125,0.6757058501243591,0.011040821671485901,1.1536628007888794,0.0
2289.7866795692853,-500.33946851534415,1242.08425104886,100.0,56,5600,False,9755200,97552,1742,73b03aedc11d4733ad70480dfb5e4900,2020-03-24_12-16-56,1585052216,10.593527793884277,18468.10711121559,2887,eclipse,137.195.211.213,18468.10711121559,9755200,1742,28,28696714,0.0,0.0,0.0,12.424661351678296,0.9919350752510121,1.4678779170480527,9587968,9755200,3397.196,5.511,7054.341,16.629,2.278125047683716,4.999999873689376e-05,64480.62109375,-0.04624267667531967,64480.65234375,0.6932816505432129,0.010431444272398949,1.1064770221710205,0.0
2392.090270399088,-291.24413498677336,1358.2008373959754,100.0,56,5600,False,9760800,97608,1743,73b03aedc11d4733ad70480dfb5e4900,2020-03-24_12-17-07,1585052227,10.601685523986816,18478.70879673958,2887,eclipse,137.195.211.213,18478.70879673958,9760800,1743,28,28696714,0.0,0.0,0.0,12.424852249037258,0.9919333670491445,1.467865281645356,9593472,9760800,3389.214,5.812,7091.882,17.025,2.278125047683716,4.999999873689376e-05,66323.953125,-0.04897789657115936,66323.96875,0.779567539691925,0.009690540842711926,1.5138320922851562,0.0
2471.0355978157827,-291.24413498677336,1455.6828344660296,100.0,56,5600,False,9766400,97664,1744,73b03aedc11d4733ad70480dfb5e4900,2020-03-24_12-17-17,1585052237,10.641165971755981,18489.349962711334,2887,eclipse,137.195.211.213,18489.349962711334,9766400,1744,28,28696714,0.01,0.0,1.0,12.42513507912169,0.9919343705238611,1.4678490039760095,9598976,9766400,3384.947,5.804,7125.71,16.809,2.278125047683716,4.999999873689376e-05,60864.91796875,-0.04562407359480858,60864.953125,0.7435646653175354,0.009683105163276196,1.4994852542877197,0.0
2471.0355978157827,-185.54001388181888,1284.8698457054677,100.0,56,5600,False,9772000,97720,1745,73b03aedc11d4733ad70480dfb5e4900,2020-03-24_12-17-28,1585052248,10.659776449203491,18500.009739160538,2887,eclipse,137.195.211.213,18500.009739160538,9772000,1745,28,28696714,0.02,0.0,1.0,12.425289281395058,0.9919412276693859,1.4678324761665362,9604480,9772000,3383.774,5.805,7162.144,17.59,2.278125047683716,4.999999873689376e-05,63733.7734375,-0.05263420194387436,63733.80078125,0.7123369574546814,0.011030934751033783,1.1033244132995605,0.0
2642.460769984785,-185.54001388181888,1297.5587259914741,100.0,56,5600,False,9777600,97776,1746,73b03aedc11d4733ad70480dfb5e4900,2020-03-24_12-17-39,1585052259,10.663438558578491,18510.673177719116,2887,eclipse,137.195.211.213,18510.673177719116,9777600,1746,28,28696714,0.02,0.0,1.0,12.425437000406083,0.9919462291235542,1.4678155393768066,9609984,9777600,3356.848,5.937,7202.368,18.044,2.278125047683716,4.999999873689376e-05,84610.265625,-0.04564225301146507,84610.2890625,0.6446002125740051,0.009922757744789124,1.521228313446045,0.0
2642.460769984785,-49.01150062025446,1274.4593115875052,100.0,56,5600,False,9783200,97832,1747,73b03aedc11d4733ad70480dfb5e4900,2020-03-24_12-17-49,1585052269,10.55247950553894,18521.225657224655,2887,eclipse,137.195.211.213,18521.225657224655,9783200,1747,28,28696714,0.02,0.0,1.0,12.425590298116985,0.9919480830755991,1.4678075507570163,9615488,9783200,3335.207,5.928,7225.147,18.204,2.278125047683716,4.999999873689376e-05,37528.09375,-0.04872393235564232,37528.1171875,0.8352050185203552,0.009283571504056454,1.3808050155639648,0.0
2520.7880264391183,-49.01150062025446,1194.5171004324102,100.0,56,5600,False,9788800,97888,1748,73b03aedc11d4733ad70480dfb5e4900,2020-03-24_12-18-00,1585052280,10.526732921600342,18531.752390146255,2887,eclipse,137.195.211.213,18531.752390146255,9788800,1748,28,28696714,0.03,0.0,1.0,12.425671805505553,0.9919451467849189,1.4678008993589589,9620992,9788800,3316.903,5.855,7210.7,18.26,2.278125047683716,4.999999873689376e-05,67385.0546875,-0.04852478951215744,67385.078125,0.7301501631736755,0.011385503225028515,1.2826604843139648,0.0
2328.2571089065154,-452.4923914747153,1279.3609069478857,100.0,56,5600,False,9794400,97944,1749,73b03aedc11d4733ad70480dfb5e4900,2020-03-24_12-18-10,1585052290,10.529119968414307,18542.28151011467,2887,eclipse,137.195.211.213,18542.28151011467,9794400,1749,28,28696714,0.02,0.0,1.0,12.425817679190164,0.9919397628154687,1.4677973263393504,9626496,9794400,3321.292,5.835,7190.09,18.338,2.278125047683716,4.999999873689376e-05,89475.0703125,-0.04979448392987251,89475.1015625,0.63700270652771,0.00960193295031786,1.6113474369049072,0.0
2391.3754241875417,-452.4923914747153,1248.1617410919148,100.0,56,5600,False,9800000,98000,1750,73b03aedc11d4733ad70480dfb5e4900,2020-03-24_12-18-21,1585052301,10.572969198226929,18552.854479312897,2887,eclipse,137.195.211.213,18552.854479312897,9800000,1750,28,28696714,0.0,0.0,0.0,12.425885418037819,0.9919404349688853,1.467788411388878,9632000,9800000,3308.336,5.838,7195.958,18.325,2.278125047683716,4.999999873689376e-05,69838.9921875,-0.043933331966400146,69839.0,0.7112362384796143,0.01100626215338707,1.2166367769241333,0.0
2391.3754241875417,-49.25023401264375,1321.6356296431886,100.0,56,5600,False,9805600,98056,1751,73b03aedc11d4733ad70480dfb5e4900,2020-03-24_12-18-32,1585052312,10.589260339736938,18563.443739652634,2887,eclipse,137.195.211.213,18563.443739652634,9805600,1751,28,28696714,0.0,0.0,0.0,12.42601117736674,0.9919414272164662,1.4677794217754032,9637504,9805600,3308.521,5.911,7190.892,18.339,2.278125047683716,4.999999873689376e-05,56094.0,-0.0492883063852787,56094.015625,0.746304988861084,0.011117863468825817,1.1393790245056152,0.0
2369.4564163330106,-49.25023401264375,1301.9780568522788,100.0,56,5600,False,9811200,98112,1752,73b03aedc11d4733ad70480dfb5e4900,2020-03-24_12-18-42,1585052322,10.611858367919922,18574.055598020554,2887,eclipse,137.195.211.213,18574.055598020554,9811200,1752,28,28696714,0.0,0.0,0.0,12.426147069139942,0.9919378608944953,1.4677776723544236,9643008,9811200,3304.931,6.088,7193.952,19.658,2.278125047683716,4.999999873689376e-05,59233.2890625,-0.04754599183797836,59233.3125,0.7724640369415283,0.009427335113286972,1.48758864402771,0.0
2343.3686408872213,-42.872480485183516,1302.045926970167,100.0,56,5600,False,9816800,98168,1753,73b03aedc11d4733ad70480dfb5e4900,2020-03-24_12-18-53,1585052333,10.529680013656616,18584.58527803421,2887,eclipse,137.195.211.213,18584.58527803421,9816800,1753,28,28696714,0.0,0.0,0.0,12.426224146681365,0.9919298815961268,1.467764194432384,9648512,9816800,3300.188,6.413,7190.138,19.193,2.278125047683716,4.999999873689376e-05,54802.703125,-0.0425087995827198,54802.71484375,0.7816093564033508,0.01008314173668623,1.2361533641815186,0.0
2337.5666134654916,-48.092451927053766,1250.8954095424674,100.0,56,5600,False,9822400,98224,1754,73b03aedc11d4733ad70480dfb5e4900,2020-03-24_12-19-03,1585052343,10.585261821746826,18595.170539855957,2887,eclipse,137.195.211.213,18595.170539855957,9822400,1754,28,28696714,0.0,0.0,0.0,12.426266886313337,0.9919273637713328,1.4677510857596296,9654016,9822400,3299.861,6.426,7181.853,18.8,2.278125047683716,4.999999873689376e-05,56852.609375,-0.05456185340881348,56852.640625,0.7669774293899536,0.01146555133163929,1.4209790229797363,0.0
2409.0544808676946,-419.3935461052801,1313.8673057567287,100.0,56,5600,False,9828000,98280,1755,73b03aedc11d4733ad70480dfb5e4900,2020-03-24_12-19-14,1585052354,10.590099573135376,18605.760639429092,2887,eclipse,137.195.211.213,18605.760639429092,9828000,1755,28,28696714,0.0,0.0,0.0,12.42638816673719,0.9919212412234153,1.4677342807882485,9659520,9828000,3296.532,6.34,7178.182,18.451,2.278125047683716,4.999999873689376e-05,56019.62890625,-0.05065207555890083,56019.65625,0.806560754776001,0.01020418293774128,1.513053059577942,0.0
2409.0544808676946,-419.3935461052801,1268.920704647059,100.0,56,5600,False,9833600,98336,1756,73b03aedc11d4733ad70480dfb5e4900,2020-03-24_12-19-25,1585052365,10.550641059875488,18616.311280488968,2887,eclipse,137.195.211.213,18616.311280488968,9833600,1756,28,28696714,0.0,0.0,0.0,12.426498008265263,0.9919142428580673,1.46772969200628,9665024,9833600,3286.9,6.231,7176.976,18.419,2.278125047683716,4.999999873689376e-05,61318.6640625,-0.04778832197189331,61318.69140625,0.7540513873100281,0.008592822588980198,1.4682421684265137,0.0
2992.404676704231,-341.41572667320406,1347.2928379185073,100.0,56,5600,False,9839200,98392,1757,73b03aedc11d4733ad70480dfb5e4900,2020-03-24_12-19-35,1585052375,10.55418348312378,18626.86546397209,2887,eclipse,137.195.211.213,18626.86546397209,9839200,1757,28,28696714,0.01,0.0,1.0,12.426673844583656,0.9919027050035413,1.4677264840879303,9670528,9839200,3287.835,6.021,7177.07,17.239,2.278125047683716,4.999999873689376e-05,92690.0546875,-0.04793514311313629,92690.078125,0.6046361923217773,0.010322848334908485,1.3830586671829224,0.0
2246.4122938753017,-341.41572667320406,1256.8722323346228,100.0,56,5600,False,9844800,98448,1758,73b03aedc11d4733ad70480dfb5e4900,2020-03-24_12-19-46,1585052386,10.594192028045654,18637.459656000137,2887,eclipse,137.195.211.213,18637.459656000137,9844800,1758,28,28696714,0.01,0.0,1.0,12.426795883661512,0.9919023283466095,1.4677146199057847,9676032,9844800,3285.195,6.021,7188.303,16.799,2.278125047683716,4.999999873689376e-05,78306.0703125,-0.04793774336576462,78306.09375,0.6702390909194946,0.011285482905805111,1.0342090129852295,0.0
2316.8516373906423,-280.73850611851753,1298.006841746165,100.0,56,5600,False,9850400,98504,1759,73b03aedc11d4733ad70480dfb5e4900,2020-03-24_12-19-57,1585052397,10.685935020446777,18648.145591020584,2887,eclipse,137.195.211.213,18648.145591020584,9850400,1759,28,28696714,0.0,0.0,0.0,12.426984595407726,0.9919014069500477,1.4677040466624223,9681536,9850400,3283.454,6.01,7207.893,16.742,2.278125047683716,4.999999873689376e-05,71018.078125,-0.056258395314216614,71018.109375,0.6759179830551147,0.011334114708006382,1.1545506715774536,0.0
2316.8516373906423,-280.73850611851753,1339.5484113473576,100.0,56,5600,False,9856000,98560,1760,73b03aedc11d4733ad70480dfb5e4900,2020-03-24_12-20-07,1585052407,10.473806142807007,18658.61939716339,2887,eclipse,137.195.211.213,18658.61939716339,9856000,1760,28,28696714,0.0,0.0,0.0,12.42712635361284,0.9918915687943319,1.4676891571139437,9687040,9856000,3292.985,5.717,7188.418,16.856,2.278125047683716,4.999999873689376e-05,55718.34765625,-0.05185529962182045,55718.37109375,0.7989229559898376,0.011552002280950546,1.511742115020752,0.0
2259.655930129837,-179.90405816912264,1370.6439966569556,100.0,56,5600,False,9861600,98616,1761,73b03aedc11d4733ad70480dfb5e4900,2020-03-24_12-20-18,1585052418,10.329370498657227,18668.94876766205,2887,eclipse,137.195.211.213,18668.94876766205,9861600,1761,28,28696714,0.0,0.0,0.0,12.427336121113811,0.9918935850697733,1.4676967497668971,9692544,9861600,3299.297,5.881,7156.196,16.539,2.278125047683716,4.999999873689376e-05,63791.44140625,-0.04895106703042984,63791.4609375,0.7255954742431641,0.011275949887931347,1.3982479572296143,0.0
2370.579906380566,-47.521565580577565,1354.363287036906,100.0,56,5600,False,9867200,98672,1762,73b03aedc11d4733ad70480dfb5e4900,2020-03-24_12-20-28,1585052428,10.446612358093262,18679.39538002014,2887,eclipse,137.195.211.213,18679.39538002014,9867200,1762,28,28696714,0.01,0.0,1.0,12.427634300859404,0.991904249146027,1.4677273699853408,9698048,9867200,3315.659,5.925,7126.115,16.15,2.278125047683716,4.999999873689376e-05,62939.82421875,-0.04752851650118828,62939.84765625,0.7449533343315125,0.01177685521543026,1.329416275024414,0.0
2416.743309077692,-48.24909014120104,1348.6658917937339,100.0,56,5600,False,9872800,98728,1763,73b03aedc11d4733ad70480dfb5e4900,2020-03-24_12-20-38,1585052438,10.309873342514038,18689.705253362656,2887,eclipse,137.195.211.213,18689.705253362656,9872800,1763,28,28696714,0.02,0.0,1.0,12.427956896696179,0.9919123517043462,1.4677636394784725,9703552,9872800,3328.878,5.738,7091.516,17.129,2.278125047683716,4.999999873689376e-05,60186.91796875,-0.04813295230269432,60186.9375,0.7360051274299622,0.009674596600234509,1.5546717643737793,0.0
2367.4791805142854,-342.6356129977044,1330.0321485256243,100.0,56,5600,False,9878400,98784,1764,73b03aedc11d4733ad70480dfb5e4900,2020-03-24_12-20-49,1585052449,10.65076470375061,18700.356018066406,2887,eclipse,137.195.211.213,18700.356018066406,9878400,1764,28,28696714,0.01,0.0,1.0,12.428284525335853,0.9919395148807493,1.467792763851564,9709056,9878400,3346.552,5.781,7081.886,17.323,2.278125047683716,4.999999873689376e-05,58400.90234375,-0.04655661806464195,58400.9296875,0.7455198764801025,0.009805604815483093,1.4638208150863647,0.0
2305.7718089296136,-342.6356129977044,1218.8462515436845,100.0,56,5600,False,9884000,98840,1765,73b03aedc11d4733ad70480dfb5e4900,2020-03-24_12-20-59,1585052459,10.304595947265625,18710.660614013672,2887,eclipse,137.195.211.213,18710.660614013672,9884000,1765,28,28696714,0.0,0.0,0.0,12.42847275566366,0.991963518415665,1.4678219849611867,9714560,9884000,3357.116,5.838,7045.112,16.82,2.278125047683716,4.999999873689376e-05,77102.8828125,-0.04510274529457092,77102.8984375,0.6912998557090759,0.01016373373568058,1.3999541997909546,0.0
2305.7718089296136,-44.23325934224216,1309.3911608089863,100.0,56,5600,False,9889600,98896,1766,73b03aedc11d4733ad70480dfb5e4900,2020-03-24_12-21-10,1585052470,10.751979351043701,18721.412593364716,2887,eclipse,137.195.211.213,18721.412593364716,9889600,1766,28,28696714,0.0,0.0,0.0,12.42881929869095,0.9919857014032121,1.4678666124269732,9720064,9889600,3372.552,5.787,7049.654,16.933,2.278125047683716,4.999999873689376e-05,63456.4296875,-0.0502689927816391,63456.44140625,0.7171292901039124,0.011595716699957848,1.3324156999588013,0.0
2492.597422578231,-50.659087533630654,1249.0420026857144,100.0,56,5600,False,9895200,98952,1767,73b03aedc11d4733ad70480dfb5e4900,2020-03-24_12-21-21,1585052481,10.659847974777222,18732.072441339493,2887,eclipse,137.195.211.213,18732.072441339493,9895200,1767,28,28696714,0.0,0.0,0.0,12.429028565870253,0.9920022939788262,1.4678884221193416,9725568,9895200,3373.963,5.718,7058.588,17.89,2.278125047683716,4.999999873689376e-05,86281.2421875,-0.04376567527651787,86281.2578125,0.6645049452781677,0.010543186217546463,1.2191277742385864,0.0
2492.597422578231,-414.0858292244591,1183.020539659641,100.0,56,5600,False,9900800,99008,1768,73b03aedc11d4733ad70480dfb5e4900,2020-03-24_12-21-31,1585052491,10.535065650939941,18742.607506990433,2887,eclipse,137.195.211.213,18742.607506990433,9900800,1768,28,28696714,0.0,0.0,0.0,12.429040871226384,0.9920009426110385,1.467884900102269,9731072,9900800,3368.262,5.837,7057.938,18.353,2.278125047683716,4.999999873689376e-05,68423.65625,-0.051168929785490036,68423.671875,0.7438299655914307,0.010315977968275547,1.3605692386627197,0.0
2344.6983053102585,-414.0858292244591,1282.1878835636378,100.0,56,5600,False,9906400,99064,1769,73b03aedc11d4733ad70480dfb5e4900,2020-03-24_12-21-42,1585052502,10.677799463272095,18753.285306453705,2887,eclipse,137.195.211.213,18753.285306453705,9906400,1769,28,28696714,0.0,0.0,0.0,12.429151793818438,0.9919966631365008,1.4678837904230546,9736576,9906400,3363.742,5.853,7060.244,18.432,2.278125047683716,4.999999873689376e-05,73903.96875,-0.047989536076784134,73903.9921875,0.6762195229530334,0.010910695418715477,1.1891671419143677,0.0
2344.6983053102585,-48.90706800500938,1268.942514774161,100.0,56,5600,False,9912000,99120,1770,73b03aedc11d4733ad70480dfb5e4900,2020-03-24_12-21-53,1585052513,10.471145868301392,18763.756452322006,2887,eclipse,137.195.211.213,18763.756452322006,9912000,1770,28,28696714,0.0,0.0,0.0,12.429281272063058,0.9919878013823424,1.4678822678716812,9742080,9912000,3358.958,6.118,7065.154,18.311,2.278125047683716,4.999999873689376e-05,58904.453125,-0.050852220505476,58904.4765625,0.7197299599647522,0.011141696013510227,1.2370301485061646,0.0
2283.5730312953247,-179.1808052910303,1035.529539842611,100.0,56,5600,False,9917600,99176,1771,73b03aedc11d4733ad70480dfb5e4900,2020-03-24_12-22-03,1585052523,10.50754451751709,18774.263996839523,2887,eclipse,137.195.211.213,18774.263996839523,9917600,1771,28,28696714,0.0,0.0,0.0,12.42928208087766,0.9919875436132279,1.467888323832949,9747584,9917600,3347.089,6.078,7094.613,18.522,2.278125047683716,4.999999873689376e-05,69468.2578125,-0.049985066056251526,69468.3046875,0.6792585849761963,0.010954069904983044,1.2855076789855957,0.0
2403.934374216553,-179.1808052910303,1134.983342906194,100.0,56,5600,False,9923200,99232,1772,73b03aedc11d4733ad70480dfb5e4900,2020-03-24_12-22-14,1585052534,10.623451471328735,18784.887448310852,2887,eclipse,137.195.211.213,18784.887448310852,9923200,1772,28,28696714,0.0,0.0,0.0,12.42937902789603,0.9919945022229827,1.4678868943689443,9753088,9923200,3332.72,6.018,7126.746,17.843,2.278125047683716,4.999999873689376e-05,60655.5234375,-0.05188046395778656,60655.55859375,0.7249407172203064,0.009247532114386559,1.7783215045928955,0.0
2403.934374216553,-518.125305966857,1301.5214687003586,100.0,56,5600,False,9928800,99288,1773,73b03aedc11d4733ad70480dfb5e4900,2020-03-24_12-22-24,1585052544,10.569109916687012,18795.45655822754,2887,eclipse,137.195.211.213,18795.45655822754,9928800,1773,28,28696714,0.0,0.0,0.0,12.429553389184854,0.9919933667328823,1.4678748260037895,9758592,9928800,3317.706,5.831,7165.995,17.594,2.278125047683716,4.999999873689376e-05,76354.234375,-0.04949003458023071,76354.2578125,0.695755124092102,0.009379975497722626,1.4421467781066895,0.0
2405.1653757018216,-518.125305966857,1301.5973488101677,100.0,56,5600,False,9934400,99344,1774,73b03aedc11d4733ad70480dfb5e4900,2020-03-24_12-22-35,1585052555,10.58508825302124,18806.04164648056,2887,eclipse,137.195.211.213,18806.04164648056,9934400,1774,28,28696714,0.0,0.0,0.0,12.429680062375372,0.9919935654300541,1.4678617000113707,9764096,9934400,3301.247,5.811,7176.898,17.842,2.278125047683716,4.999999873689376e-05,39523.69921875,-0.047278787940740585,39523.72265625,0.8443538546562195,0.010141102597117424,1.5624611377716064,0.0
2405.1653757018216,-58.6824477650069,1316.7856568117634,100.0,56,5600,False,9940000,99400,1775,73b03aedc11d4733ad70480dfb5e4900,2020-03-24_12-22-46,1585052566,10.653555870056152,18816.695202350616,2887,eclipse,137.195.211.213,18816.695202350616,9940000,1775,28,28696714,0.0,0.0,0.0,12.4298175068091,0.9919893652743818,1.4678451842191726,9769600,9940000,3295.983,5.815,7214.902,18.653,2.278125047683716,4.999999873689376e-05,55126.15625,-0.04265576973557472,55126.1875,0.7700605988502502,0.009704545140266418,1.2921501398086548,0.0
2302.7839889311867,-542.2514596480905,1191.642612625938,100.0,56,5600,False,9945600,99456,1776,73b03aedc11d4733ad70480dfb5e4900,2020-03-24_12-22-56,1585052576,10.608697652816772,18827.303900003433,2887,eclipse,137.195.211.213,18827.303900003433,9945600,1776,28,28696714,0.0,0.0,0.0,12.42988886447079,0.9919870654828478,1.467836947452695,9775104,9945600,3278.776,5.823,7217.14,18.447,2.278125047683716,4.999999873689376e-05,57880.6875,-0.04536568745970726,57880.703125,0.7485309839248657,0.01043781079351902,1.6384990215301514,0.0
3123.021468436549,-542.2514596480905,1252.4067338617806,100.0,56,5600,False,9951200,99512,1777,73b03aedc11d4733ad70480dfb5e4900,2020-03-24_12-23-07,1585052587,10.583703517913818,18837.887603521347,2887,eclipse,137.195.211.213,18837.887603521347,9951200,1777,28,28696714,0.01,0.0,1.0,12.430016779725257,0.9919856175940178,1.4678398278017801,9780608,9951200,3280.716,6.004,7208.333,18.575,2.278125047683716,4.999999873689376e-05,87448.8203125,-0.050725456327199936,87448.8515625,0.6449773907661438,0.009834930300712585,1.379439353942871,0.0
3123.021468436549,-484.8191403908907,1222.262543558212,100.0,56,5600,False,9956800,99568,1778,73b03aedc11d4733ad70480dfb5e4900,2020-03-24_12-23-18,1585052598,10.571163654327393,18848.458767175674,2887,eclipse,137.195.211.213,18848.458767175674,9956800,1778,28,28696714,0.02,0.0,1.0,12.430056825796832,0.9919867334531847,1.4678333284204508,9786112,9956800,3281.719,6.117,7210.723,17.731,2.278125047683716,4.999999873689376e-05,67747.9140625,-0.0518047921359539,67747.9453125,0.717140793800354,0.009852882474660873,1.1428980827331543,0.0
2304.232816513806,-50.75703240038807,1131.1310886109231,100.0,56,5600,False,9962400,99624,1779,73b03aedc11d4733ad70480dfb5e4900,2020-03-24_12-23-28,1585052608,10.559683799743652,18859.018450975418,2887,eclipse,137.195.211.213,18859.018450975418,9962400,1779,28,28696714,0.01,0.0,1.0,12.429993500429946,0.9919861079414466,1.4678213935902118,9791616,9962400,3276.399,6.08,7204.609,17.744,2.278125047683716,4.999999873689376e-05,74111.359375,-0.0486861988902092,74111.390625,0.6907018423080444,0.010732886381447315,1.2072265148162842,0.0
2410.695261761399,-50.75703240038807,1289.9757558029476,100.0,56,5600,False,9968000,99680,1780,73b03aedc11d4733ad70480dfb5e4900,2020-03-24_12-23-39,1585052619,10.52672266960144,18869.54517364502,2887,eclipse,137.195.211.213,18869.54517364502,9968000,1780,28,28696714,0.0,0.0,0.0,12.430072785328822,0.9919815936073142,1.467810066552554,9797120,9968000,3282.471,6.062,7202.257,17.949,2.278125047683716,4.999999873689376e-05,65878.3984375,-0.047700926661491394,65878.421875,0.7132649421691895,0.009878392331302166,1.4487367868423462,0.0
2451.766395237273,-113.21778071512529,1249.7432637441511,100.0,56,5600,False,9973600,99736,1781,73b03aedc11d4733ad70480dfb5e4900,2020-03-24_12-23-49,1585052629,10.419376134872437,18879.964549779892,2887,eclipse,137.195.211.213,18879.964549779892,9973600,1781,28,28696714,0.0,0.0,0.0,12.430177782754976,0.9919802019041444,1.467804809592251,9802624,9973600,3284.323,6.135,7191.345,18.339,2.278125047683716,4.999999873689376e-05,62554.3359375,-0.04772188514471054,62554.35546875,0.7421979904174805,0.01253250427544117,1.0498021841049194,0.0
2451.766395237273,-113.21778071512529,1293.1036189869938,100.0,56,5600,False,9979200,99792,1782,73b03aedc11d4733ad70480dfb5e4900,2020-03-24_12-24-00,1585052640,10.633540391921997,18890.598090171814,2887,eclipse,137.195.211.213,18890.598090171814,9979200,1782,28,28696714,0.0,0.0,0.0,12.43027241798237,0.9919762957622317,1.4678031978346178,9808128,9979200,3286.287,6.162,7188.864,18.962,2.278125047683716,4.999999873689376e-05,62735.5,-0.04582594707608223,62735.52734375,0.7661492824554443,0.010053317993879318,1.4168498516082764,0.0
2278.0944634859943,-54.909015425540815,1344.862988150502,100.0,56,5600,False,9984800,99848,1783,73b03aedc11d4733ad70480dfb5e4900,2020-03-24_12-24-11,1585052651,10.604081392288208,18901.202171564102,2887,eclipse,137.195.211.213,18901.202171564102,9984800,1783,28,28696714,0.0,0.0,0.0,12.430408074442093,0.991973567798494,1.4677988828475632,9813632,9984800,3289.659,6.205,7190.163,18.97,2.278125047683716,4.999999873689376e-05,61801.12890625,-0.04747947305440903,61801.15234375,0.7412613034248352,0.00952994730323553,1.244357943534851,0.0
2375.280381670398,-47.09769842569913,1223.72854939035,100.0,56,5600,False,9990400,99904,1784,73b03aedc11d4733ad70480dfb5e4900,2020-03-24_12-24-21,1585052661,10.650940895080566,18911.853112459183,2887,eclipse,137.195.211.213,18911.853112459183,9990400,1784,28,28696714,0.0,0.0,0.0,12.430565253538916,0.991974785858497,1.4677887243148893,9819136,9990400,3288.072,6.187,7195.51,19.079,2.278125047683716,4.999999873689376e-05,66118.203125,-0.04391742870211601,66118.2265625,0.7218741178512573,0.011897865682840347,1.255309820175171,0.0
2375.280381670398,-252.62362812504819,1207.7959339516738,100.0,56,5600,False,9996000,99960,1785,73b03aedc11d4733ad70480dfb5e4900,2020-03-24_12-24-32,1585052672,10.696772813796997,18922.54988527298,2887,eclipse,137.195.211.213,18922.54988527298,9996000,1785,28,28696714,0.0,0.0,0.0,12.430669691357057,0.9919777375812032,1.4677757414919563,9824640,9996000,3287.866,6.201,7198.843,19.085,2.278125047683716,4.999999873689376e-05,54321.57421875,-0.053072404116392136,54321.59765625,0.8008186221122742,0.010801414027810097,1.3242329359054565,0.0
2467.1261367089146,-252.62362812504819,1284.3185127273778,100.0,56,5600,True,10001600,100016,1786,73b03aedc11d4733ad70480dfb5e4900,2020-03-24_12-24-42,1585052682,10.503931760787964,18933.053817033768,2887,eclipse,137.195.211.213,18933.053817033768,10001600,1786,28,28696714,0.0,0.0,0.0,12.430743219969393,0.991974510091946,1.4677647082825411,9830144,10001600,3287.506,5.904,7189.033,19.074,2.278125047683716,4.999999873689376e-05,61227.99609375,-0.0445333793759346,61228.00390625,0.7633137106895447,0.010359201580286026,1.4923328161239624,0.0
